date_time,temp_C,Code,Latitude,Longitude,Timezone,Description,Waterbody Name,Waterbody Type,Placement,Well-mixed,Active,Reference URL,Private
2022-07-06T20:15:00Z,13.088,beaver_creek_usgs_temp_3,60.65107,-151.09076,US/Alaska (UTC-9 / UTC-8),"west fork beaver creek, upstream of marathon road",Beaver Creek,STREAM,MAIN,TRUE,TRUE,TBD,FALSE
2022-07-06T20:30:00Z,13.088,beaver_creek_usgs_temp_3,60.65107,-151.09076,US/Alaska (UTC-9 / UTC-8),"west fork beaver creek, upstream of marathon road",Beaver Creek,STREAM,MAIN,TRUE,TRUE,TBD,FALSE
2022-07-06T20:45:00Z,13.088,beaver_creek_usgs_temp_3,60.65107,-151.09076,US/Alaska (UTC-9 / UTC-8),"west fork beaver creek, upstream of marathon road",Beaver Creek,STREAM,MAIN,TRUE,TRUE,TBD,FALSE
2022-07-06T21:00:00Z,13.064,beaver_creek_usgs_temp_3,60.65107,-151.09076,US/Alaska (UTC-9 / UTC-8),"west fork beaver creek, upstream of marathon road",Beaver Creek,STREAM,MAIN,TRUE,TRUE,TBD,FALSE
2022-07-06T21:15:00Z,13.064,beaver_creek_usgs_temp_3,60.65107,-151.09076,US/Alaska (UTC-9 / UTC-8),"west fork beaver creek, upstream of marathon road",Beaver Creek,STREAM,MAIN,TRUE,TRUE,TBD,FALSE
2022-07-06T21:30:00Z,13.04,beaver_creek_usgs_temp_3,60.65107,-151.09076,US/Alaska (UTC-9 / UTC-8),"west fork beaver creek, upstream of marathon road",Beaver Creek,STREAM,MAIN,TRUE,TRUE,TBD,FALSE
2022-07-06T21:45:00Z,13.04,beaver_creek_usgs_temp_3,60.65107,-151.09076,US/Alaska (UTC-9 / UTC-8),"west fork beaver creek, upstream of marathon road",Beaver Creek,STREAM,MAIN,TRUE,TRUE,TBD,FALSE
2022-07-06T22:00:00Z,13.04,beaver_creek_usgs_temp_3,60.65107,-151.09076,US/Alaska (UTC-9 / UTC-8),"west fork beaver creek, upstream of marathon road",Beaver Creek,STREAM,MAIN,TRUE,TRUE,TBD,FALSE
2022-07-06T22:15:00Z,13.04,beaver_creek_usgs_temp_3,60.65107,-151.09076,US/Alaska (UTC-9 / UTC-8),"west fork beaver creek, upstream of marathon road",Beaver Creek,STREAM,MAIN,TRUE,TRUE,TBD,FALSE
2022-07-06T22:30:00Z,13.016,beaver_creek_usgs_temp_3,60.65107,-151.09076,US/Alaska (UTC-9 / UTC-8),"west fork beaver creek, upstream of marathon road",Beaver Creek,STREAM,MAIN,TRUE,TRUE,TBD,FALSE
2022-07-06T22:45:00Z,13.016,beaver_creek_usgs_temp_3,60.65107,-151.09076,US/Alaska (UTC-9 / UTC-8),"west fork beaver creek, upstream of marathon road",Beaver Creek,STREAM,MAIN,TRUE,TRUE,TBD,FALSE
2022-07-06T23:00:00Z,13.016,beaver_creek_usgs_temp_3,60.65107,-151.09076,US/Alaska (UTC-9 / UTC-8),"west fork beaver creek, upstream of marathon road",Beaver Creek,STREAM,MAIN,TRUE,TRUE,TBD,FALSE
2022-07-06T23:15:00Z,12.992,beaver_creek_usgs_temp_3,60.65107,-151.09076,US/Alaska (UTC-9 / UTC-8),"west fork beaver creek, upstream of marathon road",Beaver Creek,STREAM,MAIN,TRUE,TRUE,TBD,FALSE
2022-07-06T23:30:00Z,12.992,beaver_creek_usgs_temp_3,60.65107,-151.09076,US/Alaska (UTC-9 / UTC-8),"west fork beaver creek, upstream of marathon road",Beaver Creek,STREAM,MAIN,TRUE,TRUE,TBD,FALSE
2022-07-06T23:45:00Z,12.992,beaver_creek_usgs_temp_3,60.65107,-151.09076,US/Alaska (UTC-9 / UTC-8),"west fork beaver creek, upstream of marathon road",Beaver Creek,STREAM,MAIN,TRUE,TRUE,TBD,FALSE
2022-07-07T00:00:00Z,12.992,beaver_creek_usgs_temp_3,60.65107,-151.09076,US/Alaska (UTC-9 / UTC-8),"west fork beaver creek, upstream of marathon road",Beaver Creek,STREAM,MAIN,TRUE,TRUE,TBD,FALSE
2022-07-07T00:15:00Z,12.968,beaver_creek_usgs_temp_3,60.65107,-151.09076,US/Alaska (UTC-9 / UTC-8),"west fork beaver creek, upstream of marathon road",Beaver Creek,STREAM,MAIN,TRUE,TRUE,TBD,FALSE
2022-07-07T00:30:00Z,12.968,beaver_creek_usgs_temp_3,60.65107,-151.09076,US/Alaska (UTC-9 / UTC-8),"west fork beaver creek, upstream of marathon road",Beaver Creek,STREAM,MAIN,TRUE,TRUE,TBD,FALSE
2022-07-07T00:45:00Z,12.968,beaver_creek_usgs_temp_3,60.65107,-151.09076,US/Alaska (UTC-9 / UTC-8),"west fork beaver creek, upstream of marathon road",Beaver Creek,STREAM,MAIN,TRUE,TRUE,TBD,FALSE
2022-07-07T01:00:00Z,12.968,beaver_creek_usgs_temp_3,60.65107,-151.09076,US/Alaska (UTC-9 / UTC-8),"west fork beaver creek, upstream of marathon road",Beaver Creek,STREAM,MAIN,TRUE,TRUE,TBD,FALSE
2022-07-07T01:15:00Z,12.944,beaver_creek_usgs_temp_3,60.65107,-151.09076,US/Alaska (UTC-9 / UTC-8),"west fork beaver creek, upstream of marathon road",Beaver Creek,STREAM,MAIN,TRUE,TRUE,TBD,FALSE
2022-07-07T01:30:00Z,12.944,beaver_creek_usgs_temp_3,60.65107,-151.09076,US/Alaska (UTC-9 / UTC-8),"west fork beaver creek, upstream of marathon road",Beaver Creek,STREAM,MAIN,TRUE,TRUE,TBD,FALSE
2022-07-07T01:45:00Z,12.944,beaver_creek_usgs_temp_3,60.65107,-151.09076,US/Alaska (UTC-9 / UTC-8),"west fork beaver creek, upstream of marathon road",Beaver Creek,STREAM,MAIN,TRUE,TRUE,TBD,FALSE
2022-07-07T02:00:00Z,12.944,beaver_creek_usgs_temp_3,60.65107,-151.09076,US/Alaska (UTC-9 / UTC-8),"west fork beaver creek, upstream of marathon road",Beaver Creek,STREAM,MAIN,TRUE,TRUE,TBD,FALSE
2022-07-07T02:15:00Z,12.944,beaver_creek_usgs_temp_3,60.65107,-151.09076,US/Alaska (UTC-9 / UTC-8),"west fork beaver creek, upstream of marathon road",Beaver Creek,STREAM,MAIN,TRUE,TRUE,TBD,FALSE
2022-07-07T02:30:00Z,12.944,beaver_creek_usgs_temp_3,60.65107,-151.09076,US/Alaska (UTC-9 / UTC-8),"west fork beaver creek, upstream of marathon road",Beaver Creek,STREAM,MAIN,TRUE,TRUE,TBD,FALSE
2022-07-07T02:45:00Z,12.944,beaver_creek_usgs_temp_3,60.65107,-151.09076,US/Alaska (UTC-9 / UTC-8),"west fork beaver creek, upstream of marathon road",Beaver Creek,STREAM,MAIN,TRUE,TRUE,TBD,FALSE
2022-07-07T03:00:00Z,12.92,beaver_creek_usgs_temp_3,60.65107,-151.09076,US/Alaska (UTC-9 / UTC-8),"west fork beaver creek, upstream of marathon road",Beaver Creek,STREAM,MAIN,TRUE,TRUE,TBD,FALSE
2022-07-07T03:15:00Z,12.92,beaver_creek_usgs_temp_3,60.65107,-151.09076,US/Alaska (UTC-9 / UTC-8),"west fork beaver creek, upstream of marathon road",Beaver Creek,STREAM,MAIN,TRUE,TRUE,TBD,FALSE
2022-07-07T03:30:00Z,12.92,beaver_creek_usgs_temp_3,60.65107,-151.09076,US/Alaska (UTC-9 / UTC-8),"west fork beaver creek, upstream of marathon road",Beaver Creek,STREAM,MAIN,TRUE,TRUE,TBD,FALSE
2022-07-07T03:45:00Z,12.896,beaver_creek_usgs_temp_3,60.65107,-151.09076,US/Alaska (UTC-9 / UTC-8),"west fork beaver creek, upstream of marathon road",Beaver Creek,STREAM,MAIN,TRUE,TRUE,TBD,FALSE
2022-07-07T04:00:00Z,12.896,beaver_creek_usgs_temp_3,60.65107,-151.09076,US/Alaska (UTC-9 / UTC-8),"west fork beaver creek, upstream of marathon road",Beaver Creek,STREAM,MAIN,TRUE,TRUE,TBD,FALSE
2022-07-07T04:15:00Z,12.896,beaver_creek_usgs_temp_3,60.65107,-151.09076,US/Alaska (UTC-9 / UTC-8),"west fork beaver creek, upstream of marathon road",Beaver Creek,STREAM,MAIN,TRUE,TRUE,TBD,FALSE
2022-07-07T04:30:00Z,12.896,beaver_creek_usgs_temp_3,60.65107,-151.09076,US/Alaska (UTC-9 / UTC-8),"west fork beaver creek, upstream of marathon road",Beaver Creek,STREAM,MAIN,TRUE,TRUE,TBD,FALSE
2022-07-07T04:45:00Z,12.896,beaver_creek_usgs_temp_3,60.65107,-151.09076,US/Alaska (UTC-9 / UTC-8),"west fork beaver creek, upstream of marathon road",Beaver Creek,STREAM,MAIN,TRUE,TRUE,TBD,FALSE
2022-07-07T05:00:00Z,12.896,beaver_creek_usgs_temp_3,60.65107,-151.09076,US/Alaska (UTC-9 / UTC-8),"west fork beaver creek, upstream of marathon road",Beaver Creek,STREAM,MAIN,TRUE,TRUE,TBD,FALSE
2022-07-07T05:15:00Z,12.92,beaver_creek_usgs_temp_3,60.65107,-151.09076,US/Alaska (UTC-9 / UTC-8),"west fork beaver creek, upstream of marathon road",Beaver Creek,STREAM,MAIN,TRUE,TRUE,TBD,FALSE
2022-07-07T05:30:00Z,12.968,beaver_creek_usgs_temp_3,60.65107,-151.09076,US/Alaska (UTC-9 / UTC-8),"west fork beaver creek, upstream of marathon road",Beaver Creek,STREAM,MAIN,TRUE,TRUE,TBD,FALSE
2022-07-07T05:45:00Z,13.016,beaver_creek_usgs_temp_3,60.65107,-151.09076,US/Alaska (UTC-9 / UTC-8),"west fork beaver creek, upstream of marathon road",Beaver Creek,STREAM,MAIN,TRUE,TRUE,TBD,FALSE
2022-07-07T06:00:00Z,13.088,beaver_creek_usgs_temp_3,60.65107,-151.09076,US/Alaska (UTC-9 / UTC-8),"west fork beaver creek, upstream of marathon road",Beaver Creek,STREAM,MAIN,TRUE,TRUE,TBD,FALSE
2022-07-07T06:15:00Z,13.137,beaver_creek_usgs_temp_3,60.65107,-151.09076,US/Alaska (UTC-9 / UTC-8),"west fork beaver creek, upstream of marathon road",Beaver Creek,STREAM,MAIN,TRUE,TRUE,TBD,FALSE
2022-07-07T06:30:00Z,13.281,beaver_creek_usgs_temp_3,60.65107,-151.09076,US/Alaska (UTC-9 / UTC-8),"west fork beaver creek, upstream of marathon road",Beaver Creek,STREAM,MAIN,TRUE,TRUE,TBD,FALSE
2022-07-07T06:45:00Z,13.425,beaver_creek_usgs_temp_3,60.65107,-151.09076,US/Alaska (UTC-9 / UTC-8),"west fork beaver creek, upstream of marathon road",Beaver Creek,STREAM,MAIN,TRUE,TRUE,TBD,FALSE
2022-07-07T07:00:00Z,13.522,beaver_creek_usgs_temp_3,60.65107,-151.09076,US/Alaska (UTC-9 / UTC-8),"west fork beaver creek, upstream of marathon road",Beaver Creek,STREAM,MAIN,TRUE,TRUE,TBD,FALSE
2022-07-07T07:15:00Z,13.594,beaver_creek_usgs_temp_3,60.65107,-151.09076,US/Alaska (UTC-9 / UTC-8),"west fork beaver creek, upstream of marathon road",Beaver Creek,STREAM,MAIN,TRUE,TRUE,TBD,FALSE
2022-07-07T07:30:00Z,13.642,beaver_creek_usgs_temp_3,60.65107,-151.09076,US/Alaska (UTC-9 / UTC-8),"west fork beaver creek, upstream of marathon road",Beaver Creek,STREAM,MAIN,TRUE,TRUE,TBD,FALSE
2022-07-07T07:45:00Z,13.69,beaver_creek_usgs_temp_3,60.65107,-151.09076,US/Alaska (UTC-9 / UTC-8),"west fork beaver creek, upstream of marathon road",Beaver Creek,STREAM,MAIN,TRUE,TRUE,TBD,FALSE
2022-07-07T08:00:00Z,13.714,beaver_creek_usgs_temp_3,60.65107,-151.09076,US/Alaska (UTC-9 / UTC-8),"west fork beaver creek, upstream of marathon road",Beaver Creek,STREAM,MAIN,TRUE,TRUE,TBD,FALSE
2022-07-07T08:15:00Z,13.738,beaver_creek_usgs_temp_3,60.65107,-151.09076,US/Alaska (UTC-9 / UTC-8),"west fork beaver creek, upstream of marathon road",Beaver Creek,STREAM,MAIN,TRUE,TRUE,TBD,FALSE
2022-07-07T08:30:00Z,13.762,beaver_creek_usgs_temp_3,60.65107,-151.09076,US/Alaska (UTC-9 / UTC-8),"west fork beaver creek, upstream of marathon road",Beaver Creek,STREAM,MAIN,TRUE,TRUE,TBD,FALSE
2022-07-07T08:45:00Z,13.762,beaver_creek_usgs_temp_3,60.65107,-151.09076,US/Alaska (UTC-9 / UTC-8),"west fork beaver creek, upstream of marathon road",Beaver Creek,STREAM,MAIN,TRUE,TRUE,TBD,FALSE
2022-07-07T09:00:00Z,13.762,beaver_creek_usgs_temp_3,60.65107,-151.09076,US/Alaska (UTC-9 / UTC-8),"west fork beaver creek, upstream of marathon road",Beaver Creek,STREAM,MAIN,TRUE,TRUE,TBD,FALSE
2022-07-07T09:15:00Z,13.81,beaver_creek_usgs_temp_3,60.65107,-151.09076,US/Alaska (UTC-9 / UTC-8),"west fork beaver creek, upstream of marathon road",Beaver Creek,STREAM,MAIN,TRUE,TRUE,TBD,FALSE
2022-07-07T09:30:00Z,13.834,beaver_creek_usgs_temp_3,60.65107,-151.09076,US/Alaska (UTC-9 / UTC-8),"west fork beaver creek, upstream of marathon road",Beaver Creek,STREAM,MAIN,TRUE,TRUE,TBD,FALSE
2022-07-07T09:45:00Z,13.858,beaver_creek_usgs_temp_3,60.65107,-151.09076,US/Alaska (UTC-9 / UTC-8),"west fork beaver creek, upstream of marathon road",Beaver Creek,STREAM,MAIN,TRUE,TRUE,TBD,FALSE
2022-07-07T10:00:00Z,13.858,beaver_creek_usgs_temp_3,60.65107,-151.09076,US/Alaska (UTC-9 / UTC-8),"west fork beaver creek, upstream of marathon road",Beaver Creek,STREAM,MAIN,TRUE,TRUE,TBD,FALSE
2022-07-07T10:15:00Z,13.882,beaver_creek_usgs_temp_3,60.65107,-151.09076,US/Alaska (UTC-9 / UTC-8),"west fork beaver creek, upstream of marathon road",Beaver Creek,STREAM,MAIN,TRUE,TRUE,TBD,FALSE
2022-07-07T10:30:00Z,13.906,beaver_creek_usgs_temp_3,60.65107,-151.09076,US/Alaska (UTC-9 / UTC-8),"west fork beaver creek, upstream of marathon road",Beaver Creek,STREAM,MAIN,TRUE,TRUE,TBD,FALSE
2022-07-07T10:45:00Z,13.93,beaver_creek_usgs_temp_3,60.65107,-151.09076,US/Alaska (UTC-9 / UTC-8),"west fork beaver creek, upstream of marathon road",Beaver Creek,STREAM,MAIN,TRUE,TRUE,TBD,FALSE
2022-07-07T11:00:00Z,13.954,beaver_creek_usgs_temp_3,60.65107,-151.09076,US/Alaska (UTC-9 / UTC-8),"west fork beaver creek, upstream of marathon road",Beaver Creek,STREAM,MAIN,TRUE,TRUE,TBD,FALSE
2022-07-07T11:15:00Z,13.978,beaver_creek_usgs_temp_3,60.65107,-151.09076,US/Alaska (UTC-9 / UTC-8),"west fork beaver creek, upstream of marathon road",Beaver Creek,STREAM,MAIN,TRUE,TRUE,TBD,FALSE
2022-07-07T11:30:00Z,14.002,beaver_creek_usgs_temp_3,60.65107,-151.09076,US/Alaska (UTC-9 / UTC-8),"west fork beaver creek, upstream of marathon road",Beaver Creek,STREAM,MAIN,TRUE,TRUE,TBD,FALSE
2022-07-07T11:45:00Z,14.026,beaver_creek_usgs_temp_3,60.65107,-151.09076,US/Alaska (UTC-9 / UTC-8),"west fork beaver creek, upstream of marathon road",Beaver Creek,STREAM,MAIN,TRUE,TRUE,TBD,FALSE
2022-07-07T12:00:00Z,14.026,beaver_creek_usgs_temp_3,60.65107,-151.09076,US/Alaska (UTC-9 / UTC-8),"west fork beaver creek, upstream of marathon road",Beaver Creek,STREAM,MAIN,TRUE,TRUE,TBD,FALSE
2022-07-07T12:15:00Z,14.05,beaver_creek_usgs_temp_3,60.65107,-151.09076,US/Alaska (UTC-9 / UTC-8),"west fork beaver creek, upstream of marathon road",Beaver Creek,STREAM,MAIN,TRUE,TRUE,TBD,FALSE
2022-07-07T12:30:00Z,14.05,beaver_creek_usgs_temp_3,60.65107,-151.09076,US/Alaska (UTC-9 / UTC-8),"west fork beaver creek, upstream of marathon road",Beaver Creek,STREAM,MAIN,TRUE,TRUE,TBD,FALSE
2022-07-07T12:45:00Z,14.074,beaver_creek_usgs_temp_3,60.65107,-151.09076,US/Alaska (UTC-9 / UTC-8),"west fork beaver creek, upstream of marathon road",Beaver Creek,STREAM,MAIN,TRUE,TRUE,TBD,FALSE
2022-07-07T13:00:00Z,14.05,beaver_creek_usgs_temp_3,60.65107,-151.09076,US/Alaska (UTC-9 / UTC-8),"west fork beaver creek, upstream of marathon road",Beaver Creek,STREAM,MAIN,TRUE,TRUE,TBD,FALSE
2022-07-07T13:15:00Z,14.026,beaver_creek_usgs_temp_3,60.65107,-151.09076,US/Alaska (UTC-9 / UTC-8),"west fork beaver creek, upstream of marathon road",Beaver Creek,STREAM,MAIN,TRUE,TRUE,TBD,FALSE
2022-07-07T13:30:00Z,14.002,beaver_creek_usgs_temp_3,60.65107,-151.09076,US/Alaska (UTC-9 / UTC-8),"west fork beaver creek, upstream of marathon road",Beaver Creek,STREAM,MAIN,TRUE,TRUE,TBD,FALSE
2022-07-07T13:45:00Z,13.954,beaver_creek_usgs_temp_3,60.65107,-151.09076,US/Alaska (UTC-9 / UTC-8),"west fork beaver creek, upstream of marathon road",Beaver Creek,STREAM,MAIN,TRUE,TRUE,TBD,FALSE
2022-07-07T14:00:00Z,13.906,beaver_creek_usgs_temp_3,60.65107,-151.09076,US/Alaska (UTC-9 / UTC-8),"west fork beaver creek, upstream of marathon road",Beaver Creek,STREAM,MAIN,TRUE,TRUE,TBD,FALSE
2022-07-07T14:15:00Z,13.834,beaver_creek_usgs_temp_3,60.65107,-151.09076,US/Alaska (UTC-9 / UTC-8),"west fork beaver creek, upstream of marathon road",Beaver Creek,STREAM,MAIN,TRUE,TRUE,TBD,FALSE
2022-07-07T14:30:00Z,13.762,beaver_creek_usgs_temp_3,60.65107,-151.09076,US/Alaska (UTC-9 / UTC-8),"west fork beaver creek, upstream of marathon road",Beaver Creek,STREAM,MAIN,TRUE,TRUE,TBD,FALSE
2022-07-07T14:45:00Z,13.69,beaver_creek_usgs_temp_3,60.65107,-151.09076,US/Alaska (UTC-9 / UTC-8),"west fork beaver creek, upstream of marathon road",Beaver Creek,STREAM,MAIN,TRUE,TRUE,TBD,FALSE
2022-07-07T15:00:00Z,13.618,beaver_creek_usgs_temp_3,60.65107,-151.09076,US/Alaska (UTC-9 / UTC-8),"west fork beaver creek, upstream of marathon road",Beaver Creek,STREAM,MAIN,TRUE,TRUE,TBD,FALSE
2022-07-07T15:15:00Z,13.546,beaver_creek_usgs_temp_3,60.65107,-151.09076,US/Alaska (UTC-9 / UTC-8),"west fork beaver creek, upstream of marathon road",Beaver Creek,STREAM,MAIN,TRUE,TRUE,TBD,FALSE
2022-07-07T15:30:00Z,13.522,beaver_creek_usgs_temp_3,60.65107,-151.09076,US/Alaska (UTC-9 / UTC-8),"west fork beaver creek, upstream of marathon road",Beaver Creek,STREAM,MAIN,TRUE,TRUE,TBD,FALSE
2022-07-07T15:45:00Z,13.449,beaver_creek_usgs_temp_3,60.65107,-151.09076,US/Alaska (UTC-9 / UTC-8),"west fork beaver creek, upstream of marathon road",Beaver Creek,STREAM,MAIN,TRUE,TRUE,TBD,FALSE
2022-07-07T16:00:00Z,13.401,beaver_creek_usgs_temp_3,60.65107,-151.09076,US/Alaska (UTC-9 / UTC-8),"west fork beaver creek, upstream of marathon road",Beaver Creek,STREAM,MAIN,TRUE,TRUE,TBD,FALSE
2022-07-07T16:15:00Z,13.353,beaver_creek_usgs_temp_3,60.65107,-151.09076,US/Alaska (UTC-9 / UTC-8),"west fork beaver creek, upstream of marathon road",Beaver Creek,STREAM,MAIN,TRUE,TRUE,TBD,FALSE
2022-07-07T16:30:00Z,13.329,beaver_creek_usgs_temp_3,60.65107,-151.09076,US/Alaska (UTC-9 / UTC-8),"west fork beaver creek, upstream of marathon road",Beaver Creek,STREAM,MAIN,TRUE,TRUE,TBD,FALSE
2022-07-07T16:45:00Z,13.281,beaver_creek_usgs_temp_3,60.65107,-151.09076,US/Alaska (UTC-9 / UTC-8),"west fork beaver creek, upstream of marathon road",Beaver Creek,STREAM,MAIN,TRUE,TRUE,TBD,FALSE
2022-07-07T17:00:00Z,13.233,beaver_creek_usgs_temp_3,60.65107,-151.09076,US/Alaska (UTC-9 / UTC-8),"west fork beaver creek, upstream of marathon road",Beaver Creek,STREAM,MAIN,TRUE,TRUE,TBD,FALSE
2022-07-07T17:15:00Z,13.185,beaver_creek_usgs_temp_3,60.65107,-151.09076,US/Alaska (UTC-9 / UTC-8),"west fork beaver creek, upstream of marathon road",Beaver Creek,STREAM,MAIN,TRUE,TRUE,TBD,FALSE
2022-07-07T17:30:00Z,13.137,beaver_creek_usgs_temp_3,60.65107,-151.09076,US/Alaska (UTC-9 / UTC-8),"west fork beaver creek, upstream of marathon road",Beaver Creek,STREAM,MAIN,TRUE,TRUE,TBD,FALSE
2022-07-07T17:45:00Z,13.088,beaver_creek_usgs_temp_3,60.65107,-151.09076,US/Alaska (UTC-9 / UTC-8),"west fork beaver creek, upstream of marathon road",Beaver Creek,STREAM,MAIN,TRUE,TRUE,TBD,FALSE
2022-07-07T18:00:00Z,13.064,beaver_creek_usgs_temp_3,60.65107,-151.09076,US/Alaska (UTC-9 / UTC-8),"west fork beaver creek, upstream of marathon road",Beaver Creek,STREAM,MAIN,TRUE,TRUE,TBD,FALSE
2022-07-07T18:15:00Z,13.04,beaver_creek_usgs_temp_3,60.65107,-151.09076,US/Alaska (UTC-9 / UTC-8),"west fork beaver creek, upstream of marathon road",Beaver Creek,STREAM,MAIN,TRUE,TRUE,TBD,FALSE
2022-07-07T18:30:00Z,12.992,beaver_creek_usgs_temp_3,60.65107,-151.09076,US/Alaska (UTC-9 / UTC-8),"west fork beaver creek, upstream of marathon road",Beaver Creek,STREAM,MAIN,TRUE,TRUE,TBD,FALSE
2022-07-07T18:45:00Z,12.968,beaver_creek_usgs_temp_3,60.65107,-151.09076,US/Alaska (UTC-9 / UTC-8),"west fork beaver creek, upstream of marathon road",Beaver Creek,STREAM,MAIN,TRUE,TRUE,TBD,FALSE
2022-07-07T19:00:00Z,12.944,beaver_creek_usgs_temp_3,60.65107,-151.09076,US/Alaska (UTC-9 / UTC-8),"west fork beaver creek, upstream of marathon road",Beaver Creek,STREAM,MAIN,TRUE,TRUE,TBD,FALSE
2022-07-07T19:15:00Z,12.896,beaver_creek_usgs_temp_3,60.65107,-151.09076,US/Alaska (UTC-9 / UTC-8),"west fork beaver creek, upstream of marathon road",Beaver Creek,STREAM,MAIN,TRUE,TRUE,TBD,FALSE
2022-07-07T19:30:00Z,12.896,beaver_creek_usgs_temp_3,60.65107,-151.09076,US/Alaska (UTC-9 / UTC-8),"west fork beaver creek, upstream of marathon road",Beaver Creek,STREAM,MAIN,TRUE,TRUE,TBD,FALSE
2022-07-07T19:45:00Z,12.847,beaver_creek_usgs_temp_3,60.65107,-151.09076,US/Alaska (UTC-9 / UTC-8),"west fork beaver creek, upstream of marathon road",Beaver Creek,STREAM,MAIN,TRUE,TRUE,TBD,FALSE
2022-07-07T20:00:00Z,12.823,beaver_creek_usgs_temp_3,60.65107,-151.09076,US/Alaska (UTC-9 / UTC-8),"west fork beaver creek, upstream of marathon road",Beaver Creek,STREAM,MAIN,TRUE,TRUE,TBD,FALSE
2022-07-07T20:15:00Z,12.799,beaver_creek_usgs_temp_3,60.65107,-151.09076,US/Alaska (UTC-9 / UTC-8),"west fork beaver creek, upstream of marathon road",Beaver Creek,STREAM,MAIN,TRUE,TRUE,TBD,FALSE
2022-07-07T20:30:00Z,12.775,beaver_creek_usgs_temp_3,60.65107,-151.09076,US/Alaska (UTC-9 / UTC-8),"west fork beaver creek, upstream of marathon road",Beaver Creek,STREAM,MAIN,TRUE,TRUE,TBD,FALSE
2022-07-07T20:45:00Z,12.751,beaver_creek_usgs_temp_3,60.65107,-151.09076,US/Alaska (UTC-9 / UTC-8),"west fork beaver creek, upstream of marathon road",Beaver Creek,STREAM,MAIN,TRUE,TRUE,TBD,FALSE
2022-07-07T21:00:00Z,12.751,beaver_creek_usgs_temp_3,60.65107,-151.09076,US/Alaska (UTC-9 / UTC-8),"west fork beaver creek, upstream of marathon road",Beaver Creek,STREAM,MAIN,TRUE,TRUE,TBD,FALSE
2022-07-07T21:15:00Z,12.727,beaver_creek_usgs_temp_3,60.65107,-151.09076,US/Alaska (UTC-9 / UTC-8),"west fork beaver creek, upstream of marathon road",Beaver Creek,STREAM,MAIN,TRUE,TRUE,TBD,FALSE
2022-07-07T21:30:00Z,12.703,beaver_creek_usgs_temp_3,60.65107,-151.09076,US/Alaska (UTC-9 / UTC-8),"west fork beaver creek, upstream of marathon road",Beaver Creek,STREAM,MAIN,TRUE,TRUE,TBD,FALSE
2022-07-07T21:45:00Z,12.703,beaver_creek_usgs_temp_3,60.65107,-151.09076,US/Alaska (UTC-9 / UTC-8),"west fork beaver creek, upstream of marathon road",Beaver Creek,STREAM,MAIN,TRUE,TRUE,TBD,FALSE
2022-07-07T22:00:00Z,12.678,beaver_creek_usgs_temp_3,60.65107,-151.09076,US/Alaska (UTC-9 / UTC-8),"west fork beaver creek, upstream of marathon road",Beaver Creek,STREAM,MAIN,TRUE,TRUE,TBD,FALSE
2022-07-07T22:15:00Z,12.654,beaver_creek_usgs_temp_3,60.65107,-151.09076,US/Alaska (UTC-9 / UTC-8),"west fork beaver creek, upstream of marathon road",Beaver Creek,STREAM,MAIN,TRUE,TRUE,TBD,FALSE
2022-07-07T22:30:00Z,12.654,beaver_creek_usgs_temp_3,60.65107,-151.09076,US/Alaska (UTC-9 / UTC-8),"west fork beaver creek, upstream of marathon road",Beaver Creek,STREAM,MAIN,TRUE,TRUE,TBD,FALSE
2022-07-07T22:45:00Z,12.654,beaver_creek_usgs_temp_3,60.65107,-151.09076,US/Alaska (UTC-9 / UTC-8),"west fork beaver creek, upstream of marathon road",Beaver Creek,STREAM,MAIN,TRUE,TRUE,TBD,FALSE
2022-07-07T23:00:00Z,12.63,beaver_creek_usgs_temp_3,60.65107,-151.09076,US/Alaska (UTC-9 / UTC-8),"west fork beaver creek, upstream of marathon road",Beaver Creek,STREAM,MAIN,TRUE,TRUE,TBD,FALSE
2022-07-07T23:15:00Z,12.63,beaver_creek_usgs_temp_3,60.65107,-151.09076,US/Alaska (UTC-9 / UTC-8),"west fork beaver creek, upstream of marathon road",Beaver Creek,STREAM,MAIN,TRUE,TRUE,TBD,FALSE
2022-07-07T23:30:00Z,12.606,beaver_creek_usgs_temp_3,60.65107,-151.09076,US/Alaska (UTC-9 / UTC-8),"west fork beaver creek, upstream of marathon road",Beaver Creek,STREAM,MAIN,TRUE,TRUE,TBD,FALSE
2022-07-07T23:45:00Z,12.606,beaver_creek_usgs_temp_3,60.65107,-151.09076,US/Alaska (UTC-9 / UTC-8),"west fork beaver creek, upstream of marathon road",Beaver Creek,STREAM,MAIN,TRUE,TRUE,TBD,FALSE
2022-07-08T00:00:00Z,12.606,beaver_creek_usgs_temp_3,60.65107,-151.09076,US/Alaska (UTC-9 / UTC-8),"west fork beaver creek, upstream of marathon road",Beaver Creek,STREAM,MAIN,TRUE,TRUE,TBD,FALSE
2022-07-08T00:15:00Z,12.606,beaver_creek_usgs_temp_3,60.65107,-151.09076,US/Alaska (UTC-9 / UTC-8),"west fork beaver creek, upstream of marathon road",Beaver Creek,STREAM,MAIN,TRUE,TRUE,TBD,FALSE
2022-07-08T00:30:00Z,12.606,beaver_creek_usgs_temp_3,60.65107,-151.09076,US/Alaska (UTC-9 / UTC-8),"west fork beaver creek, upstream of marathon road",Beaver Creek,STREAM,MAIN,TRUE,TRUE,TBD,FALSE
2022-07-08T00:45:00Z,12.606,beaver_creek_usgs_temp_3,60.65107,-151.09076,US/Alaska (UTC-9 / UTC-8),"west fork beaver creek, upstream of marathon road",Beaver Creek,STREAM,MAIN,TRUE,TRUE,TBD,FALSE
2022-07-08T01:00:00Z,12.606,beaver_creek_usgs_temp_3,60.65107,-151.09076,US/Alaska (UTC-9 / UTC-8),"west fork beaver creek, upstream of marathon road",Beaver Creek,STREAM,MAIN,TRUE,TRUE,TBD,FALSE
2022-07-08T01:15:00Z,12.582,beaver_creek_usgs_temp_3,60.65107,-151.09076,US/Alaska (UTC-9 / UTC-8),"west fork beaver creek, upstream of marathon road",Beaver Creek,STREAM,MAIN,TRUE,TRUE,TBD,FALSE
2022-07-08T01:30:00Z,12.582,beaver_creek_usgs_temp_3,60.65107,-151.09076,US/Alaska (UTC-9 / UTC-8),"west fork beaver creek, upstream of marathon road",Beaver Creek,STREAM,MAIN,TRUE,TRUE,TBD,FALSE
2022-07-08T01:45:00Z,12.582,beaver_creek_usgs_temp_3,60.65107,-151.09076,US/Alaska (UTC-9 / UTC-8),"west fork beaver creek, upstream of marathon road",Beaver Creek,STREAM,MAIN,TRUE,TRUE,TBD,FALSE
2022-07-08T02:00:00Z,12.582,beaver_creek_usgs_temp_3,60.65107,-151.09076,US/Alaska (UTC-9 / UTC-8),"west fork beaver creek, upstream of marathon road",Beaver Creek,STREAM,MAIN,TRUE,TRUE,TBD,FALSE
2022-07-08T02:15:00Z,12.582,beaver_creek_usgs_temp_3,60.65107,-151.09076,US/Alaska (UTC-9 / UTC-8),"west fork beaver creek, upstream of marathon road",Beaver Creek,STREAM,MAIN,TRUE,TRUE,TBD,FALSE
2022-07-08T02:30:00Z,12.582,beaver_creek_usgs_temp_3,60.65107,-151.09076,US/Alaska (UTC-9 / UTC-8),"west fork beaver creek, upstream of marathon road",Beaver Creek,STREAM,MAIN,TRUE,TRUE,TBD,FALSE
2022-07-08T02:45:00Z,12.582,beaver_creek_usgs_temp_3,60.65107,-151.09076,US/Alaska (UTC-9 / UTC-8),"west fork beaver creek, upstream of marathon road",Beaver Creek,STREAM,MAIN,TRUE,TRUE,TBD,FALSE
2022-07-08T03:00:00Z,12.582,beaver_creek_usgs_temp_3,60.65107,-151.09076,US/Alaska (UTC-9 / UTC-8),"west fork beaver creek, upstream of marathon road",Beaver Creek,STREAM,MAIN,TRUE,TRUE,TBD,FALSE
2022-07-08T03:15:00Z,12.582,beaver_creek_usgs_temp_3,60.65107,-151.09076,US/Alaska (UTC-9 / UTC-8),"west fork beaver creek, upstream of marathon road",Beaver Creek,STREAM,MAIN,TRUE,TRUE,TBD,FALSE
2022-07-08T03:30:00Z,12.606,beaver_creek_usgs_temp_3,60.65107,-151.09076,US/Alaska (UTC-9 / UTC-8),"west fork beaver creek, upstream of marathon road",Beaver Creek,STREAM,MAIN,TRUE,TRUE,TBD,FALSE
2022-07-08T03:45:00Z,12.63,beaver_creek_usgs_temp_3,60.65107,-151.09076,US/Alaska (UTC-9 / UTC-8),"west fork beaver creek, upstream of marathon road",Beaver Creek,STREAM,MAIN,TRUE,TRUE,TBD,FALSE
2022-07-08T04:00:00Z,12.654,beaver_creek_usgs_temp_3,60.65107,-151.09076,US/Alaska (UTC-9 / UTC-8),"west fork beaver creek, upstream of marathon road",Beaver Creek,STREAM,MAIN,TRUE,TRUE,TBD,FALSE
2022-07-08T04:15:00Z,12.703,beaver_creek_usgs_temp_3,60.65107,-151.09076,US/Alaska (UTC-9 / UTC-8),"west fork beaver creek, upstream of marathon road",Beaver Creek,STREAM,MAIN,TRUE,TRUE,TBD,FALSE
2022-07-08T04:30:00Z,12.775,beaver_creek_usgs_temp_3,60.65107,-151.09076,US/Alaska (UTC-9 / UTC-8),"west fork beaver creek, upstream of marathon road",Beaver Creek,STREAM,MAIN,TRUE,TRUE,TBD,FALSE
2022-07-08T04:45:00Z,12.847,beaver_creek_usgs_temp_3,60.65107,-151.09076,US/Alaska (UTC-9 / UTC-8),"west fork beaver creek, upstream of marathon road",Beaver Creek,STREAM,MAIN,TRUE,TRUE,TBD,FALSE
2022-07-08T05:00:00Z,12.896,beaver_creek_usgs_temp_3,60.65107,-151.09076,US/Alaska (UTC-9 / UTC-8),"west fork beaver creek, upstream of marathon road",Beaver Creek,STREAM,MAIN,TRUE,TRUE,TBD,FALSE
2022-07-08T05:15:00Z,12.968,beaver_creek_usgs_temp_3,60.65107,-151.09076,US/Alaska (UTC-9 / UTC-8),"west fork beaver creek, upstream of marathon road",Beaver Creek,STREAM,MAIN,TRUE,TRUE,TBD,FALSE
2022-07-08T05:30:00Z,13.016,beaver_creek_usgs_temp_3,60.65107,-151.09076,US/Alaska (UTC-9 / UTC-8),"west fork beaver creek, upstream of marathon road",Beaver Creek,STREAM,MAIN,TRUE,TRUE,TBD,FALSE
2022-07-08T05:45:00Z,13.064,beaver_creek_usgs_temp_3,60.65107,-151.09076,US/Alaska (UTC-9 / UTC-8),"west fork beaver creek, upstream of marathon road",Beaver Creek,STREAM,MAIN,TRUE,TRUE,TBD,FALSE
2022-07-08T06:00:00Z,13.088,beaver_creek_usgs_temp_3,60.65107,-151.09076,US/Alaska (UTC-9 / UTC-8),"west fork beaver creek, upstream of marathon road",Beaver Creek,STREAM,MAIN,TRUE,TRUE,TBD,FALSE
2022-07-08T06:15:00Z,13.137,beaver_creek_usgs_temp_3,60.65107,-151.09076,US/Alaska (UTC-9 / UTC-8),"west fork beaver creek, upstream of marathon road",Beaver Creek,STREAM,MAIN,TRUE,TRUE,TBD,FALSE
2022-07-08T06:30:00Z,13.137,beaver_creek_usgs_temp_3,60.65107,-151.09076,US/Alaska (UTC-9 / UTC-8),"west fork beaver creek, upstream of marathon road",Beaver Creek,STREAM,MAIN,TRUE,TRUE,TBD,FALSE
2022-07-08T06:45:00Z,13.185,beaver_creek_usgs_temp_3,60.65107,-151.09076,US/Alaska (UTC-9 / UTC-8),"west fork beaver creek, upstream of marathon road",Beaver Creek,STREAM,MAIN,TRUE,TRUE,TBD,FALSE
2022-07-08T07:00:00Z,13.185,beaver_creek_usgs_temp_3,60.65107,-151.09076,US/Alaska (UTC-9 / UTC-8),"west fork beaver creek, upstream of marathon road",Beaver Creek,STREAM,MAIN,TRUE,TRUE,TBD,FALSE
2022-07-08T07:15:00Z,13.209,beaver_creek_usgs_temp_3,60.65107,-151.09076,US/Alaska (UTC-9 / UTC-8),"west fork beaver creek, upstream of marathon road",Beaver Creek,STREAM,MAIN,TRUE,TRUE,TBD,FALSE
2022-07-08T07:30:00Z,13.233,beaver_creek_usgs_temp_3,60.65107,-151.09076,US/Alaska (UTC-9 / UTC-8),"west fork beaver creek, upstream of marathon road",Beaver Creek,STREAM,MAIN,TRUE,TRUE,TBD,FALSE
2022-07-08T07:45:00Z,13.233,beaver_creek_usgs_temp_3,60.65107,-151.09076,US/Alaska (UTC-9 / UTC-8),"west fork beaver creek, upstream of marathon road",Beaver Creek,STREAM,MAIN,TRUE,TRUE,TBD,FALSE
2022-07-08T08:00:00Z,13.257,beaver_creek_usgs_temp_3,60.65107,-151.09076,US/Alaska (UTC-9 / UTC-8),"west fork beaver creek, upstream of marathon road",Beaver Creek,STREAM,MAIN,TRUE,TRUE,TBD,FALSE
2022-07-08T08:15:00Z,13.281,beaver_creek_usgs_temp_3,60.65107,-151.09076,US/Alaska (UTC-9 / UTC-8),"west fork beaver creek, upstream of marathon road",Beaver Creek,STREAM,MAIN,TRUE,TRUE,TBD,FALSE
2022-07-08T08:30:00Z,13.281,beaver_creek_usgs_temp_3,60.65107,-151.09076,US/Alaska (UTC-9 / UTC-8),"west fork beaver creek, upstream of marathon road",Beaver Creek,STREAM,MAIN,TRUE,TRUE,TBD,FALSE
2022-07-08T08:45:00Z,13.281,beaver_creek_usgs_temp_3,60.65107,-151.09076,US/Alaska (UTC-9 / UTC-8),"west fork beaver creek, upstream of marathon road",Beaver Creek,STREAM,MAIN,TRUE,TRUE,TBD,FALSE
2022-07-08T09:00:00Z,13.305,beaver_creek_usgs_temp_3,60.65107,-151.09076,US/Alaska (UTC-9 / UTC-8),"west fork beaver creek, upstream of marathon road",Beaver Creek,STREAM,MAIN,TRUE,TRUE,TBD,FALSE
2022-07-08T09:15:00Z,13.305,beaver_creek_usgs_temp_3,60.65107,-151.09076,US/Alaska (UTC-9 / UTC-8),"west fork beaver creek, upstream of marathon road",Beaver Creek,STREAM,MAIN,TRUE,TRUE,TBD,FALSE
2022-07-08T09:30:00Z,13.329,beaver_creek_usgs_temp_3,60.65107,-151.09076,US/Alaska (UTC-9 / UTC-8),"west fork beaver creek, upstream of marathon road",Beaver Creek,STREAM,MAIN,TRUE,TRUE,TBD,FALSE
2022-07-08T09:45:00Z,13.329,beaver_creek_usgs_temp_3,60.65107,-151.09076,US/Alaska (UTC-9 / UTC-8),"west fork beaver creek, upstream of marathon road",Beaver Creek,STREAM,MAIN,TRUE,TRUE,TBD,FALSE
2022-07-08T10:00:00Z,13.329,beaver_creek_usgs_temp_3,60.65107,-151.09076,US/Alaska (UTC-9 / UTC-8),"west fork beaver creek, upstream of marathon road",Beaver Creek,STREAM,MAIN,TRUE,TRUE,TBD,FALSE
2022-07-08T10:15:00Z,13.353,beaver_creek_usgs_temp_3,60.65107,-151.09076,US/Alaska (UTC-9 / UTC-8),"west fork beaver creek, upstream of marathon road",Beaver Creek,STREAM,MAIN,TRUE,TRUE,TBD,FALSE
2022-07-08T10:30:00Z,13.353,beaver_creek_usgs_temp_3,60.65107,-151.09076,US/Alaska (UTC-9 / UTC-8),"west fork beaver creek, upstream of marathon road",Beaver Creek,STREAM,MAIN,TRUE,TRUE,TBD,FALSE
2022-07-08T10:45:00Z,13.377,beaver_creek_usgs_temp_3,60.65107,-151.09076,US/Alaska (UTC-9 / UTC-8),"west fork beaver creek, upstream of marathon road",Beaver Creek,STREAM,MAIN,TRUE,TRUE,TBD,FALSE
2022-07-08T11:00:00Z,13.377,beaver_creek_usgs_temp_3,60.65107,-151.09076,US/Alaska (UTC-9 / UTC-8),"west fork beaver creek, upstream of marathon road",Beaver Creek,STREAM,MAIN,TRUE,TRUE,TBD,FALSE
2022-07-08T11:15:00Z,13.401,beaver_creek_usgs_temp_3,60.65107,-151.09076,US/Alaska (UTC-9 / UTC-8),"west fork beaver creek, upstream of marathon road",Beaver Creek,STREAM,MAIN,TRUE,TRUE,TBD,FALSE
2022-07-08T11:30:00Z,13.401,beaver_creek_usgs_temp_3,60.65107,-151.09076,US/Alaska (UTC-9 / UTC-8),"west fork beaver creek, upstream of marathon road",Beaver Creek,STREAM,MAIN,TRUE,TRUE,TBD,FALSE
2022-07-08T11:45:00Z,13.425,beaver_creek_usgs_temp_3,60.65107,-151.09076,US/Alaska (UTC-9 / UTC-8),"west fork beaver creek, upstream of marathon road",Beaver Creek,STREAM,MAIN,TRUE,TRUE,TBD,FALSE
2022-07-08T12:00:00Z,13.425,beaver_creek_usgs_temp_3,60.65107,-151.09076,US/Alaska (UTC-9 / UTC-8),"west fork beaver creek, upstream of marathon road",Beaver Creek,STREAM,MAIN,TRUE,TRUE,TBD,FALSE
2022-07-08T12:15:00Z,13.449,beaver_creek_usgs_temp_3,60.65107,-151.09076,US/Alaska (UTC-9 / UTC-8),"west fork beaver creek, upstream of marathon road",Beaver Creek,STREAM,MAIN,TRUE,TRUE,TBD,FALSE
2022-07-08T12:30:00Z,13.473,beaver_creek_usgs_temp_3,60.65107,-151.09076,US/Alaska (UTC-9 / UTC-8),"west fork beaver creek, upstream of marathon road",Beaver Creek,STREAM,MAIN,TRUE,TRUE,TBD,FALSE
2022-07-08T12:45:00Z,13.473,beaver_creek_usgs_temp_3,60.65107,-151.09076,US/Alaska (UTC-9 / UTC-8),"west fork beaver creek, upstream of marathon road",Beaver Creek,STREAM,MAIN,TRUE,TRUE,TBD,FALSE
2022-07-08T13:00:00Z,13.497,beaver_creek_usgs_temp_3,60.65107,-151.09076,US/Alaska (UTC-9 / UTC-8),"west fork beaver creek, upstream of marathon road",Beaver Creek,STREAM,MAIN,TRUE,TRUE,TBD,FALSE
2022-07-08T13:15:00Z,13.497,beaver_creek_usgs_temp_3,60.65107,-151.09076,US/Alaska (UTC-9 / UTC-8),"west fork beaver creek, upstream of marathon road",Beaver Creek,STREAM,MAIN,TRUE,TRUE,TBD,FALSE
2022-07-08T13:30:00Z,13.522,beaver_creek_usgs_temp_3,60.65107,-151.09076,US/Alaska (UTC-9 / UTC-8),"west fork beaver creek, upstream of marathon road",Beaver Creek,STREAM,MAIN,TRUE,TRUE,TBD,FALSE
2022-07-08T13:45:00Z,13.522,beaver_creek_usgs_temp_3,60.65107,-151.09076,US/Alaska (UTC-9 / UTC-8),"west fork beaver creek, upstream of marathon road",Beaver Creek,STREAM,MAIN,TRUE,TRUE,TBD,FALSE
2022-07-08T14:00:00Z,13.522,beaver_creek_usgs_temp_3,60.65107,-151.09076,US/Alaska (UTC-9 / UTC-8),"west fork beaver creek, upstream of marathon road",Beaver Creek,STREAM,MAIN,TRUE,TRUE,TBD,FALSE
2022-07-08T14:15:00Z,13.546,beaver_creek_usgs_temp_3,60.65107,-151.09076,US/Alaska (UTC-9 / UTC-8),"west fork beaver creek, upstream of marathon road",Beaver Creek,STREAM,MAIN,TRUE,TRUE,TBD,FALSE
2022-07-08T14:30:00Z,13.546,beaver_creek_usgs_temp_3,60.65107,-151.09076,US/Alaska (UTC-9 / UTC-8),"west fork beaver creek, upstream of marathon road",Beaver Creek,STREAM,MAIN,TRUE,TRUE,TBD,FALSE
2022-07-08T14:45:00Z,13.546,beaver_creek_usgs_temp_3,60.65107,-151.09076,US/Alaska (UTC-9 / UTC-8),"west fork beaver creek, upstream of marathon road",Beaver Creek,STREAM,MAIN,TRUE,TRUE,TBD,FALSE
2022-07-08T15:00:00Z,13.57,beaver_creek_usgs_temp_3,60.65107,-151.09076,US/Alaska (UTC-9 / UTC-8),"west fork beaver creek, upstream of marathon road",Beaver Creek,STREAM,MAIN,TRUE,TRUE,TBD,FALSE
2022-07-08T15:15:00Z,13.57,beaver_creek_usgs_temp_3,60.65107,-151.09076,US/Alaska (UTC-9 / UTC-8),"west fork beaver creek, upstream of marathon road",Beaver Creek,STREAM,MAIN,TRUE,TRUE,TBD,FALSE
2022-07-08T15:30:00Z,13.57,beaver_creek_usgs_temp_3,60.65107,-151.09076,US/Alaska (UTC-9 / UTC-8),"west fork beaver creek, upstream of marathon road",Beaver Creek,STREAM,MAIN,TRUE,TRUE,TBD,FALSE
2022-07-08T15:45:00Z,13.57,beaver_creek_usgs_temp_3,60.65107,-151.09076,US/Alaska (UTC-9 / UTC-8),"west fork beaver creek, upstream of marathon road",Beaver Creek,STREAM,MAIN,TRUE,TRUE,TBD,FALSE
2022-07-08T16:00:00Z,13.546,beaver_creek_usgs_temp_3,60.65107,-151.09076,US/Alaska (UTC-9 / UTC-8),"west fork beaver creek, upstream of marathon road",Beaver Creek,STREAM,MAIN,TRUE,TRUE,TBD,FALSE
2022-07-08T16:15:00Z,13.522,beaver_creek_usgs_temp_3,60.65107,-151.09076,US/Alaska (UTC-9 / UTC-8),"west fork beaver creek, upstream of marathon road",Beaver Creek,STREAM,MAIN,TRUE,TRUE,TBD,FALSE
2022-07-08T16:30:00Z,13.522,beaver_creek_usgs_temp_3,60.65107,-151.09076,US/Alaska (UTC-9 / UTC-8),"west fork beaver creek, upstream of marathon road",Beaver Creek,STREAM,MAIN,TRUE,TRUE,TBD,FALSE
2022-07-08T16:45:00Z,13.473,beaver_creek_usgs_temp_3,60.65107,-151.09076,US/Alaska (UTC-9 / UTC-8),"west fork beaver creek, upstream of marathon road",Beaver Creek,STREAM,MAIN,TRUE,TRUE,TBD,FALSE
2022-07-08T17:00:00Z,13.449,beaver_creek_usgs_temp_3,60.65107,-151.09076,US/Alaska (UTC-9 / UTC-8),"west fork beaver creek, upstream of marathon road",Beaver Creek,STREAM,MAIN,TRUE,TRUE,TBD,FALSE
2022-07-08T17:15:00Z,13.425,beaver_creek_usgs_temp_3,60.65107,-151.09076,US/Alaska (UTC-9 / UTC-8),"west fork beaver creek, upstream of marathon road",Beaver Creek,STREAM,MAIN,TRUE,TRUE,TBD,FALSE
2022-07-08T17:30:00Z,13.401,beaver_creek_usgs_temp_3,60.65107,-151.09076,US/Alaska (UTC-9 / UTC-8),"west fork beaver creek, upstream of marathon road",Beaver Creek,STREAM,MAIN,TRUE,TRUE,TBD,FALSE
2022-07-08T17:45:00Z,13.377,beaver_creek_usgs_temp_3,60.65107,-151.09076,US/Alaska (UTC-9 / UTC-8),"west fork beaver creek, upstream of marathon road",Beaver Creek,STREAM,MAIN,TRUE,TRUE,TBD,FALSE
2022-07-08T18:00:00Z,13.353,beaver_creek_usgs_temp_3,60.65107,-151.09076,US/Alaska (UTC-9 / UTC-8),"west fork beaver creek, upstream of marathon road",Beaver Creek,STREAM,MAIN,TRUE,TRUE,TBD,FALSE
2022-07-08T18:15:00Z,13.329,beaver_creek_usgs_temp_3,60.65107,-151.09076,US/Alaska (UTC-9 / UTC-8),"west fork beaver creek, upstream of marathon road",Beaver Creek,STREAM,MAIN,TRUE,TRUE,TBD,FALSE
2022-07-08T18:30:00Z,13.281,beaver_creek_usgs_temp_3,60.65107,-151.09076,US/Alaska (UTC-9 / UTC-8),"west fork beaver creek, upstream of marathon road",Beaver Creek,STREAM,MAIN,TRUE,TRUE,TBD,FALSE
2022-07-08T18:45:00Z,13.281,beaver_creek_usgs_temp_3,60.65107,-151.09076,US/Alaska (UTC-9 / UTC-8),"west fork beaver creek, upstream of marathon road",Beaver Creek,STREAM,MAIN,TRUE,TRUE,TBD,FALSE
2022-07-08T19:00:00Z,13.233,beaver_creek_usgs_temp_3,60.65107,-151.09076,US/Alaska (UTC-9 / UTC-8),"west fork beaver creek, upstream of marathon road",Beaver Creek,STREAM,MAIN,TRUE,TRUE,TBD,FALSE
2022-07-08T19:15:00Z,13.233,beaver_creek_usgs_temp_3,60.65107,-151.09076,US/Alaska (UTC-9 / UTC-8),"west fork beaver creek, upstream of marathon road",Beaver Creek,STREAM,MAIN,TRUE,TRUE,TBD,FALSE
2022-07-08T19:30:00Z,13.209,beaver_creek_usgs_temp_3,60.65107,-151.09076,US/Alaska (UTC-9 / UTC-8),"west fork beaver creek, upstream of marathon road",Beaver Creek,STREAM,MAIN,TRUE,TRUE,TBD,FALSE
2022-07-08T19:45:00Z,13.185,beaver_creek_usgs_temp_3,60.65107,-151.09076,US/Alaska (UTC-9 / UTC-8),"west fork beaver creek, upstream of marathon road",Beaver Creek,STREAM,MAIN,TRUE,TRUE,TBD,FALSE
2022-07-08T20:00:00Z,13.161,beaver_creek_usgs_temp_3,60.65107,-151.09076,US/Alaska (UTC-9 / UTC-8),"west fork beaver creek, upstream of marathon road",Beaver Creek,STREAM,MAIN,TRUE,TRUE,TBD,FALSE
2022-07-08T20:15:00Z,13.137,beaver_creek_usgs_temp_3,60.65107,-151.09076,US/Alaska (UTC-9 / UTC-8),"west fork beaver creek, upstream of marathon road",Beaver Creek,STREAM,MAIN,TRUE,TRUE,TBD,FALSE
2022-07-08T20:30:00Z,13.112,beaver_creek_usgs_temp_3,60.65107,-151.09076,US/Alaska (UTC-9 / UTC-8),"west fork beaver creek, upstream of marathon road",Beaver Creek,STREAM,MAIN,TRUE,TRUE,TBD,FALSE
2022-07-08T20:45:00Z,13.088,beaver_creek_usgs_temp_3,60.65107,-151.09076,US/Alaska (UTC-9 / UTC-8),"west fork beaver creek, upstream of marathon road",Beaver Creek,STREAM,MAIN,TRUE,TRUE,TBD,FALSE
2022-07-08T21:00:00Z,13.088,beaver_creek_usgs_temp_3,60.65107,-151.09076,US/Alaska (UTC-9 / UTC-8),"west fork beaver creek, upstream of marathon road",Beaver Creek,STREAM,MAIN,TRUE,TRUE,TBD,FALSE
2022-07-08T21:15:00Z,13.064,beaver_creek_usgs_temp_3,60.65107,-151.09076,US/Alaska (UTC-9 / UTC-8),"west fork beaver creek, upstream of marathon road",Beaver Creek,STREAM,MAIN,TRUE,TRUE,TBD,FALSE
2022-07-08T21:30:00Z,13.04,beaver_creek_usgs_temp_3,60.65107,-151.09076,US/Alaska (UTC-9 / UTC-8),"west fork beaver creek, upstream of marathon road",Beaver Creek,STREAM,MAIN,TRUE,TRUE,TBD,FALSE
2022-07-08T21:45:00Z,13.04,beaver_creek_usgs_temp_3,60.65107,-151.09076,US/Alaska (UTC-9 / UTC-8),"west fork beaver creek, upstream of marathon road",Beaver Creek,STREAM,MAIN,TRUE,TRUE,TBD,FALSE
2022-07-08T22:00:00Z,13.016,beaver_creek_usgs_temp_3,60.65107,-151.09076,US/Alaska (UTC-9 / UTC-8),"west fork beaver creek, upstream of marathon road",Beaver Creek,STREAM,MAIN,TRUE,TRUE,TBD,FALSE
2022-07-08T22:15:00Z,12.992,beaver_creek_usgs_temp_3,60.65107,-151.09076,US/Alaska (UTC-9 / UTC-8),"west fork beaver creek, upstream of marathon road",Beaver Creek,STREAM,MAIN,TRUE,TRUE,TBD,FALSE
2022-07-08T22:30:00Z,12.992,beaver_creek_usgs_temp_3,60.65107,-151.09076,US/Alaska (UTC-9 / UTC-8),"west fork beaver creek, upstream of marathon road",Beaver Creek,STREAM,MAIN,TRUE,TRUE,TBD,FALSE
2022-07-08T22:45:00Z,12.992,beaver_creek_usgs_temp_3,60.65107,-151.09076,US/Alaska (UTC-9 / UTC-8),"west fork beaver creek, upstream of marathon road",Beaver Creek,STREAM,MAIN,TRUE,TRUE,TBD,FALSE
2022-07-08T23:00:00Z,12.968,beaver_creek_usgs_temp_3,60.65107,-151.09076,US/Alaska (UTC-9 / UTC-8),"west fork beaver creek, upstream of marathon road",Beaver Creek,STREAM,MAIN,TRUE,TRUE,TBD,FALSE
2022-07-08T23:15:00Z,12.968,beaver_creek_usgs_temp_3,60.65107,-151.09076,US/Alaska (UTC-9 / UTC-8),"west fork beaver creek, upstream of marathon road",Beaver Creek,STREAM,MAIN,TRUE,TRUE,TBD,FALSE
2022-07-08T23:30:00Z,12.944,beaver_creek_usgs_temp_3,60.65107,-151.09076,US/Alaska (UTC-9 / UTC-8),"west fork beaver creek, upstream of marathon road",Beaver Creek,STREAM,MAIN,TRUE,TRUE,TBD,FALSE
2022-07-08T23:45:00Z,12.944,beaver_creek_usgs_temp_3,60.65107,-151.09076,US/Alaska (UTC-9 / UTC-8),"west fork beaver creek, upstream of marathon road",Beaver Creek,STREAM,MAIN,TRUE,TRUE,TBD,FALSE
2022-07-09T00:00:00Z,12.944,beaver_creek_usgs_temp_3,60.65107,-151.09076,US/Alaska (UTC-9 / UTC-8),"west fork beaver creek, upstream of marathon road",Beaver Creek,STREAM,MAIN,TRUE,TRUE,TBD,FALSE
2022-07-09T00:15:00Z,12.944,beaver_creek_usgs_temp_3,60.65107,-151.09076,US/Alaska (UTC-9 / UTC-8),"west fork beaver creek, upstream of marathon road",Beaver Creek,STREAM,MAIN,TRUE,TRUE,TBD,FALSE
2022-07-09T00:30:00Z,12.92,beaver_creek_usgs_temp_3,60.65107,-151.09076,US/Alaska (UTC-9 / UTC-8),"west fork beaver creek, upstream of marathon road",Beaver Creek,STREAM,MAIN,TRUE,TRUE,TBD,FALSE
2022-07-09T00:45:00Z,12.92,beaver_creek_usgs_temp_3,60.65107,-151.09076,US/Alaska (UTC-9 / UTC-8),"west fork beaver creek, upstream of marathon road",Beaver Creek,STREAM,MAIN,TRUE,TRUE,TBD,FALSE
2022-07-09T01:00:00Z,12.896,beaver_creek_usgs_temp_3,60.65107,-151.09076,US/Alaska (UTC-9 / UTC-8),"west fork beaver creek, upstream of marathon road",Beaver Creek,STREAM,MAIN,TRUE,TRUE,TBD,FALSE
2022-07-09T01:15:00Z,12.896,beaver_creek_usgs_temp_3,60.65107,-151.09076,US/Alaska (UTC-9 / UTC-8),"west fork beaver creek, upstream of marathon road",Beaver Creek,STREAM,MAIN,TRUE,TRUE,TBD,FALSE
2022-07-09T01:30:00Z,12.92,beaver_creek_usgs_temp_3,60.65107,-151.09076,US/Alaska (UTC-9 / UTC-8),"west fork beaver creek, upstream of marathon road",Beaver Creek,STREAM,MAIN,TRUE,TRUE,TBD,FALSE
2022-07-09T01:45:00Z,12.944,beaver_creek_usgs_temp_3,60.65107,-151.09076,US/Alaska (UTC-9 / UTC-8),"west fork beaver creek, upstream of marathon road",Beaver Creek,STREAM,MAIN,TRUE,TRUE,TBD,FALSE
2022-07-09T02:00:00Z,12.992,beaver_creek_usgs_temp_3,60.65107,-151.09076,US/Alaska (UTC-9 / UTC-8),"west fork beaver creek, upstream of marathon road",Beaver Creek,STREAM,MAIN,TRUE,TRUE,TBD,FALSE
2022-07-09T02:15:00Z,13.04,beaver_creek_usgs_temp_3,60.65107,-151.09076,US/Alaska (UTC-9 / UTC-8),"west fork beaver creek, upstream of marathon road",Beaver Creek,STREAM,MAIN,TRUE,TRUE,TBD,FALSE
2022-07-09T02:30:00Z,13.064,beaver_creek_usgs_temp_3,60.65107,-151.09076,US/Alaska (UTC-9 / UTC-8),"west fork beaver creek, upstream of marathon road",Beaver Creek,STREAM,MAIN,TRUE,TRUE,TBD,FALSE
2022-07-09T02:45:00Z,13.088,beaver_creek_usgs_temp_3,60.65107,-151.09076,US/Alaska (UTC-9 / UTC-8),"west fork beaver creek, upstream of marathon road",Beaver Creek,STREAM,MAIN,TRUE,TRUE,TBD,FALSE
2022-07-09T03:00:00Z,13.112,beaver_creek_usgs_temp_3,60.65107,-151.09076,US/Alaska (UTC-9 / UTC-8),"west fork beaver creek, upstream of marathon road",Beaver Creek,STREAM,MAIN,TRUE,TRUE,TBD,FALSE
2022-07-09T03:15:00Z,13.137,beaver_creek_usgs_temp_3,60.65107,-151.09076,US/Alaska (UTC-9 / UTC-8),"west fork beaver creek, upstream of marathon road",Beaver Creek,STREAM,MAIN,TRUE,TRUE,TBD,FALSE
2022-07-09T03:30:00Z,13.161,beaver_creek_usgs_temp_3,60.65107,-151.09076,US/Alaska (UTC-9 / UTC-8),"west fork beaver creek, upstream of marathon road",Beaver Creek,STREAM,MAIN,TRUE,TRUE,TBD,FALSE
2022-07-09T03:45:00Z,13.161,beaver_creek_usgs_temp_3,60.65107,-151.09076,US/Alaska (UTC-9 / UTC-8),"west fork beaver creek, upstream of marathon road",Beaver Creek,STREAM,MAIN,TRUE,TRUE,TBD,FALSE
2022-07-09T04:00:00Z,13.185,beaver_creek_usgs_temp_3,60.65107,-151.09076,US/Alaska (UTC-9 / UTC-8),"west fork beaver creek, upstream of marathon road",Beaver Creek,STREAM,MAIN,TRUE,TRUE,TBD,FALSE
2022-07-09T04:15:00Z,13.185,beaver_creek_usgs_temp_3,60.65107,-151.09076,US/Alaska (UTC-9 / UTC-8),"west fork beaver creek, upstream of marathon road",Beaver Creek,STREAM,MAIN,TRUE,TRUE,TBD,FALSE
2022-07-09T04:30:00Z,13.209,beaver_creek_usgs_temp_3,60.65107,-151.09076,US/Alaska (UTC-9 / UTC-8),"west fork beaver creek, upstream of marathon road",Beaver Creek,STREAM,MAIN,TRUE,TRUE,TBD,FALSE
2022-07-09T04:45:00Z,13.209,beaver_creek_usgs_temp_3,60.65107,-151.09076,US/Alaska (UTC-9 / UTC-8),"west fork beaver creek, upstream of marathon road",Beaver Creek,STREAM,MAIN,TRUE,TRUE,TBD,FALSE
2022-07-09T05:00:00Z,13.209,beaver_creek_usgs_temp_3,60.65107,-151.09076,US/Alaska (UTC-9 / UTC-8),"west fork beaver creek, upstream of marathon road",Beaver Creek,STREAM,MAIN,TRUE,TRUE,TBD,FALSE
2022-07-09T05:15:00Z,13.209,beaver_creek_usgs_temp_3,60.65107,-151.09076,US/Alaska (UTC-9 / UTC-8),"west fork beaver creek, upstream of marathon road",Beaver Creek,STREAM,MAIN,TRUE,TRUE,TBD,FALSE
2022-07-09T05:30:00Z,13.209,beaver_creek_usgs_temp_3,60.65107,-151.09076,US/Alaska (UTC-9 / UTC-8),"west fork beaver creek, upstream of marathon road",Beaver Creek,STREAM,MAIN,TRUE,TRUE,TBD,FALSE
2022-07-09T05:45:00Z,13.233,beaver_creek_usgs_temp_3,60.65107,-151.09076,US/Alaska (UTC-9 / UTC-8),"west fork beaver creek, upstream of marathon road",Beaver Creek,STREAM,MAIN,TRUE,TRUE,TBD,FALSE
2022-07-09T06:00:00Z,13.233,beaver_creek_usgs_temp_3,60.65107,-151.09076,US/Alaska (UTC-9 / UTC-8),"west fork beaver creek, upstream of marathon road",Beaver Creek,STREAM,MAIN,TRUE,TRUE,TBD,FALSE
2022-07-09T06:15:00Z,13.233,beaver_creek_usgs_temp_3,60.65107,-151.09076,US/Alaska (UTC-9 / UTC-8),"west fork beaver creek, upstream of marathon road",Beaver Creek,STREAM,MAIN,TRUE,TRUE,TBD,FALSE
2022-07-09T06:30:00Z,13.233,beaver_creek_usgs_temp_3,60.65107,-151.09076,US/Alaska (UTC-9 / UTC-8),"west fork beaver creek, upstream of marathon road",Beaver Creek,STREAM,MAIN,TRUE,TRUE,TBD,FALSE
2022-07-09T06:45:00Z,13.209,beaver_creek_usgs_temp_3,60.65107,-151.09076,US/Alaska (UTC-9 / UTC-8),"west fork beaver creek, upstream of marathon road",Beaver Creek,STREAM,MAIN,TRUE,TRUE,TBD,FALSE
2022-07-09T07:00:00Z,13.209,beaver_creek_usgs_temp_3,60.65107,-151.09076,US/Alaska (UTC-9 / UTC-8),"west fork beaver creek, upstream of marathon road",Beaver Creek,STREAM,MAIN,TRUE,TRUE,TBD,FALSE
2022-07-09T07:15:00Z,13.209,beaver_creek_usgs_temp_3,60.65107,-151.09076,US/Alaska (UTC-9 / UTC-8),"west fork beaver creek, upstream of marathon road",Beaver Creek,STREAM,MAIN,TRUE,TRUE,TBD,FALSE
2022-07-09T07:30:00Z,13.209,beaver_creek_usgs_temp_3,60.65107,-151.09076,US/Alaska (UTC-9 / UTC-8),"west fork beaver creek, upstream of marathon road",Beaver Creek,STREAM,MAIN,TRUE,TRUE,TBD,FALSE
2022-07-09T07:45:00Z,13.209,beaver_creek_usgs_temp_3,60.65107,-151.09076,US/Alaska (UTC-9 / UTC-8),"west fork beaver creek, upstream of marathon road",Beaver Creek,STREAM,MAIN,TRUE,TRUE,TBD,FALSE
2022-07-09T08:00:00Z,13.209,beaver_creek_usgs_temp_3,60.65107,-151.09076,US/Alaska (UTC-9 / UTC-8),"west fork beaver creek, upstream of marathon road",Beaver Creek,STREAM,MAIN,TRUE,TRUE,TBD,FALSE
2022-07-09T08:15:00Z,13.209,beaver_creek_usgs_temp_3,60.65107,-151.09076,US/Alaska (UTC-9 / UTC-8),"west fork beaver creek, upstream of marathon road",Beaver Creek,STREAM,MAIN,TRUE,TRUE,TBD,FALSE
2022-07-09T08:30:00Z,13.209,beaver_creek_usgs_temp_3,60.65107,-151.09076,US/Alaska (UTC-9 / UTC-8),"west fork beaver creek, upstream of marathon road",Beaver Creek,STREAM,MAIN,TRUE,TRUE,TBD,FALSE
2022-07-09T08:45:00Z,13.185,beaver_creek_usgs_temp_3,60.65107,-151.09076,US/Alaska (UTC-9 / UTC-8),"west fork beaver creek, upstream of marathon road",Beaver Creek,STREAM,MAIN,TRUE,TRUE,TBD,FALSE
2022-07-09T09:00:00Z,13.185,beaver_creek_usgs_temp_3,60.65107,-151.09076,US/Alaska (UTC-9 / UTC-8),"west fork beaver creek, upstream of marathon road",Beaver Creek,STREAM,MAIN,TRUE,TRUE,TBD,FALSE
2022-07-09T09:15:00Z,13.185,beaver_creek_usgs_temp_3,60.65107,-151.09076,US/Alaska (UTC-9 / UTC-8),"west fork beaver creek, upstream of marathon road",Beaver Creek,STREAM,MAIN,TRUE,TRUE,TBD,FALSE
2022-07-09T09:30:00Z,13.209,beaver_creek_usgs_temp_3,60.65107,-151.09076,US/Alaska (UTC-9 / UTC-8),"west fork beaver creek, upstream of marathon road",Beaver Creek,STREAM,MAIN,TRUE,TRUE,TBD,FALSE
2022-07-09T09:45:00Z,13.209,beaver_creek_usgs_temp_3,60.65107,-151.09076,US/Alaska (UTC-9 / UTC-8),"west fork beaver creek, upstream of marathon road",Beaver Creek,STREAM,MAIN,TRUE,TRUE,TBD,FALSE
2022-07-09T10:00:00Z,13.209,beaver_creek_usgs_temp_3,60.65107,-151.09076,US/Alaska (UTC-9 / UTC-8),"west fork beaver creek, upstream of marathon road",Beaver Creek,STREAM,MAIN,TRUE,TRUE,TBD,FALSE
2022-07-09T10:15:00Z,13.209,beaver_creek_usgs_temp_3,60.65107,-151.09076,US/Alaska (UTC-9 / UTC-8),"west fork beaver creek, upstream of marathon road",Beaver Creek,STREAM,MAIN,TRUE,TRUE,TBD,FALSE
2022-07-09T10:30:00Z,13.233,beaver_creek_usgs_temp_3,60.65107,-151.09076,US/Alaska (UTC-9 / UTC-8),"west fork beaver creek, upstream of marathon road",Beaver Creek,STREAM,MAIN,TRUE,TRUE,TBD,FALSE
2022-07-09T10:45:00Z,13.233,beaver_creek_usgs_temp_3,60.65107,-151.09076,US/Alaska (UTC-9 / UTC-8),"west fork beaver creek, upstream of marathon road",Beaver Creek,STREAM,MAIN,TRUE,TRUE,TBD,FALSE
2022-07-09T11:00:00Z,13.233,beaver_creek_usgs_temp_3,60.65107,-151.09076,US/Alaska (UTC-9 / UTC-8),"west fork beaver creek, upstream of marathon road",Beaver Creek,STREAM,MAIN,TRUE,TRUE,TBD,FALSE
2022-07-09T11:15:00Z,13.257,beaver_creek_usgs_temp_3,60.65107,-151.09076,US/Alaska (UTC-9 / UTC-8),"west fork beaver creek, upstream of marathon road",Beaver Creek,STREAM,MAIN,TRUE,TRUE,TBD,FALSE
2022-07-09T11:30:00Z,13.257,beaver_creek_usgs_temp_3,60.65107,-151.09076,US/Alaska (UTC-9 / UTC-8),"west fork beaver creek, upstream of marathon road",Beaver Creek,STREAM,MAIN,TRUE,TRUE,TBD,FALSE
2022-07-09T11:45:00Z,13.281,beaver_creek_usgs_temp_3,60.65107,-151.09076,US/Alaska (UTC-9 / UTC-8),"west fork beaver creek, upstream of marathon road",Beaver Creek,STREAM,MAIN,TRUE,TRUE,TBD,FALSE
2022-07-09T12:00:00Z,13.281,beaver_creek_usgs_temp_3,60.65107,-151.09076,US/Alaska (UTC-9 / UTC-8),"west fork beaver creek, upstream of marathon road",Beaver Creek,STREAM,MAIN,TRUE,TRUE,TBD,FALSE
2022-07-09T12:15:00Z,13.305,beaver_creek_usgs_temp_3,60.65107,-151.09076,US/Alaska (UTC-9 / UTC-8),"west fork beaver creek, upstream of marathon road",Beaver Creek,STREAM,MAIN,TRUE,TRUE,TBD,FALSE
2022-07-09T12:30:00Z,13.329,beaver_creek_usgs_temp_3,60.65107,-151.09076,US/Alaska (UTC-9 / UTC-8),"west fork beaver creek, upstream of marathon road",Beaver Creek,STREAM,MAIN,TRUE,TRUE,TBD,FALSE
2022-07-09T12:45:00Z,13.353,beaver_creek_usgs_temp_3,60.65107,-151.09076,US/Alaska (UTC-9 / UTC-8),"west fork beaver creek, upstream of marathon road",Beaver Creek,STREAM,MAIN,TRUE,TRUE,TBD,FALSE
2022-07-09T13:00:00Z,13.353,beaver_creek_usgs_temp_3,60.65107,-151.09076,US/Alaska (UTC-9 / UTC-8),"west fork beaver creek, upstream of marathon road",Beaver Creek,STREAM,MAIN,TRUE,TRUE,TBD,FALSE
2022-07-09T13:15:00Z,13.377,beaver_creek_usgs_temp_3,60.65107,-151.09076,US/Alaska (UTC-9 / UTC-8),"west fork beaver creek, upstream of marathon road",Beaver Creek,STREAM,MAIN,TRUE,TRUE,TBD,FALSE
2022-07-09T13:30:00Z,13.401,beaver_creek_usgs_temp_3,60.65107,-151.09076,US/Alaska (UTC-9 / UTC-8),"west fork beaver creek, upstream of marathon road",Beaver Creek,STREAM,MAIN,TRUE,TRUE,TBD,FALSE
2022-07-09T13:45:00Z,13.401,beaver_creek_usgs_temp_3,60.65107,-151.09076,US/Alaska (UTC-9 / UTC-8),"west fork beaver creek, upstream of marathon road",Beaver Creek,STREAM,MAIN,TRUE,TRUE,TBD,FALSE
2022-07-09T14:00:00Z,13.425,beaver_creek_usgs_temp_3,60.65107,-151.09076,US/Alaska (UTC-9 / UTC-8),"west fork beaver creek, upstream of marathon road",Beaver Creek,STREAM,MAIN,TRUE,TRUE,TBD,FALSE
2022-07-09T14:15:00Z,13.425,beaver_creek_usgs_temp_3,60.65107,-151.09076,US/Alaska (UTC-9 / UTC-8),"west fork beaver creek, upstream of marathon road",Beaver Creek,STREAM,MAIN,TRUE,TRUE,TBD,FALSE
2022-07-09T14:30:00Z,13.449,beaver_creek_usgs_temp_3,60.65107,-151.09076,US/Alaska (UTC-9 / UTC-8),"west fork beaver creek, upstream of marathon road",Beaver Creek,STREAM,MAIN,TRUE,TRUE,TBD,FALSE
2022-07-09T14:45:00Z,13.449,beaver_creek_usgs_temp_3,60.65107,-151.09076,US/Alaska (UTC-9 / UTC-8),"west fork beaver creek, upstream of marathon road",Beaver Creek,STREAM,MAIN,TRUE,TRUE,TBD,FALSE
2022-07-09T15:00:00Z,13.473,beaver_creek_usgs_temp_3,60.65107,-151.09076,US/Alaska (UTC-9 / UTC-8),"west fork beaver creek, upstream of marathon road",Beaver Creek,STREAM,MAIN,TRUE,TRUE,TBD,FALSE
2022-07-09T15:15:00Z,13.473,beaver_creek_usgs_temp_3,60.65107,-151.09076,US/Alaska (UTC-9 / UTC-8),"west fork beaver creek, upstream of marathon road",Beaver Creek,STREAM,MAIN,TRUE,TRUE,TBD,FALSE
2022-07-09T15:30:00Z,13.473,beaver_creek_usgs_temp_3,60.65107,-151.09076,US/Alaska (UTC-9 / UTC-8),"west fork beaver creek, upstream of marathon road",Beaver Creek,STREAM,MAIN,TRUE,TRUE,TBD,FALSE
2022-07-09T15:45:00Z,13.497,beaver_creek_usgs_temp_3,60.65107,-151.09076,US/Alaska (UTC-9 / UTC-8),"west fork beaver creek, upstream of marathon road",Beaver Creek,STREAM,MAIN,TRUE,TRUE,TBD,FALSE
2022-07-09T16:00:00Z,13.497,beaver_creek_usgs_temp_3,60.65107,-151.09076,US/Alaska (UTC-9 / UTC-8),"west fork beaver creek, upstream of marathon road",Beaver Creek,STREAM,MAIN,TRUE,TRUE,TBD,FALSE
2022-07-09T16:15:00Z,13.497,beaver_creek_usgs_temp_3,60.65107,-151.09076,US/Alaska (UTC-9 / UTC-8),"west fork beaver creek, upstream of marathon road",Beaver Creek,STREAM,MAIN,TRUE,TRUE,TBD,FALSE
2022-07-09T16:30:00Z,13.497,beaver_creek_usgs_temp_3,60.65107,-151.09076,US/Alaska (UTC-9 / UTC-8),"west fork beaver creek, upstream of marathon road",Beaver Creek,STREAM,MAIN,TRUE,TRUE,TBD,FALSE
2022-07-09T16:45:00Z,13.473,beaver_creek_usgs_temp_3,60.65107,-151.09076,US/Alaska (UTC-9 / UTC-8),"west fork beaver creek, upstream of marathon road",Beaver Creek,STREAM,MAIN,TRUE,TRUE,TBD,FALSE
2022-07-09T17:00:00Z,13.473,beaver_creek_usgs_temp_3,60.65107,-151.09076,US/Alaska (UTC-9 / UTC-8),"west fork beaver creek, upstream of marathon road",Beaver Creek,STREAM,MAIN,TRUE,TRUE,TBD,FALSE
2022-07-09T17:15:00Z,13.473,beaver_creek_usgs_temp_3,60.65107,-151.09076,US/Alaska (UTC-9 / UTC-8),"west fork beaver creek, upstream of marathon road",Beaver Creek,STREAM,MAIN,TRUE,TRUE,TBD,FALSE
2022-07-09T17:30:00Z,13.449,beaver_creek_usgs_temp_3,60.65107,-151.09076,US/Alaska (UTC-9 / UTC-8),"west fork beaver creek, upstream of marathon road",Beaver Creek,STREAM,MAIN,TRUE,TRUE,TBD,FALSE
2022-07-09T17:45:00Z,13.449,beaver_creek_usgs_temp_3,60.65107,-151.09076,US/Alaska (UTC-9 / UTC-8),"west fork beaver creek, upstream of marathon road",Beaver Creek,STREAM,MAIN,TRUE,TRUE,TBD,FALSE
2022-07-09T18:00:00Z,13.425,beaver_creek_usgs_temp_3,60.65107,-151.09076,US/Alaska (UTC-9 / UTC-8),"west fork beaver creek, upstream of marathon road",Beaver Creek,STREAM,MAIN,TRUE,TRUE,TBD,FALSE
2022-07-09T18:15:00Z,13.425,beaver_creek_usgs_temp_3,60.65107,-151.09076,US/Alaska (UTC-9 / UTC-8),"west fork beaver creek, upstream of marathon road",Beaver Creek,STREAM,MAIN,TRUE,TRUE,TBD,FALSE
2022-07-09T18:30:00Z,13.401,beaver_creek_usgs_temp_3,60.65107,-151.09076,US/Alaska (UTC-9 / UTC-8),"west fork beaver creek, upstream of marathon road",Beaver Creek,STREAM,MAIN,TRUE,TRUE,TBD,FALSE
2022-07-09T18:45:00Z,13.377,beaver_creek_usgs_temp_3,60.65107,-151.09076,US/Alaska (UTC-9 / UTC-8),"west fork beaver creek, upstream of marathon road",Beaver Creek,STREAM,MAIN,TRUE,TRUE,TBD,FALSE
2022-07-09T19:00:00Z,13.377,beaver_creek_usgs_temp_3,60.65107,-151.09076,US/Alaska (UTC-9 / UTC-8),"west fork beaver creek, upstream of marathon road",Beaver Creek,STREAM,MAIN,TRUE,TRUE,TBD,FALSE
2022-07-09T19:15:00Z,13.353,beaver_creek_usgs_temp_3,60.65107,-151.09076,US/Alaska (UTC-9 / UTC-8),"west fork beaver creek, upstream of marathon road",Beaver Creek,STREAM,MAIN,TRUE,TRUE,TBD,FALSE
2022-07-09T19:30:00Z,13.353,beaver_creek_usgs_temp_3,60.65107,-151.09076,US/Alaska (UTC-9 / UTC-8),"west fork beaver creek, upstream of marathon road",Beaver Creek,STREAM,MAIN,TRUE,TRUE,TBD,FALSE
2022-07-09T19:45:00Z,13.329,beaver_creek_usgs_temp_3,60.65107,-151.09076,US/Alaska (UTC-9 / UTC-8),"west fork beaver creek, upstream of marathon road",Beaver Creek,STREAM,MAIN,TRUE,TRUE,TBD,FALSE
2022-07-09T20:00:00Z,13.329,beaver_creek_usgs_temp_3,60.65107,-151.09076,US/Alaska (UTC-9 / UTC-8),"west fork beaver creek, upstream of marathon road",Beaver Creek,STREAM,MAIN,TRUE,TRUE,TBD,FALSE
2022-07-09T20:15:00Z,13.305,beaver_creek_usgs_temp_3,60.65107,-151.09076,US/Alaska (UTC-9 / UTC-8),"west fork beaver creek, upstream of marathon road",Beaver Creek,STREAM,MAIN,TRUE,TRUE,TBD,FALSE
2022-07-09T20:30:00Z,13.281,beaver_creek_usgs_temp_3,60.65107,-151.09076,US/Alaska (UTC-9 / UTC-8),"west fork beaver creek, upstream of marathon road",Beaver Creek,STREAM,MAIN,TRUE,TRUE,TBD,FALSE
2022-07-09T20:45:00Z,13.281,beaver_creek_usgs_temp_3,60.65107,-151.09076,US/Alaska (UTC-9 / UTC-8),"west fork beaver creek, upstream of marathon road",Beaver Creek,STREAM,MAIN,TRUE,TRUE,TBD,FALSE
2022-07-09T21:00:00Z,13.257,beaver_creek_usgs_temp_3,60.65107,-151.09076,US/Alaska (UTC-9 / UTC-8),"west fork beaver creek, upstream of marathon road",Beaver Creek,STREAM,MAIN,TRUE,TRUE,TBD,FALSE
2022-07-09T21:15:00Z,13.233,beaver_creek_usgs_temp_3,60.65107,-151.09076,US/Alaska (UTC-9 / UTC-8),"west fork beaver creek, upstream of marathon road",Beaver Creek,STREAM,MAIN,TRUE,TRUE,TBD,FALSE
2022-07-09T21:30:00Z,13.233,beaver_creek_usgs_temp_3,60.65107,-151.09076,US/Alaska (UTC-9 / UTC-8),"west fork beaver creek, upstream of marathon road",Beaver Creek,STREAM,MAIN,TRUE,TRUE,TBD,FALSE
2022-07-09T21:45:00Z,13.209,beaver_creek_usgs_temp_3,60.65107,-151.09076,US/Alaska (UTC-9 / UTC-8),"west fork beaver creek, upstream of marathon road",Beaver Creek,STREAM,MAIN,TRUE,TRUE,TBD,FALSE
2022-07-09T22:00:00Z,13.185,beaver_creek_usgs_temp_3,60.65107,-151.09076,US/Alaska (UTC-9 / UTC-8),"west fork beaver creek, upstream of marathon road",Beaver Creek,STREAM,MAIN,TRUE,TRUE,TBD,FALSE
2022-07-09T22:15:00Z,13.185,beaver_creek_usgs_temp_3,60.65107,-151.09076,US/Alaska (UTC-9 / UTC-8),"west fork beaver creek, upstream of marathon road",Beaver Creek,STREAM,MAIN,TRUE,TRUE,TBD,FALSE
2022-07-09T22:30:00Z,13.185,beaver_creek_usgs_temp_3,60.65107,-151.09076,US/Alaska (UTC-9 / UTC-8),"west fork beaver creek, upstream of marathon road",Beaver Creek,STREAM,MAIN,TRUE,TRUE,TBD,FALSE
2022-07-09T22:45:00Z,13.161,beaver_creek_usgs_temp_3,60.65107,-151.09076,US/Alaska (UTC-9 / UTC-8),"west fork beaver creek, upstream of marathon road",Beaver Creek,STREAM,MAIN,TRUE,TRUE,TBD,FALSE
2022-07-09T23:00:00Z,13.161,beaver_creek_usgs_temp_3,60.65107,-151.09076,US/Alaska (UTC-9 / UTC-8),"west fork beaver creek, upstream of marathon road",Beaver Creek,STREAM,MAIN,TRUE,TRUE,TBD,FALSE
2022-07-09T23:15:00Z,13.137,beaver_creek_usgs_temp_3,60.65107,-151.09076,US/Alaska (UTC-9 / UTC-8),"west fork beaver creek, upstream of marathon road",Beaver Creek,STREAM,MAIN,TRUE,TRUE,TBD,FALSE
2022-07-09T23:30:00Z,13.137,beaver_creek_usgs_temp_3,60.65107,-151.09076,US/Alaska (UTC-9 / UTC-8),"west fork beaver creek, upstream of marathon road",Beaver Creek,STREAM,MAIN,TRUE,TRUE,TBD,FALSE
2022-07-09T23:45:00Z,13.137,beaver_creek_usgs_temp_3,60.65107,-151.09076,US/Alaska (UTC-9 / UTC-8),"west fork beaver creek, upstream of marathon road",Beaver Creek,STREAM,MAIN,TRUE,TRUE,TBD,FALSE
2022-07-10T00:00:00Z,13.137,beaver_creek_usgs_temp_3,60.65107,-151.09076,US/Alaska (UTC-9 / UTC-8),"west fork beaver creek, upstream of marathon road",Beaver Creek,STREAM,MAIN,TRUE,TRUE,TBD,FALSE
2022-07-10T00:15:00Z,13.137,beaver_creek_usgs_temp_3,60.65107,-151.09076,US/Alaska (UTC-9 / UTC-8),"west fork beaver creek, upstream of marathon road",Beaver Creek,STREAM,MAIN,TRUE,TRUE,TBD,FALSE
2022-07-10T00:30:00Z,13.161,beaver_creek_usgs_temp_3,60.65107,-151.09076,US/Alaska (UTC-9 / UTC-8),"west fork beaver creek, upstream of marathon road",Beaver Creek,STREAM,MAIN,TRUE,TRUE,TBD,FALSE
2022-07-10T00:45:00Z,13.185,beaver_creek_usgs_temp_3,60.65107,-151.09076,US/Alaska (UTC-9 / UTC-8),"west fork beaver creek, upstream of marathon road",Beaver Creek,STREAM,MAIN,TRUE,TRUE,TBD,FALSE
2022-07-10T01:00:00Z,13.209,beaver_creek_usgs_temp_3,60.65107,-151.09076,US/Alaska (UTC-9 / UTC-8),"west fork beaver creek, upstream of marathon road",Beaver Creek,STREAM,MAIN,TRUE,TRUE,TBD,FALSE
2022-07-10T01:15:00Z,13.233,beaver_creek_usgs_temp_3,60.65107,-151.09076,US/Alaska (UTC-9 / UTC-8),"west fork beaver creek, upstream of marathon road",Beaver Creek,STREAM,MAIN,TRUE,TRUE,TBD,FALSE
2022-07-10T01:30:00Z,13.257,beaver_creek_usgs_temp_3,60.65107,-151.09076,US/Alaska (UTC-9 / UTC-8),"west fork beaver creek, upstream of marathon road",Beaver Creek,STREAM,MAIN,TRUE,TRUE,TBD,FALSE
2022-07-10T01:45:00Z,13.281,beaver_creek_usgs_temp_3,60.65107,-151.09076,US/Alaska (UTC-9 / UTC-8),"west fork beaver creek, upstream of marathon road",Beaver Creek,STREAM,MAIN,TRUE,TRUE,TBD,FALSE
2022-07-10T02:00:00Z,13.305,beaver_creek_usgs_temp_3,60.65107,-151.09076,US/Alaska (UTC-9 / UTC-8),"west fork beaver creek, upstream of marathon road",Beaver Creek,STREAM,MAIN,TRUE,TRUE,TBD,FALSE
2022-07-10T02:15:00Z,13.329,beaver_creek_usgs_temp_3,60.65107,-151.09076,US/Alaska (UTC-9 / UTC-8),"west fork beaver creek, upstream of marathon road",Beaver Creek,STREAM,MAIN,TRUE,TRUE,TBD,FALSE
2022-07-10T02:30:00Z,13.329,beaver_creek_usgs_temp_3,60.65107,-151.09076,US/Alaska (UTC-9 / UTC-8),"west fork beaver creek, upstream of marathon road",Beaver Creek,STREAM,MAIN,TRUE,TRUE,TBD,FALSE
2022-07-10T02:45:00Z,13.353,beaver_creek_usgs_temp_3,60.65107,-151.09076,US/Alaska (UTC-9 / UTC-8),"west fork beaver creek, upstream of marathon road",Beaver Creek,STREAM,MAIN,TRUE,TRUE,TBD,FALSE
2022-07-10T03:00:00Z,13.353,beaver_creek_usgs_temp_3,60.65107,-151.09076,US/Alaska (UTC-9 / UTC-8),"west fork beaver creek, upstream of marathon road",Beaver Creek,STREAM,MAIN,TRUE,TRUE,TBD,FALSE
2022-07-10T03:15:00Z,13.377,beaver_creek_usgs_temp_3,60.65107,-151.09076,US/Alaska (UTC-9 / UTC-8),"west fork beaver creek, upstream of marathon road",Beaver Creek,STREAM,MAIN,TRUE,TRUE,TBD,FALSE
2022-07-10T03:30:00Z,13.377,beaver_creek_usgs_temp_3,60.65107,-151.09076,US/Alaska (UTC-9 / UTC-8),"west fork beaver creek, upstream of marathon road",Beaver Creek,STREAM,MAIN,TRUE,TRUE,TBD,FALSE
2022-07-10T03:45:00Z,13.377,beaver_creek_usgs_temp_3,60.65107,-151.09076,US/Alaska (UTC-9 / UTC-8),"west fork beaver creek, upstream of marathon road",Beaver Creek,STREAM,MAIN,TRUE,TRUE,TBD,FALSE
2022-07-10T04:00:00Z,13.401,beaver_creek_usgs_temp_3,60.65107,-151.09076,US/Alaska (UTC-9 / UTC-8),"west fork beaver creek, upstream of marathon road",Beaver Creek,STREAM,MAIN,TRUE,TRUE,TBD,FALSE
2022-07-10T04:15:00Z,13.401,beaver_creek_usgs_temp_3,60.65107,-151.09076,US/Alaska (UTC-9 / UTC-8),"west fork beaver creek, upstream of marathon road",Beaver Creek,STREAM,MAIN,TRUE,TRUE,TBD,FALSE
2022-07-10T04:30:00Z,13.401,beaver_creek_usgs_temp_3,60.65107,-151.09076,US/Alaska (UTC-9 / UTC-8),"west fork beaver creek, upstream of marathon road",Beaver Creek,STREAM,MAIN,TRUE,TRUE,TBD,FALSE
2022-07-10T04:45:00Z,13.401,beaver_creek_usgs_temp_3,60.65107,-151.09076,US/Alaska (UTC-9 / UTC-8),"west fork beaver creek, upstream of marathon road",Beaver Creek,STREAM,MAIN,TRUE,TRUE,TBD,FALSE
2022-07-10T05:00:00Z,13.401,beaver_creek_usgs_temp_3,60.65107,-151.09076,US/Alaska (UTC-9 / UTC-8),"west fork beaver creek, upstream of marathon road",Beaver Creek,STREAM,MAIN,TRUE,TRUE,TBD,FALSE
2022-07-10T05:15:00Z,13.377,beaver_creek_usgs_temp_3,60.65107,-151.09076,US/Alaska (UTC-9 / UTC-8),"west fork beaver creek, upstream of marathon road",Beaver Creek,STREAM,MAIN,TRUE,TRUE,TBD,FALSE
2022-07-10T05:30:00Z,13.377,beaver_creek_usgs_temp_3,60.65107,-151.09076,US/Alaska (UTC-9 / UTC-8),"west fork beaver creek, upstream of marathon road",Beaver Creek,STREAM,MAIN,TRUE,TRUE,TBD,FALSE
2022-07-10T05:45:00Z,13.377,beaver_creek_usgs_temp_3,60.65107,-151.09076,US/Alaska (UTC-9 / UTC-8),"west fork beaver creek, upstream of marathon road",Beaver Creek,STREAM,MAIN,TRUE,TRUE,TBD,FALSE
2022-07-10T06:00:00Z,13.353,beaver_creek_usgs_temp_3,60.65107,-151.09076,US/Alaska (UTC-9 / UTC-8),"west fork beaver creek, upstream of marathon road",Beaver Creek,STREAM,MAIN,TRUE,TRUE,TBD,FALSE
2022-07-10T06:15:00Z,13.353,beaver_creek_usgs_temp_3,60.65107,-151.09076,US/Alaska (UTC-9 / UTC-8),"west fork beaver creek, upstream of marathon road",Beaver Creek,STREAM,MAIN,TRUE,TRUE,TBD,FALSE
2022-07-10T06:30:00Z,13.329,beaver_creek_usgs_temp_3,60.65107,-151.09076,US/Alaska (UTC-9 / UTC-8),"west fork beaver creek, upstream of marathon road",Beaver Creek,STREAM,MAIN,TRUE,TRUE,TBD,FALSE
2022-07-10T06:45:00Z,13.329,beaver_creek_usgs_temp_3,60.65107,-151.09076,US/Alaska (UTC-9 / UTC-8),"west fork beaver creek, upstream of marathon road",Beaver Creek,STREAM,MAIN,TRUE,TRUE,TBD,FALSE
2022-07-10T07:00:00Z,13.305,beaver_creek_usgs_temp_3,60.65107,-151.09076,US/Alaska (UTC-9 / UTC-8),"west fork beaver creek, upstream of marathon road",Beaver Creek,STREAM,MAIN,TRUE,TRUE,TBD,FALSE
2022-07-10T07:15:00Z,13.281,beaver_creek_usgs_temp_3,60.65107,-151.09076,US/Alaska (UTC-9 / UTC-8),"west fork beaver creek, upstream of marathon road",Beaver Creek,STREAM,MAIN,TRUE,TRUE,TBD,FALSE
2022-07-10T07:30:00Z,13.281,beaver_creek_usgs_temp_3,60.65107,-151.09076,US/Alaska (UTC-9 / UTC-8),"west fork beaver creek, upstream of marathon road",Beaver Creek,STREAM,MAIN,TRUE,TRUE,TBD,FALSE
2022-07-10T07:45:00Z,13.257,beaver_creek_usgs_temp_3,60.65107,-151.09076,US/Alaska (UTC-9 / UTC-8),"west fork beaver creek, upstream of marathon road",Beaver Creek,STREAM,MAIN,TRUE,TRUE,TBD,FALSE
2022-07-10T08:00:00Z,13.233,beaver_creek_usgs_temp_3,60.65107,-151.09076,US/Alaska (UTC-9 / UTC-8),"west fork beaver creek, upstream of marathon road",Beaver Creek,STREAM,MAIN,TRUE,TRUE,TBD,FALSE
2022-07-10T08:15:00Z,13.233,beaver_creek_usgs_temp_3,60.65107,-151.09076,US/Alaska (UTC-9 / UTC-8),"west fork beaver creek, upstream of marathon road",Beaver Creek,STREAM,MAIN,TRUE,TRUE,TBD,FALSE
2022-07-10T08:30:00Z,13.209,beaver_creek_usgs_temp_3,60.65107,-151.09076,US/Alaska (UTC-9 / UTC-8),"west fork beaver creek, upstream of marathon road",Beaver Creek,STREAM,MAIN,TRUE,TRUE,TBD,FALSE
2022-07-10T08:45:00Z,13.209,beaver_creek_usgs_temp_3,60.65107,-151.09076,US/Alaska (UTC-9 / UTC-8),"west fork beaver creek, upstream of marathon road",Beaver Creek,STREAM,MAIN,TRUE,TRUE,TBD,FALSE
2022-07-10T09:00:00Z,13.185,beaver_creek_usgs_temp_3,60.65107,-151.09076,US/Alaska (UTC-9 / UTC-8),"west fork beaver creek, upstream of marathon road",Beaver Creek,STREAM,MAIN,TRUE,TRUE,TBD,FALSE
2022-07-10T09:15:00Z,13.185,beaver_creek_usgs_temp_3,60.65107,-151.09076,US/Alaska (UTC-9 / UTC-8),"west fork beaver creek, upstream of marathon road",Beaver Creek,STREAM,MAIN,TRUE,TRUE,TBD,FALSE
2022-07-10T09:30:00Z,13.185,beaver_creek_usgs_temp_3,60.65107,-151.09076,US/Alaska (UTC-9 / UTC-8),"west fork beaver creek, upstream of marathon road",Beaver Creek,STREAM,MAIN,TRUE,TRUE,TBD,FALSE
2022-07-10T09:45:00Z,13.161,beaver_creek_usgs_temp_3,60.65107,-151.09076,US/Alaska (UTC-9 / UTC-8),"west fork beaver creek, upstream of marathon road",Beaver Creek,STREAM,MAIN,TRUE,TRUE,TBD,FALSE
2022-07-10T10:00:00Z,13.161,beaver_creek_usgs_temp_3,60.65107,-151.09076,US/Alaska (UTC-9 / UTC-8),"west fork beaver creek, upstream of marathon road",Beaver Creek,STREAM,MAIN,TRUE,TRUE,TBD,FALSE
2022-07-10T10:15:00Z,13.161,beaver_creek_usgs_temp_3,60.65107,-151.09076,US/Alaska (UTC-9 / UTC-8),"west fork beaver creek, upstream of marathon road",Beaver Creek,STREAM,MAIN,TRUE,TRUE,TBD,FALSE
2022-07-10T10:30:00Z,13.161,beaver_creek_usgs_temp_3,60.65107,-151.09076,US/Alaska (UTC-9 / UTC-8),"west fork beaver creek, upstream of marathon road",Beaver Creek,STREAM,MAIN,TRUE,TRUE,TBD,FALSE
2022-07-10T10:45:00Z,13.161,beaver_creek_usgs_temp_3,60.65107,-151.09076,US/Alaska (UTC-9 / UTC-8),"west fork beaver creek, upstream of marathon road",Beaver Creek,STREAM,MAIN,TRUE,TRUE,TBD,FALSE
2022-07-10T11:00:00Z,13.185,beaver_creek_usgs_temp_3,60.65107,-151.09076,US/Alaska (UTC-9 / UTC-8),"west fork beaver creek, upstream of marathon road",Beaver Creek,STREAM,MAIN,TRUE,TRUE,TBD,FALSE
2022-07-10T11:15:00Z,13.185,beaver_creek_usgs_temp_3,60.65107,-151.09076,US/Alaska (UTC-9 / UTC-8),"west fork beaver creek, upstream of marathon road",Beaver Creek,STREAM,MAIN,TRUE,TRUE,TBD,FALSE
2022-07-10T11:30:00Z,13.185,beaver_creek_usgs_temp_3,60.65107,-151.09076,US/Alaska (UTC-9 / UTC-8),"west fork beaver creek, upstream of marathon road",Beaver Creek,STREAM,MAIN,TRUE,TRUE,TBD,FALSE
2022-07-10T11:45:00Z,13.185,beaver_creek_usgs_temp_3,60.65107,-151.09076,US/Alaska (UTC-9 / UTC-8),"west fork beaver creek, upstream of marathon road",Beaver Creek,STREAM,MAIN,TRUE,TRUE,TBD,FALSE
2022-07-10T12:00:00Z,13.209,beaver_creek_usgs_temp_3,60.65107,-151.09076,US/Alaska (UTC-9 / UTC-8),"west fork beaver creek, upstream of marathon road",Beaver Creek,STREAM,MAIN,TRUE,TRUE,TBD,FALSE
2022-07-10T12:15:00Z,13.209,beaver_creek_usgs_temp_3,60.65107,-151.09076,US/Alaska (UTC-9 / UTC-8),"west fork beaver creek, upstream of marathon road",Beaver Creek,STREAM,MAIN,TRUE,TRUE,TBD,FALSE
2022-07-10T12:30:00Z,13.233,beaver_creek_usgs_temp_3,60.65107,-151.09076,US/Alaska (UTC-9 / UTC-8),"west fork beaver creek, upstream of marathon road",Beaver Creek,STREAM,MAIN,TRUE,TRUE,TBD,FALSE
2022-07-10T12:45:00Z,13.233,beaver_creek_usgs_temp_3,60.65107,-151.09076,US/Alaska (UTC-9 / UTC-8),"west fork beaver creek, upstream of marathon road",Beaver Creek,STREAM,MAIN,TRUE,TRUE,TBD,FALSE
2022-07-10T13:00:00Z,13.257,beaver_creek_usgs_temp_3,60.65107,-151.09076,US/Alaska (UTC-9 / UTC-8),"west fork beaver creek, upstream of marathon road",Beaver Creek,STREAM,MAIN,TRUE,TRUE,TBD,FALSE
2022-07-10T13:15:00Z,13.281,beaver_creek_usgs_temp_3,60.65107,-151.09076,US/Alaska (UTC-9 / UTC-8),"west fork beaver creek, upstream of marathon road",Beaver Creek,STREAM,MAIN,TRUE,TRUE,TBD,FALSE
2022-07-10T13:30:00Z,13.281,beaver_creek_usgs_temp_3,60.65107,-151.09076,US/Alaska (UTC-9 / UTC-8),"west fork beaver creek, upstream of marathon road",Beaver Creek,STREAM,MAIN,TRUE,TRUE,TBD,FALSE
2022-07-10T13:45:00Z,13.305,beaver_creek_usgs_temp_3,60.65107,-151.09076,US/Alaska (UTC-9 / UTC-8),"west fork beaver creek, upstream of marathon road",Beaver Creek,STREAM,MAIN,TRUE,TRUE,TBD,FALSE
2022-07-10T14:00:00Z,13.329,beaver_creek_usgs_temp_3,60.65107,-151.09076,US/Alaska (UTC-9 / UTC-8),"west fork beaver creek, upstream of marathon road",Beaver Creek,STREAM,MAIN,TRUE,TRUE,TBD,FALSE
2022-07-10T14:15:00Z,13.329,beaver_creek_usgs_temp_3,60.65107,-151.09076,US/Alaska (UTC-9 / UTC-8),"west fork beaver creek, upstream of marathon road",Beaver Creek,STREAM,MAIN,TRUE,TRUE,TBD,FALSE
2022-07-10T14:30:00Z,13.329,beaver_creek_usgs_temp_3,60.65107,-151.09076,US/Alaska (UTC-9 / UTC-8),"west fork beaver creek, upstream of marathon road",Beaver Creek,STREAM,MAIN,TRUE,TRUE,TBD,FALSE
2022-07-10T14:45:00Z,13.353,beaver_creek_usgs_temp_3,60.65107,-151.09076,US/Alaska (UTC-9 / UTC-8),"west fork beaver creek, upstream of marathon road",Beaver Creek,STREAM,MAIN,TRUE,TRUE,TBD,FALSE
2022-07-10T15:00:00Z,13.353,beaver_creek_usgs_temp_3,60.65107,-151.09076,US/Alaska (UTC-9 / UTC-8),"west fork beaver creek, upstream of marathon road",Beaver Creek,STREAM,MAIN,TRUE,TRUE,TBD,FALSE
2022-07-10T15:15:00Z,13.377,beaver_creek_usgs_temp_3,60.65107,-151.09076,US/Alaska (UTC-9 / UTC-8),"west fork beaver creek, upstream of marathon road",Beaver Creek,STREAM,MAIN,TRUE,TRUE,TBD,FALSE
2022-07-10T15:30:00Z,13.377,beaver_creek_usgs_temp_3,60.65107,-151.09076,US/Alaska (UTC-9 / UTC-8),"west fork beaver creek, upstream of marathon road",Beaver Creek,STREAM,MAIN,TRUE,TRUE,TBD,FALSE
2022-07-10T15:45:00Z,13.377,beaver_creek_usgs_temp_3,60.65107,-151.09076,US/Alaska (UTC-9 / UTC-8),"west fork beaver creek, upstream of marathon road",Beaver Creek,STREAM,MAIN,TRUE,TRUE,TBD,FALSE
2022-07-10T16:00:00Z,13.377,beaver_creek_usgs_temp_3,60.65107,-151.09076,US/Alaska (UTC-9 / UTC-8),"west fork beaver creek, upstream of marathon road",Beaver Creek,STREAM,MAIN,TRUE,TRUE,TBD,FALSE
2022-07-10T16:15:00Z,13.401,beaver_creek_usgs_temp_3,60.65107,-151.09076,US/Alaska (UTC-9 / UTC-8),"west fork beaver creek, upstream of marathon road",Beaver Creek,STREAM,MAIN,TRUE,TRUE,TBD,FALSE
2022-07-10T16:30:00Z,13.401,beaver_creek_usgs_temp_3,60.65107,-151.09076,US/Alaska (UTC-9 / UTC-8),"west fork beaver creek, upstream of marathon road",Beaver Creek,STREAM,MAIN,TRUE,TRUE,TBD,FALSE
2022-07-10T16:45:00Z,13.401,beaver_creek_usgs_temp_3,60.65107,-151.09076,US/Alaska (UTC-9 / UTC-8),"west fork beaver creek, upstream of marathon road",Beaver Creek,STREAM,MAIN,TRUE,TRUE,TBD,FALSE
2022-07-10T17:00:00Z,13.401,beaver_creek_usgs_temp_3,60.65107,-151.09076,US/Alaska (UTC-9 / UTC-8),"west fork beaver creek, upstream of marathon road",Beaver Creek,STREAM,MAIN,TRUE,TRUE,TBD,FALSE
2022-07-10T17:15:00Z,13.401,beaver_creek_usgs_temp_3,60.65107,-151.09076,US/Alaska (UTC-9 / UTC-8),"west fork beaver creek, upstream of marathon road",Beaver Creek,STREAM,MAIN,TRUE,TRUE,TBD,FALSE
2022-07-10T17:30:00Z,13.401,beaver_creek_usgs_temp_3,60.65107,-151.09076,US/Alaska (UTC-9 / UTC-8),"west fork beaver creek, upstream of marathon road",Beaver Creek,STREAM,MAIN,TRUE,TRUE,TBD,FALSE
2022-07-10T17:45:00Z,13.425,beaver_creek_usgs_temp_3,60.65107,-151.09076,US/Alaska (UTC-9 / UTC-8),"west fork beaver creek, upstream of marathon road",Beaver Creek,STREAM,MAIN,TRUE,TRUE,TBD,FALSE
2022-07-10T18:00:00Z,13.425,beaver_creek_usgs_temp_3,60.65107,-151.09076,US/Alaska (UTC-9 / UTC-8),"west fork beaver creek, upstream of marathon road",Beaver Creek,STREAM,MAIN,TRUE,TRUE,TBD,FALSE
2022-07-10T18:15:00Z,13.425,beaver_creek_usgs_temp_3,60.65107,-151.09076,US/Alaska (UTC-9 / UTC-8),"west fork beaver creek, upstream of marathon road",Beaver Creek,STREAM,MAIN,TRUE,TRUE,TBD,FALSE
2022-07-10T18:30:00Z,13.425,beaver_creek_usgs_temp_3,60.65107,-151.09076,US/Alaska (UTC-9 / UTC-8),"west fork beaver creek, upstream of marathon road",Beaver Creek,STREAM,MAIN,TRUE,TRUE,TBD,FALSE
2022-07-10T18:45:00Z,13.425,beaver_creek_usgs_temp_3,60.65107,-151.09076,US/Alaska (UTC-9 / UTC-8),"west fork beaver creek, upstream of marathon road",Beaver Creek,STREAM,MAIN,TRUE,TRUE,TBD,FALSE
2022-07-10T19:00:00Z,13.449,beaver_creek_usgs_temp_3,60.65107,-151.09076,US/Alaska (UTC-9 / UTC-8),"west fork beaver creek, upstream of marathon road",Beaver Creek,STREAM,MAIN,TRUE,TRUE,TBD,FALSE
2022-07-10T19:15:00Z,13.473,beaver_creek_usgs_temp_3,60.65107,-151.09076,US/Alaska (UTC-9 / UTC-8),"west fork beaver creek, upstream of marathon road",Beaver Creek,STREAM,MAIN,TRUE,TRUE,TBD,FALSE
2022-07-10T19:30:00Z,13.473,beaver_creek_usgs_temp_3,60.65107,-151.09076,US/Alaska (UTC-9 / UTC-8),"west fork beaver creek, upstream of marathon road",Beaver Creek,STREAM,MAIN,TRUE,TRUE,TBD,FALSE
2022-07-10T19:45:00Z,13.497,beaver_creek_usgs_temp_3,60.65107,-151.09076,US/Alaska (UTC-9 / UTC-8),"west fork beaver creek, upstream of marathon road",Beaver Creek,STREAM,MAIN,TRUE,TRUE,TBD,FALSE
2022-07-10T20:00:00Z,13.522,beaver_creek_usgs_temp_3,60.65107,-151.09076,US/Alaska (UTC-9 / UTC-8),"west fork beaver creek, upstream of marathon road",Beaver Creek,STREAM,MAIN,TRUE,TRUE,TBD,FALSE
2022-07-10T20:15:00Z,13.522,beaver_creek_usgs_temp_3,60.65107,-151.09076,US/Alaska (UTC-9 / UTC-8),"west fork beaver creek, upstream of marathon road",Beaver Creek,STREAM,MAIN,TRUE,TRUE,TBD,FALSE
2022-07-10T20:30:00Z,13.546,beaver_creek_usgs_temp_3,60.65107,-151.09076,US/Alaska (UTC-9 / UTC-8),"west fork beaver creek, upstream of marathon road",Beaver Creek,STREAM,MAIN,TRUE,TRUE,TBD,FALSE
2022-07-10T20:45:00Z,13.57,beaver_creek_usgs_temp_3,60.65107,-151.09076,US/Alaska (UTC-9 / UTC-8),"west fork beaver creek, upstream of marathon road",Beaver Creek,STREAM,MAIN,TRUE,TRUE,TBD,FALSE
2022-07-10T21:00:00Z,13.57,beaver_creek_usgs_temp_3,60.65107,-151.09076,US/Alaska (UTC-9 / UTC-8),"west fork beaver creek, upstream of marathon road",Beaver Creek,STREAM,MAIN,TRUE,TRUE,TBD,FALSE
2022-07-10T21:15:00Z,13.594,beaver_creek_usgs_temp_3,60.65107,-151.09076,US/Alaska (UTC-9 / UTC-8),"west fork beaver creek, upstream of marathon road",Beaver Creek,STREAM,MAIN,TRUE,TRUE,TBD,FALSE
2022-07-10T21:30:00Z,13.618,beaver_creek_usgs_temp_3,60.65107,-151.09076,US/Alaska (UTC-9 / UTC-8),"west fork beaver creek, upstream of marathon road",Beaver Creek,STREAM,MAIN,TRUE,TRUE,TBD,FALSE
2022-07-10T21:45:00Z,13.618,beaver_creek_usgs_temp_3,60.65107,-151.09076,US/Alaska (UTC-9 / UTC-8),"west fork beaver creek, upstream of marathon road",Beaver Creek,STREAM,MAIN,TRUE,TRUE,TBD,FALSE
2022-07-10T22:00:00Z,13.618,beaver_creek_usgs_temp_3,60.65107,-151.09076,US/Alaska (UTC-9 / UTC-8),"west fork beaver creek, upstream of marathon road",Beaver Creek,STREAM,MAIN,TRUE,TRUE,TBD,FALSE
2022-07-10T22:15:00Z,13.642,beaver_creek_usgs_temp_3,60.65107,-151.09076,US/Alaska (UTC-9 / UTC-8),"west fork beaver creek, upstream of marathon road",Beaver Creek,STREAM,MAIN,TRUE,TRUE,TBD,FALSE
2022-07-10T22:30:00Z,13.666,beaver_creek_usgs_temp_3,60.65107,-151.09076,US/Alaska (UTC-9 / UTC-8),"west fork beaver creek, upstream of marathon road",Beaver Creek,STREAM,MAIN,TRUE,TRUE,TBD,FALSE
2022-07-10T22:45:00Z,13.666,beaver_creek_usgs_temp_3,60.65107,-151.09076,US/Alaska (UTC-9 / UTC-8),"west fork beaver creek, upstream of marathon road",Beaver Creek,STREAM,MAIN,TRUE,TRUE,TBD,FALSE
2022-07-10T23:00:00Z,13.666,beaver_creek_usgs_temp_3,60.65107,-151.09076,US/Alaska (UTC-9 / UTC-8),"west fork beaver creek, upstream of marathon road",Beaver Creek,STREAM,MAIN,TRUE,TRUE,TBD,FALSE
2022-07-10T23:15:00Z,13.666,beaver_creek_usgs_temp_3,60.65107,-151.09076,US/Alaska (UTC-9 / UTC-8),"west fork beaver creek, upstream of marathon road",Beaver Creek,STREAM,MAIN,TRUE,TRUE,TBD,FALSE
2022-07-10T23:30:00Z,13.69,beaver_creek_usgs_temp_3,60.65107,-151.09076,US/Alaska (UTC-9 / UTC-8),"west fork beaver creek, upstream of marathon road",Beaver Creek,STREAM,MAIN,TRUE,TRUE,TBD,FALSE
2022-07-10T23:45:00Z,13.69,beaver_creek_usgs_temp_3,60.65107,-151.09076,US/Alaska (UTC-9 / UTC-8),"west fork beaver creek, upstream of marathon road",Beaver Creek,STREAM,MAIN,TRUE,TRUE,TBD,FALSE
2022-07-11T00:00:00Z,13.69,beaver_creek_usgs_temp_3,60.65107,-151.09076,US/Alaska (UTC-9 / UTC-8),"west fork beaver creek, upstream of marathon road",Beaver Creek,STREAM,MAIN,TRUE,TRUE,TBD,FALSE
2022-07-11T00:15:00Z,13.69,beaver_creek_usgs_temp_3,60.65107,-151.09076,US/Alaska (UTC-9 / UTC-8),"west fork beaver creek, upstream of marathon road",Beaver Creek,STREAM,MAIN,TRUE,TRUE,TBD,FALSE
2022-07-11T00:30:00Z,13.69,beaver_creek_usgs_temp_3,60.65107,-151.09076,US/Alaska (UTC-9 / UTC-8),"west fork beaver creek, upstream of marathon road",Beaver Creek,STREAM,MAIN,TRUE,TRUE,TBD,FALSE
2022-07-11T00:45:00Z,13.714,beaver_creek_usgs_temp_3,60.65107,-151.09076,US/Alaska (UTC-9 / UTC-8),"west fork beaver creek, upstream of marathon road",Beaver Creek,STREAM,MAIN,TRUE,TRUE,TBD,FALSE
2022-07-11T01:00:00Z,13.714,beaver_creek_usgs_temp_3,60.65107,-151.09076,US/Alaska (UTC-9 / UTC-8),"west fork beaver creek, upstream of marathon road",Beaver Creek,STREAM,MAIN,TRUE,TRUE,TBD,FALSE
2022-07-11T01:15:00Z,13.714,beaver_creek_usgs_temp_3,60.65107,-151.09076,US/Alaska (UTC-9 / UTC-8),"west fork beaver creek, upstream of marathon road",Beaver Creek,STREAM,MAIN,TRUE,TRUE,TBD,FALSE
2022-07-11T01:30:00Z,13.714,beaver_creek_usgs_temp_3,60.65107,-151.09076,US/Alaska (UTC-9 / UTC-8),"west fork beaver creek, upstream of marathon road",Beaver Creek,STREAM,MAIN,TRUE,TRUE,TBD,FALSE
2022-07-11T01:45:00Z,13.714,beaver_creek_usgs_temp_3,60.65107,-151.09076,US/Alaska (UTC-9 / UTC-8),"west fork beaver creek, upstream of marathon road",Beaver Creek,STREAM,MAIN,TRUE,TRUE,TBD,FALSE
2022-07-11T02:00:00Z,13.69,beaver_creek_usgs_temp_3,60.65107,-151.09076,US/Alaska (UTC-9 / UTC-8),"west fork beaver creek, upstream of marathon road",Beaver Creek,STREAM,MAIN,TRUE,TRUE,TBD,FALSE
2022-07-11T02:15:00Z,13.69,beaver_creek_usgs_temp_3,60.65107,-151.09076,US/Alaska (UTC-9 / UTC-8),"west fork beaver creek, upstream of marathon road",Beaver Creek,STREAM,MAIN,TRUE,TRUE,TBD,FALSE
2022-07-11T02:30:00Z,13.69,beaver_creek_usgs_temp_3,60.65107,-151.09076,US/Alaska (UTC-9 / UTC-8),"west fork beaver creek, upstream of marathon road",Beaver Creek,STREAM,MAIN,TRUE,TRUE,TBD,FALSE
2022-07-11T02:45:00Z,13.69,beaver_creek_usgs_temp_3,60.65107,-151.09076,US/Alaska (UTC-9 / UTC-8),"west fork beaver creek, upstream of marathon road",Beaver Creek,STREAM,MAIN,TRUE,TRUE,TBD,FALSE
2022-07-11T03:00:00Z,13.69,beaver_creek_usgs_temp_3,60.65107,-151.09076,US/Alaska (UTC-9 / UTC-8),"west fork beaver creek, upstream of marathon road",Beaver Creek,STREAM,MAIN,TRUE,TRUE,TBD,FALSE
2022-07-11T03:15:00Z,13.666,beaver_creek_usgs_temp_3,60.65107,-151.09076,US/Alaska (UTC-9 / UTC-8),"west fork beaver creek, upstream of marathon road",Beaver Creek,STREAM,MAIN,TRUE,TRUE,TBD,FALSE
2022-07-11T03:30:00Z,13.666,beaver_creek_usgs_temp_3,60.65107,-151.09076,US/Alaska (UTC-9 / UTC-8),"west fork beaver creek, upstream of marathon road",Beaver Creek,STREAM,MAIN,TRUE,TRUE,TBD,FALSE
2022-07-11T03:45:00Z,13.666,beaver_creek_usgs_temp_3,60.65107,-151.09076,US/Alaska (UTC-9 / UTC-8),"west fork beaver creek, upstream of marathon road",Beaver Creek,STREAM,MAIN,TRUE,TRUE,TBD,FALSE
2022-07-11T04:00:00Z,13.666,beaver_creek_usgs_temp_3,60.65107,-151.09076,US/Alaska (UTC-9 / UTC-8),"west fork beaver creek, upstream of marathon road",Beaver Creek,STREAM,MAIN,TRUE,TRUE,TBD,FALSE
2022-07-11T04:15:00Z,13.642,beaver_creek_usgs_temp_3,60.65107,-151.09076,US/Alaska (UTC-9 / UTC-8),"west fork beaver creek, upstream of marathon road",Beaver Creek,STREAM,MAIN,TRUE,TRUE,TBD,FALSE
2022-07-11T04:30:00Z,13.642,beaver_creek_usgs_temp_3,60.65107,-151.09076,US/Alaska (UTC-9 / UTC-8),"west fork beaver creek, upstream of marathon road",Beaver Creek,STREAM,MAIN,TRUE,TRUE,TBD,FALSE
2022-07-11T04:45:00Z,13.618,beaver_creek_usgs_temp_3,60.65107,-151.09076,US/Alaska (UTC-9 / UTC-8),"west fork beaver creek, upstream of marathon road",Beaver Creek,STREAM,MAIN,TRUE,TRUE,TBD,FALSE
2022-07-11T05:00:00Z,13.618,beaver_creek_usgs_temp_3,60.65107,-151.09076,US/Alaska (UTC-9 / UTC-8),"west fork beaver creek, upstream of marathon road",Beaver Creek,STREAM,MAIN,TRUE,TRUE,TBD,FALSE
2022-07-11T05:15:00Z,13.618,beaver_creek_usgs_temp_3,60.65107,-151.09076,US/Alaska (UTC-9 / UTC-8),"west fork beaver creek, upstream of marathon road",Beaver Creek,STREAM,MAIN,TRUE,TRUE,TBD,FALSE
2022-07-11T05:30:00Z,13.594,beaver_creek_usgs_temp_3,60.65107,-151.09076,US/Alaska (UTC-9 / UTC-8),"west fork beaver creek, upstream of marathon road",Beaver Creek,STREAM,MAIN,TRUE,TRUE,TBD,FALSE
2022-07-11T05:45:00Z,13.594,beaver_creek_usgs_temp_3,60.65107,-151.09076,US/Alaska (UTC-9 / UTC-8),"west fork beaver creek, upstream of marathon road",Beaver Creek,STREAM,MAIN,TRUE,TRUE,TBD,FALSE
2022-07-11T06:00:00Z,13.57,beaver_creek_usgs_temp_3,60.65107,-151.09076,US/Alaska (UTC-9 / UTC-8),"west fork beaver creek, upstream of marathon road",Beaver Creek,STREAM,MAIN,TRUE,TRUE,TBD,FALSE
2022-07-11T06:15:00Z,13.546,beaver_creek_usgs_temp_3,60.65107,-151.09076,US/Alaska (UTC-9 / UTC-8),"west fork beaver creek, upstream of marathon road",Beaver Creek,STREAM,MAIN,TRUE,TRUE,TBD,FALSE
2022-07-11T06:30:00Z,13.546,beaver_creek_usgs_temp_3,60.65107,-151.09076,US/Alaska (UTC-9 / UTC-8),"west fork beaver creek, upstream of marathon road",Beaver Creek,STREAM,MAIN,TRUE,TRUE,TBD,FALSE
2022-07-11T06:45:00Z,13.522,beaver_creek_usgs_temp_3,60.65107,-151.09076,US/Alaska (UTC-9 / UTC-8),"west fork beaver creek, upstream of marathon road",Beaver Creek,STREAM,MAIN,TRUE,TRUE,TBD,FALSE
2022-07-11T07:00:00Z,13.522,beaver_creek_usgs_temp_3,60.65107,-151.09076,US/Alaska (UTC-9 / UTC-8),"west fork beaver creek, upstream of marathon road",Beaver Creek,STREAM,MAIN,TRUE,TRUE,TBD,FALSE
2022-07-11T07:15:00Z,13.497,beaver_creek_usgs_temp_3,60.65107,-151.09076,US/Alaska (UTC-9 / UTC-8),"west fork beaver creek, upstream of marathon road",Beaver Creek,STREAM,MAIN,TRUE,TRUE,TBD,FALSE
2022-07-11T07:30:00Z,13.473,beaver_creek_usgs_temp_3,60.65107,-151.09076,US/Alaska (UTC-9 / UTC-8),"west fork beaver creek, upstream of marathon road",Beaver Creek,STREAM,MAIN,TRUE,TRUE,TBD,FALSE
2022-07-11T07:45:00Z,13.473,beaver_creek_usgs_temp_3,60.65107,-151.09076,US/Alaska (UTC-9 / UTC-8),"west fork beaver creek, upstream of marathon road",Beaver Creek,STREAM,MAIN,TRUE,TRUE,TBD,FALSE
2022-07-11T08:00:00Z,13.449,beaver_creek_usgs_temp_3,60.65107,-151.09076,US/Alaska (UTC-9 / UTC-8),"west fork beaver creek, upstream of marathon road",Beaver Creek,STREAM,MAIN,TRUE,TRUE,TBD,FALSE
2022-07-11T08:15:00Z,13.425,beaver_creek_usgs_temp_3,60.65107,-151.09076,US/Alaska (UTC-9 / UTC-8),"west fork beaver creek, upstream of marathon road",Beaver Creek,STREAM,MAIN,TRUE,TRUE,TBD,FALSE
2022-07-11T08:30:00Z,13.425,beaver_creek_usgs_temp_3,60.65107,-151.09076,US/Alaska (UTC-9 / UTC-8),"west fork beaver creek, upstream of marathon road",Beaver Creek,STREAM,MAIN,TRUE,TRUE,TBD,FALSE
2022-07-11T08:45:00Z,13.401,beaver_creek_usgs_temp_3,60.65107,-151.09076,US/Alaska (UTC-9 / UTC-8),"west fork beaver creek, upstream of marathon road",Beaver Creek,STREAM,MAIN,TRUE,TRUE,TBD,FALSE
2022-07-11T09:00:00Z,13.401,beaver_creek_usgs_temp_3,60.65107,-151.09076,US/Alaska (UTC-9 / UTC-8),"west fork beaver creek, upstream of marathon road",Beaver Creek,STREAM,MAIN,TRUE,TRUE,TBD,FALSE
2022-07-11T09:15:00Z,13.377,beaver_creek_usgs_temp_3,60.65107,-151.09076,US/Alaska (UTC-9 / UTC-8),"west fork beaver creek, upstream of marathon road",Beaver Creek,STREAM,MAIN,TRUE,TRUE,TBD,FALSE
2022-07-11T09:30:00Z,13.377,beaver_creek_usgs_temp_3,60.65107,-151.09076,US/Alaska (UTC-9 / UTC-8),"west fork beaver creek, upstream of marathon road",Beaver Creek,STREAM,MAIN,TRUE,TRUE,TBD,FALSE
2022-07-11T09:45:00Z,13.353,beaver_creek_usgs_temp_3,60.65107,-151.09076,US/Alaska (UTC-9 / UTC-8),"west fork beaver creek, upstream of marathon road",Beaver Creek,STREAM,MAIN,TRUE,TRUE,TBD,FALSE
2022-07-11T10:00:00Z,13.353,beaver_creek_usgs_temp_3,60.65107,-151.09076,US/Alaska (UTC-9 / UTC-8),"west fork beaver creek, upstream of marathon road",Beaver Creek,STREAM,MAIN,TRUE,TRUE,TBD,FALSE
2022-07-11T10:15:00Z,13.329,beaver_creek_usgs_temp_3,60.65107,-151.09076,US/Alaska (UTC-9 / UTC-8),"west fork beaver creek, upstream of marathon road",Beaver Creek,STREAM,MAIN,TRUE,TRUE,TBD,FALSE
2022-07-11T10:30:00Z,13.329,beaver_creek_usgs_temp_3,60.65107,-151.09076,US/Alaska (UTC-9 / UTC-8),"west fork beaver creek, upstream of marathon road",Beaver Creek,STREAM,MAIN,TRUE,TRUE,TBD,FALSE
2022-07-11T10:45:00Z,13.329,beaver_creek_usgs_temp_3,60.65107,-151.09076,US/Alaska (UTC-9 / UTC-8),"west fork beaver creek, upstream of marathon road",Beaver Creek,STREAM,MAIN,TRUE,TRUE,TBD,FALSE
2022-07-11T11:00:00Z,13.329,beaver_creek_usgs_temp_3,60.65107,-151.09076,US/Alaska (UTC-9 / UTC-8),"west fork beaver creek, upstream of marathon road",Beaver Creek,STREAM,MAIN,TRUE,TRUE,TBD,FALSE
2022-07-11T11:15:00Z,13.329,beaver_creek_usgs_temp_3,60.65107,-151.09076,US/Alaska (UTC-9 / UTC-8),"west fork beaver creek, upstream of marathon road",Beaver Creek,STREAM,MAIN,TRUE,TRUE,TBD,FALSE
2022-07-11T11:30:00Z,13.329,beaver_creek_usgs_temp_3,60.65107,-151.09076,US/Alaska (UTC-9 / UTC-8),"west fork beaver creek, upstream of marathon road",Beaver Creek,STREAM,MAIN,TRUE,TRUE,TBD,FALSE
2022-07-11T11:45:00Z,13.329,beaver_creek_usgs_temp_3,60.65107,-151.09076,US/Alaska (UTC-9 / UTC-8),"west fork beaver creek, upstream of marathon road",Beaver Creek,STREAM,MAIN,TRUE,TRUE,TBD,FALSE
2022-07-11T12:00:00Z,13.329,beaver_creek_usgs_temp_3,60.65107,-151.09076,US/Alaska (UTC-9 / UTC-8),"west fork beaver creek, upstream of marathon road",Beaver Creek,STREAM,MAIN,TRUE,TRUE,TBD,FALSE
2022-07-11T12:15:00Z,13.329,beaver_creek_usgs_temp_3,60.65107,-151.09076,US/Alaska (UTC-9 / UTC-8),"west fork beaver creek, upstream of marathon road",Beaver Creek,STREAM,MAIN,TRUE,TRUE,TBD,FALSE
2022-07-11T12:30:00Z,13.329,beaver_creek_usgs_temp_3,60.65107,-151.09076,US/Alaska (UTC-9 / UTC-8),"west fork beaver creek, upstream of marathon road",Beaver Creek,STREAM,MAIN,TRUE,TRUE,TBD,FALSE
2022-07-11T12:45:00Z,13.329,beaver_creek_usgs_temp_3,60.65107,-151.09076,US/Alaska (UTC-9 / UTC-8),"west fork beaver creek, upstream of marathon road",Beaver Creek,STREAM,MAIN,TRUE,TRUE,TBD,FALSE
2022-07-11T13:00:00Z,13.329,beaver_creek_usgs_temp_3,60.65107,-151.09076,US/Alaska (UTC-9 / UTC-8),"west fork beaver creek, upstream of marathon road",Beaver Creek,STREAM,MAIN,TRUE,TRUE,TBD,FALSE
2022-07-11T13:15:00Z,13.329,beaver_creek_usgs_temp_3,60.65107,-151.09076,US/Alaska (UTC-9 / UTC-8),"west fork beaver creek, upstream of marathon road",Beaver Creek,STREAM,MAIN,TRUE,TRUE,TBD,FALSE
2022-07-11T13:30:00Z,13.353,beaver_creek_usgs_temp_3,60.65107,-151.09076,US/Alaska (UTC-9 / UTC-8),"west fork beaver creek, upstream of marathon road",Beaver Creek,STREAM,MAIN,TRUE,TRUE,TBD,FALSE
2022-07-11T13:45:00Z,13.353,beaver_creek_usgs_temp_3,60.65107,-151.09076,US/Alaska (UTC-9 / UTC-8),"west fork beaver creek, upstream of marathon road",Beaver Creek,STREAM,MAIN,TRUE,TRUE,TBD,FALSE
2022-07-11T14:00:00Z,13.353,beaver_creek_usgs_temp_3,60.65107,-151.09076,US/Alaska (UTC-9 / UTC-8),"west fork beaver creek, upstream of marathon road",Beaver Creek,STREAM,MAIN,TRUE,TRUE,TBD,FALSE
2022-07-11T14:15:00Z,13.377,beaver_creek_usgs_temp_3,60.65107,-151.09076,US/Alaska (UTC-9 / UTC-8),"west fork beaver creek, upstream of marathon road",Beaver Creek,STREAM,MAIN,TRUE,TRUE,TBD,FALSE
2022-07-11T14:30:00Z,13.377,beaver_creek_usgs_temp_3,60.65107,-151.09076,US/Alaska (UTC-9 / UTC-8),"west fork beaver creek, upstream of marathon road",Beaver Creek,STREAM,MAIN,TRUE,TRUE,TBD,FALSE
2022-07-11T14:45:00Z,13.377,beaver_creek_usgs_temp_3,60.65107,-151.09076,US/Alaska (UTC-9 / UTC-8),"west fork beaver creek, upstream of marathon road",Beaver Creek,STREAM,MAIN,TRUE,TRUE,TBD,FALSE
2022-07-11T15:00:00Z,13.377,beaver_creek_usgs_temp_3,60.65107,-151.09076,US/Alaska (UTC-9 / UTC-8),"west fork beaver creek, upstream of marathon road",Beaver Creek,STREAM,MAIN,TRUE,TRUE,TBD,FALSE
2022-07-11T15:15:00Z,13.377,beaver_creek_usgs_temp_3,60.65107,-151.09076,US/Alaska (UTC-9 / UTC-8),"west fork beaver creek, upstream of marathon road",Beaver Creek,STREAM,MAIN,TRUE,TRUE,TBD,FALSE
2022-07-11T15:30:00Z,13.377,beaver_creek_usgs_temp_3,60.65107,-151.09076,US/Alaska (UTC-9 / UTC-8),"west fork beaver creek, upstream of marathon road",Beaver Creek,STREAM,MAIN,TRUE,TRUE,TBD,FALSE
2022-07-11T15:45:00Z,13.377,beaver_creek_usgs_temp_3,60.65107,-151.09076,US/Alaska (UTC-9 / UTC-8),"west fork beaver creek, upstream of marathon road",Beaver Creek,STREAM,MAIN,TRUE,TRUE,TBD,FALSE
2022-07-11T16:00:00Z,13.377,beaver_creek_usgs_temp_3,60.65107,-151.09076,US/Alaska (UTC-9 / UTC-8),"west fork beaver creek, upstream of marathon road",Beaver Creek,STREAM,MAIN,TRUE,TRUE,TBD,FALSE
2022-07-11T16:15:00Z,13.377,beaver_creek_usgs_temp_3,60.65107,-151.09076,US/Alaska (UTC-9 / UTC-8),"west fork beaver creek, upstream of marathon road",Beaver Creek,STREAM,MAIN,TRUE,TRUE,TBD,FALSE
2022-07-11T16:30:00Z,13.377,beaver_creek_usgs_temp_3,60.65107,-151.09076,US/Alaska (UTC-9 / UTC-8),"west fork beaver creek, upstream of marathon road",Beaver Creek,STREAM,MAIN,TRUE,TRUE,TBD,FALSE
2022-07-11T16:45:00Z,13.401,beaver_creek_usgs_temp_3,60.65107,-151.09076,US/Alaska (UTC-9 / UTC-8),"west fork beaver creek, upstream of marathon road",Beaver Creek,STREAM,MAIN,TRUE,TRUE,TBD,FALSE
2022-07-11T17:00:00Z,13.401,beaver_creek_usgs_temp_3,60.65107,-151.09076,US/Alaska (UTC-9 / UTC-8),"west fork beaver creek, upstream of marathon road",Beaver Creek,STREAM,MAIN,TRUE,TRUE,TBD,FALSE
2022-07-11T17:15:00Z,13.401,beaver_creek_usgs_temp_3,60.65107,-151.09076,US/Alaska (UTC-9 / UTC-8),"west fork beaver creek, upstream of marathon road",Beaver Creek,STREAM,MAIN,TRUE,TRUE,TBD,FALSE
2022-07-11T17:30:00Z,13.401,beaver_creek_usgs_temp_3,60.65107,-151.09076,US/Alaska (UTC-9 / UTC-8),"west fork beaver creek, upstream of marathon road",Beaver Creek,STREAM,MAIN,TRUE,TRUE,TBD,FALSE
2022-07-11T17:45:00Z,13.401,beaver_creek_usgs_temp_3,60.65107,-151.09076,US/Alaska (UTC-9 / UTC-8),"west fork beaver creek, upstream of marathon road",Beaver Creek,STREAM,MAIN,TRUE,TRUE,TBD,FALSE
2022-07-11T18:00:00Z,13.401,beaver_creek_usgs_temp_3,60.65107,-151.09076,US/Alaska (UTC-9 / UTC-8),"west fork beaver creek, upstream of marathon road",Beaver Creek,STREAM,MAIN,TRUE,TRUE,TBD,FALSE
2022-07-11T18:15:00Z,13.401,beaver_creek_usgs_temp_3,60.65107,-151.09076,US/Alaska (UTC-9 / UTC-8),"west fork beaver creek, upstream of marathon road",Beaver Creek,STREAM,MAIN,TRUE,TRUE,TBD,FALSE
2022-07-11T18:30:00Z,13.425,beaver_creek_usgs_temp_3,60.65107,-151.09076,US/Alaska (UTC-9 / UTC-8),"west fork beaver creek, upstream of marathon road",Beaver Creek,STREAM,MAIN,TRUE,TRUE,TBD,FALSE
2022-07-11T18:45:00Z,13.425,beaver_creek_usgs_temp_3,60.65107,-151.09076,US/Alaska (UTC-9 / UTC-8),"west fork beaver creek, upstream of marathon road",Beaver Creek,STREAM,MAIN,TRUE,TRUE,TBD,FALSE
2022-07-11T19:00:00Z,13.425,beaver_creek_usgs_temp_3,60.65107,-151.09076,US/Alaska (UTC-9 / UTC-8),"west fork beaver creek, upstream of marathon road",Beaver Creek,STREAM,MAIN,TRUE,TRUE,TBD,FALSE
2022-07-11T19:15:00Z,13.425,beaver_creek_usgs_temp_3,60.65107,-151.09076,US/Alaska (UTC-9 / UTC-8),"west fork beaver creek, upstream of marathon road",Beaver Creek,STREAM,MAIN,TRUE,TRUE,TBD,FALSE
2022-07-11T19:30:00Z,13.425,beaver_creek_usgs_temp_3,60.65107,-151.09076,US/Alaska (UTC-9 / UTC-8),"west fork beaver creek, upstream of marathon road",Beaver Creek,STREAM,MAIN,TRUE,TRUE,TBD,FALSE
2022-07-11T19:45:00Z,13.425,beaver_creek_usgs_temp_3,60.65107,-151.09076,US/Alaska (UTC-9 / UTC-8),"west fork beaver creek, upstream of marathon road",Beaver Creek,STREAM,MAIN,TRUE,TRUE,TBD,FALSE
2022-07-11T20:00:00Z,13.449,beaver_creek_usgs_temp_3,60.65107,-151.09076,US/Alaska (UTC-9 / UTC-8),"west fork beaver creek, upstream of marathon road",Beaver Creek,STREAM,MAIN,TRUE,TRUE,TBD,FALSE
2022-07-11T20:15:00Z,13.449,beaver_creek_usgs_temp_3,60.65107,-151.09076,US/Alaska (UTC-9 / UTC-8),"west fork beaver creek, upstream of marathon road",Beaver Creek,STREAM,MAIN,TRUE,TRUE,TBD,FALSE
2022-07-11T20:30:00Z,13.473,beaver_creek_usgs_temp_3,60.65107,-151.09076,US/Alaska (UTC-9 / UTC-8),"west fork beaver creek, upstream of marathon road",Beaver Creek,STREAM,MAIN,TRUE,TRUE,TBD,FALSE
2022-07-11T20:45:00Z,13.473,beaver_creek_usgs_temp_3,60.65107,-151.09076,US/Alaska (UTC-9 / UTC-8),"west fork beaver creek, upstream of marathon road",Beaver Creek,STREAM,MAIN,TRUE,TRUE,TBD,FALSE
2022-07-11T21:00:00Z,13.473,beaver_creek_usgs_temp_3,60.65107,-151.09076,US/Alaska (UTC-9 / UTC-8),"west fork beaver creek, upstream of marathon road",Beaver Creek,STREAM,MAIN,TRUE,TRUE,TBD,FALSE
2022-07-11T21:15:00Z,13.497,beaver_creek_usgs_temp_3,60.65107,-151.09076,US/Alaska (UTC-9 / UTC-8),"west fork beaver creek, upstream of marathon road",Beaver Creek,STREAM,MAIN,TRUE,TRUE,TBD,FALSE
2022-07-11T21:30:00Z,13.522,beaver_creek_usgs_temp_3,60.65107,-151.09076,US/Alaska (UTC-9 / UTC-8),"west fork beaver creek, upstream of marathon road",Beaver Creek,STREAM,MAIN,TRUE,TRUE,TBD,FALSE
2022-07-11T21:45:00Z,13.522,beaver_creek_usgs_temp_3,60.65107,-151.09076,US/Alaska (UTC-9 / UTC-8),"west fork beaver creek, upstream of marathon road",Beaver Creek,STREAM,MAIN,TRUE,TRUE,TBD,FALSE
2022-07-11T22:00:00Z,13.546,beaver_creek_usgs_temp_3,60.65107,-151.09076,US/Alaska (UTC-9 / UTC-8),"west fork beaver creek, upstream of marathon road",Beaver Creek,STREAM,MAIN,TRUE,TRUE,TBD,FALSE
2022-07-11T22:15:00Z,13.546,beaver_creek_usgs_temp_3,60.65107,-151.09076,US/Alaska (UTC-9 / UTC-8),"west fork beaver creek, upstream of marathon road",Beaver Creek,STREAM,MAIN,TRUE,TRUE,TBD,FALSE
2022-07-11T22:30:00Z,13.57,beaver_creek_usgs_temp_3,60.65107,-151.09076,US/Alaska (UTC-9 / UTC-8),"west fork beaver creek, upstream of marathon road",Beaver Creek,STREAM,MAIN,TRUE,TRUE,TBD,FALSE
2022-07-11T22:45:00Z,13.57,beaver_creek_usgs_temp_3,60.65107,-151.09076,US/Alaska (UTC-9 / UTC-8),"west fork beaver creek, upstream of marathon road",Beaver Creek,STREAM,MAIN,TRUE,TRUE,TBD,FALSE
2022-07-11T23:00:00Z,13.594,beaver_creek_usgs_temp_3,60.65107,-151.09076,US/Alaska (UTC-9 / UTC-8),"west fork beaver creek, upstream of marathon road",Beaver Creek,STREAM,MAIN,TRUE,TRUE,TBD,FALSE
2022-07-11T23:15:00Z,13.618,beaver_creek_usgs_temp_3,60.65107,-151.09076,US/Alaska (UTC-9 / UTC-8),"west fork beaver creek, upstream of marathon road",Beaver Creek,STREAM,MAIN,TRUE,TRUE,TBD,FALSE
2022-07-11T23:30:00Z,13.618,beaver_creek_usgs_temp_3,60.65107,-151.09076,US/Alaska (UTC-9 / UTC-8),"west fork beaver creek, upstream of marathon road",Beaver Creek,STREAM,MAIN,TRUE,TRUE,TBD,FALSE
2022-07-11T23:45:00Z,13.618,beaver_creek_usgs_temp_3,60.65107,-151.09076,US/Alaska (UTC-9 / UTC-8),"west fork beaver creek, upstream of marathon road",Beaver Creek,STREAM,MAIN,TRUE,TRUE,TBD,FALSE
2022-07-12T00:00:00Z,13.642,beaver_creek_usgs_temp_3,60.65107,-151.09076,US/Alaska (UTC-9 / UTC-8),"west fork beaver creek, upstream of marathon road",Beaver Creek,STREAM,MAIN,TRUE,TRUE,TBD,FALSE
2022-07-12T00:15:00Z,13.666,beaver_creek_usgs_temp_3,60.65107,-151.09076,US/Alaska (UTC-9 / UTC-8),"west fork beaver creek, upstream of marathon road",Beaver Creek,STREAM,MAIN,TRUE,TRUE,TBD,FALSE
2022-07-12T00:30:00Z,13.666,beaver_creek_usgs_temp_3,60.65107,-151.09076,US/Alaska (UTC-9 / UTC-8),"west fork beaver creek, upstream of marathon road",Beaver Creek,STREAM,MAIN,TRUE,TRUE,TBD,FALSE
2022-07-12T00:45:00Z,13.666,beaver_creek_usgs_temp_3,60.65107,-151.09076,US/Alaska (UTC-9 / UTC-8),"west fork beaver creek, upstream of marathon road",Beaver Creek,STREAM,MAIN,TRUE,TRUE,TBD,FALSE
2022-07-12T01:00:00Z,13.69,beaver_creek_usgs_temp_3,60.65107,-151.09076,US/Alaska (UTC-9 / UTC-8),"west fork beaver creek, upstream of marathon road",Beaver Creek,STREAM,MAIN,TRUE,TRUE,TBD,FALSE
2022-07-12T01:15:00Z,13.69,beaver_creek_usgs_temp_3,60.65107,-151.09076,US/Alaska (UTC-9 / UTC-8),"west fork beaver creek, upstream of marathon road",Beaver Creek,STREAM,MAIN,TRUE,TRUE,TBD,FALSE
2022-07-12T01:30:00Z,13.714,beaver_creek_usgs_temp_3,60.65107,-151.09076,US/Alaska (UTC-9 / UTC-8),"west fork beaver creek, upstream of marathon road",Beaver Creek,STREAM,MAIN,TRUE,TRUE,TBD,FALSE
2022-07-12T01:45:00Z,13.714,beaver_creek_usgs_temp_3,60.65107,-151.09076,US/Alaska (UTC-9 / UTC-8),"west fork beaver creek, upstream of marathon road",Beaver Creek,STREAM,MAIN,TRUE,TRUE,TBD,FALSE
2022-07-12T02:00:00Z,13.714,beaver_creek_usgs_temp_3,60.65107,-151.09076,US/Alaska (UTC-9 / UTC-8),"west fork beaver creek, upstream of marathon road",Beaver Creek,STREAM,MAIN,TRUE,TRUE,TBD,FALSE
2022-07-12T02:15:00Z,13.714,beaver_creek_usgs_temp_3,60.65107,-151.09076,US/Alaska (UTC-9 / UTC-8),"west fork beaver creek, upstream of marathon road",Beaver Creek,STREAM,MAIN,TRUE,TRUE,TBD,FALSE
2022-07-12T02:30:00Z,13.714,beaver_creek_usgs_temp_3,60.65107,-151.09076,US/Alaska (UTC-9 / UTC-8),"west fork beaver creek, upstream of marathon road",Beaver Creek,STREAM,MAIN,TRUE,TRUE,TBD,FALSE
2022-07-12T02:45:00Z,13.714,beaver_creek_usgs_temp_3,60.65107,-151.09076,US/Alaska (UTC-9 / UTC-8),"west fork beaver creek, upstream of marathon road",Beaver Creek,STREAM,MAIN,TRUE,TRUE,TBD,FALSE
2022-07-12T03:00:00Z,13.738,beaver_creek_usgs_temp_3,60.65107,-151.09076,US/Alaska (UTC-9 / UTC-8),"west fork beaver creek, upstream of marathon road",Beaver Creek,STREAM,MAIN,TRUE,TRUE,TBD,FALSE
2022-07-12T03:15:00Z,13.738,beaver_creek_usgs_temp_3,60.65107,-151.09076,US/Alaska (UTC-9 / UTC-8),"west fork beaver creek, upstream of marathon road",Beaver Creek,STREAM,MAIN,TRUE,TRUE,TBD,FALSE
2022-07-12T03:30:00Z,13.738,beaver_creek_usgs_temp_3,60.65107,-151.09076,US/Alaska (UTC-9 / UTC-8),"west fork beaver creek, upstream of marathon road",Beaver Creek,STREAM,MAIN,TRUE,TRUE,TBD,FALSE
2022-07-12T03:45:00Z,13.738,beaver_creek_usgs_temp_3,60.65107,-151.09076,US/Alaska (UTC-9 / UTC-8),"west fork beaver creek, upstream of marathon road",Beaver Creek,STREAM,MAIN,TRUE,TRUE,TBD,FALSE
2022-07-12T04:00:00Z,13.738,beaver_creek_usgs_temp_3,60.65107,-151.09076,US/Alaska (UTC-9 / UTC-8),"west fork beaver creek, upstream of marathon road",Beaver Creek,STREAM,MAIN,TRUE,TRUE,TBD,FALSE
2022-07-12T04:15:00Z,13.738,beaver_creek_usgs_temp_3,60.65107,-151.09076,US/Alaska (UTC-9 / UTC-8),"west fork beaver creek, upstream of marathon road",Beaver Creek,STREAM,MAIN,TRUE,TRUE,TBD,FALSE
2022-07-12T04:30:00Z,13.738,beaver_creek_usgs_temp_3,60.65107,-151.09076,US/Alaska (UTC-9 / UTC-8),"west fork beaver creek, upstream of marathon road",Beaver Creek,STREAM,MAIN,TRUE,TRUE,TBD,FALSE
2022-07-12T04:45:00Z,13.738,beaver_creek_usgs_temp_3,60.65107,-151.09076,US/Alaska (UTC-9 / UTC-8),"west fork beaver creek, upstream of marathon road",Beaver Creek,STREAM,MAIN,TRUE,TRUE,TBD,FALSE
2022-07-12T05:00:00Z,13.738,beaver_creek_usgs_temp_3,60.65107,-151.09076,US/Alaska (UTC-9 / UTC-8),"west fork beaver creek, upstream of marathon road",Beaver Creek,STREAM,MAIN,TRUE,TRUE,TBD,FALSE
2022-07-12T05:15:00Z,13.738,beaver_creek_usgs_temp_3,60.65107,-151.09076,US/Alaska (UTC-9 / UTC-8),"west fork beaver creek, upstream of marathon road",Beaver Creek,STREAM,MAIN,TRUE,TRUE,TBD,FALSE
2022-07-12T05:30:00Z,13.738,beaver_creek_usgs_temp_3,60.65107,-151.09076,US/Alaska (UTC-9 / UTC-8),"west fork beaver creek, upstream of marathon road",Beaver Creek,STREAM,MAIN,TRUE,TRUE,TBD,FALSE
2022-07-12T05:45:00Z,13.738,beaver_creek_usgs_temp_3,60.65107,-151.09076,US/Alaska (UTC-9 / UTC-8),"west fork beaver creek, upstream of marathon road",Beaver Creek,STREAM,MAIN,TRUE,TRUE,TBD,FALSE
2022-07-12T06:00:00Z,13.738,beaver_creek_usgs_temp_3,60.65107,-151.09076,US/Alaska (UTC-9 / UTC-8),"west fork beaver creek, upstream of marathon road",Beaver Creek,STREAM,MAIN,TRUE,TRUE,TBD,FALSE
2022-07-12T06:15:00Z,13.738,beaver_creek_usgs_temp_3,60.65107,-151.09076,US/Alaska (UTC-9 / UTC-8),"west fork beaver creek, upstream of marathon road",Beaver Creek,STREAM,MAIN,TRUE,TRUE,TBD,FALSE
2022-07-12T06:30:00Z,13.738,beaver_creek_usgs_temp_3,60.65107,-151.09076,US/Alaska (UTC-9 / UTC-8),"west fork beaver creek, upstream of marathon road",Beaver Creek,STREAM,MAIN,TRUE,TRUE,TBD,FALSE
2022-07-12T06:45:00Z,13.738,beaver_creek_usgs_temp_3,60.65107,-151.09076,US/Alaska (UTC-9 / UTC-8),"west fork beaver creek, upstream of marathon road",Beaver Creek,STREAM,MAIN,TRUE,TRUE,TBD,FALSE
2022-07-12T07:00:00Z,13.738,beaver_creek_usgs_temp_3,60.65107,-151.09076,US/Alaska (UTC-9 / UTC-8),"west fork beaver creek, upstream of marathon road",Beaver Creek,STREAM,MAIN,TRUE,TRUE,TBD,FALSE
2022-07-12T07:15:00Z,13.738,beaver_creek_usgs_temp_3,60.65107,-151.09076,US/Alaska (UTC-9 / UTC-8),"west fork beaver creek, upstream of marathon road",Beaver Creek,STREAM,MAIN,TRUE,TRUE,TBD,FALSE
2022-07-12T07:30:00Z,13.738,beaver_creek_usgs_temp_3,60.65107,-151.09076,US/Alaska (UTC-9 / UTC-8),"west fork beaver creek, upstream of marathon road",Beaver Creek,STREAM,MAIN,TRUE,TRUE,TBD,FALSE
2022-07-12T07:45:00Z,13.738,beaver_creek_usgs_temp_3,60.65107,-151.09076,US/Alaska (UTC-9 / UTC-8),"west fork beaver creek, upstream of marathon road",Beaver Creek,STREAM,MAIN,TRUE,TRUE,TBD,FALSE
2022-07-12T08:00:00Z,13.738,beaver_creek_usgs_temp_3,60.65107,-151.09076,US/Alaska (UTC-9 / UTC-8),"west fork beaver creek, upstream of marathon road",Beaver Creek,STREAM,MAIN,TRUE,TRUE,TBD,FALSE
2022-07-12T08:15:00Z,13.714,beaver_creek_usgs_temp_3,60.65107,-151.09076,US/Alaska (UTC-9 / UTC-8),"west fork beaver creek, upstream of marathon road",Beaver Creek,STREAM,MAIN,TRUE,TRUE,TBD,FALSE
2022-07-12T08:30:00Z,13.714,beaver_creek_usgs_temp_3,60.65107,-151.09076,US/Alaska (UTC-9 / UTC-8),"west fork beaver creek, upstream of marathon road",Beaver Creek,STREAM,MAIN,TRUE,TRUE,TBD,FALSE
2022-07-12T08:45:00Z,13.714,beaver_creek_usgs_temp_3,60.65107,-151.09076,US/Alaska (UTC-9 / UTC-8),"west fork beaver creek, upstream of marathon road",Beaver Creek,STREAM,MAIN,TRUE,TRUE,TBD,FALSE
2022-07-12T09:00:00Z,13.714,beaver_creek_usgs_temp_3,60.65107,-151.09076,US/Alaska (UTC-9 / UTC-8),"west fork beaver creek, upstream of marathon road",Beaver Creek,STREAM,MAIN,TRUE,TRUE,TBD,FALSE
2022-07-12T09:15:00Z,13.714,beaver_creek_usgs_temp_3,60.65107,-151.09076,US/Alaska (UTC-9 / UTC-8),"west fork beaver creek, upstream of marathon road",Beaver Creek,STREAM,MAIN,TRUE,TRUE,TBD,FALSE
2022-07-12T09:30:00Z,13.714,beaver_creek_usgs_temp_3,60.65107,-151.09076,US/Alaska (UTC-9 / UTC-8),"west fork beaver creek, upstream of marathon road",Beaver Creek,STREAM,MAIN,TRUE,TRUE,TBD,FALSE
2022-07-12T09:45:00Z,13.714,beaver_creek_usgs_temp_3,60.65107,-151.09076,US/Alaska (UTC-9 / UTC-8),"west fork beaver creek, upstream of marathon road",Beaver Creek,STREAM,MAIN,TRUE,TRUE,TBD,FALSE
2022-07-12T10:00:00Z,13.714,beaver_creek_usgs_temp_3,60.65107,-151.09076,US/Alaska (UTC-9 / UTC-8),"west fork beaver creek, upstream of marathon road",Beaver Creek,STREAM,MAIN,TRUE,TRUE,TBD,FALSE
2022-07-12T10:15:00Z,13.714,beaver_creek_usgs_temp_3,60.65107,-151.09076,US/Alaska (UTC-9 / UTC-8),"west fork beaver creek, upstream of marathon road",Beaver Creek,STREAM,MAIN,TRUE,TRUE,TBD,FALSE
2022-07-12T10:30:00Z,13.69,beaver_creek_usgs_temp_3,60.65107,-151.09076,US/Alaska (UTC-9 / UTC-8),"west fork beaver creek, upstream of marathon road",Beaver Creek,STREAM,MAIN,TRUE,TRUE,TBD,FALSE
2022-07-12T10:45:00Z,13.69,beaver_creek_usgs_temp_3,60.65107,-151.09076,US/Alaska (UTC-9 / UTC-8),"west fork beaver creek, upstream of marathon road",Beaver Creek,STREAM,MAIN,TRUE,TRUE,TBD,FALSE
2022-07-12T11:00:00Z,13.69,beaver_creek_usgs_temp_3,60.65107,-151.09076,US/Alaska (UTC-9 / UTC-8),"west fork beaver creek, upstream of marathon road",Beaver Creek,STREAM,MAIN,TRUE,TRUE,TBD,FALSE
2022-07-12T11:15:00Z,13.69,beaver_creek_usgs_temp_3,60.65107,-151.09076,US/Alaska (UTC-9 / UTC-8),"west fork beaver creek, upstream of marathon road",Beaver Creek,STREAM,MAIN,TRUE,TRUE,TBD,FALSE
2022-07-12T11:30:00Z,13.69,beaver_creek_usgs_temp_3,60.65107,-151.09076,US/Alaska (UTC-9 / UTC-8),"west fork beaver creek, upstream of marathon road",Beaver Creek,STREAM,MAIN,TRUE,TRUE,TBD,FALSE
2022-07-12T11:45:00Z,13.69,beaver_creek_usgs_temp_3,60.65107,-151.09076,US/Alaska (UTC-9 / UTC-8),"west fork beaver creek, upstream of marathon road",Beaver Creek,STREAM,MAIN,TRUE,TRUE,TBD,FALSE
2022-07-12T12:00:00Z,13.69,beaver_creek_usgs_temp_3,60.65107,-151.09076,US/Alaska (UTC-9 / UTC-8),"west fork beaver creek, upstream of marathon road",Beaver Creek,STREAM,MAIN,TRUE,TRUE,TBD,FALSE
2022-07-12T12:15:00Z,13.666,beaver_creek_usgs_temp_3,60.65107,-151.09076,US/Alaska (UTC-9 / UTC-8),"west fork beaver creek, upstream of marathon road",Beaver Creek,STREAM,MAIN,TRUE,TRUE,TBD,FALSE
2022-07-12T12:30:00Z,13.666,beaver_creek_usgs_temp_3,60.65107,-151.09076,US/Alaska (UTC-9 / UTC-8),"west fork beaver creek, upstream of marathon road",Beaver Creek,STREAM,MAIN,TRUE,TRUE,TBD,FALSE
2022-07-12T12:45:00Z,13.666,beaver_creek_usgs_temp_3,60.65107,-151.09076,US/Alaska (UTC-9 / UTC-8),"west fork beaver creek, upstream of marathon road",Beaver Creek,STREAM,MAIN,TRUE,TRUE,TBD,FALSE
2022-07-12T13:00:00Z,13.666,beaver_creek_usgs_temp_3,60.65107,-151.09076,US/Alaska (UTC-9 / UTC-8),"west fork beaver creek, upstream of marathon road",Beaver Creek,STREAM,MAIN,TRUE,TRUE,TBD,FALSE
2022-07-12T13:15:00Z,13.666,beaver_creek_usgs_temp_3,60.65107,-151.09076,US/Alaska (UTC-9 / UTC-8),"west fork beaver creek, upstream of marathon road",Beaver Creek,STREAM,MAIN,TRUE,TRUE,TBD,FALSE
2022-07-12T13:30:00Z,13.666,beaver_creek_usgs_temp_3,60.65107,-151.09076,US/Alaska (UTC-9 / UTC-8),"west fork beaver creek, upstream of marathon road",Beaver Creek,STREAM,MAIN,TRUE,TRUE,TBD,FALSE
2022-07-12T13:45:00Z,13.666,beaver_creek_usgs_temp_3,60.65107,-151.09076,US/Alaska (UTC-9 / UTC-8),"west fork beaver creek, upstream of marathon road",Beaver Creek,STREAM,MAIN,TRUE,TRUE,TBD,FALSE
2022-07-12T14:00:00Z,13.666,beaver_creek_usgs_temp_3,60.65107,-151.09076,US/Alaska (UTC-9 / UTC-8),"west fork beaver creek, upstream of marathon road",Beaver Creek,STREAM,MAIN,TRUE,TRUE,TBD,FALSE
2022-07-12T14:15:00Z,13.666,beaver_creek_usgs_temp_3,60.65107,-151.09076,US/Alaska (UTC-9 / UTC-8),"west fork beaver creek, upstream of marathon road",Beaver Creek,STREAM,MAIN,TRUE,TRUE,TBD,FALSE
2022-07-12T14:30:00Z,13.666,beaver_creek_usgs_temp_3,60.65107,-151.09076,US/Alaska (UTC-9 / UTC-8),"west fork beaver creek, upstream of marathon road",Beaver Creek,STREAM,MAIN,TRUE,TRUE,TBD,FALSE
2022-07-12T14:45:00Z,13.666,beaver_creek_usgs_temp_3,60.65107,-151.09076,US/Alaska (UTC-9 / UTC-8),"west fork beaver creek, upstream of marathon road",Beaver Creek,STREAM,MAIN,TRUE,TRUE,TBD,FALSE
2022-07-12T15:00:00Z,13.666,beaver_creek_usgs_temp_3,60.65107,-151.09076,US/Alaska (UTC-9 / UTC-8),"west fork beaver creek, upstream of marathon road",Beaver Creek,STREAM,MAIN,TRUE,TRUE,TBD,FALSE
2022-07-12T15:15:00Z,13.666,beaver_creek_usgs_temp_3,60.65107,-151.09076,US/Alaska (UTC-9 / UTC-8),"west fork beaver creek, upstream of marathon road",Beaver Creek,STREAM,MAIN,TRUE,TRUE,TBD,FALSE
2022-07-12T15:30:00Z,13.666,beaver_creek_usgs_temp_3,60.65107,-151.09076,US/Alaska (UTC-9 / UTC-8),"west fork beaver creek, upstream of marathon road",Beaver Creek,STREAM,MAIN,TRUE,TRUE,TBD,FALSE
2022-07-12T15:45:00Z,13.666,beaver_creek_usgs_temp_3,60.65107,-151.09076,US/Alaska (UTC-9 / UTC-8),"west fork beaver creek, upstream of marathon road",Beaver Creek,STREAM,MAIN,TRUE,TRUE,TBD,FALSE
2022-07-12T16:00:00Z,13.666,beaver_creek_usgs_temp_3,60.65107,-151.09076,US/Alaska (UTC-9 / UTC-8),"west fork beaver creek, upstream of marathon road",Beaver Creek,STREAM,MAIN,TRUE,TRUE,TBD,FALSE
2022-07-12T16:15:00Z,13.666,beaver_creek_usgs_temp_3,60.65107,-151.09076,US/Alaska (UTC-9 / UTC-8),"west fork beaver creek, upstream of marathon road",Beaver Creek,STREAM,MAIN,TRUE,TRUE,TBD,FALSE
2022-07-12T16:30:00Z,13.666,beaver_creek_usgs_temp_3,60.65107,-151.09076,US/Alaska (UTC-9 / UTC-8),"west fork beaver creek, upstream of marathon road",Beaver Creek,STREAM,MAIN,TRUE,TRUE,TBD,FALSE
2022-07-12T16:45:00Z,13.666,beaver_creek_usgs_temp_3,60.65107,-151.09076,US/Alaska (UTC-9 / UTC-8),"west fork beaver creek, upstream of marathon road",Beaver Creek,STREAM,MAIN,TRUE,TRUE,TBD,FALSE
2022-07-12T17:00:00Z,13.666,beaver_creek_usgs_temp_3,60.65107,-151.09076,US/Alaska (UTC-9 / UTC-8),"west fork beaver creek, upstream of marathon road",Beaver Creek,STREAM,MAIN,TRUE,TRUE,TBD,FALSE
2022-07-12T17:15:00Z,13.666,beaver_creek_usgs_temp_3,60.65107,-151.09076,US/Alaska (UTC-9 / UTC-8),"west fork beaver creek, upstream of marathon road",Beaver Creek,STREAM,MAIN,TRUE,TRUE,TBD,FALSE
2022-07-12T17:30:00Z,13.666,beaver_creek_usgs_temp_3,60.65107,-151.09076,US/Alaska (UTC-9 / UTC-8),"west fork beaver creek, upstream of marathon road",Beaver Creek,STREAM,MAIN,TRUE,TRUE,TBD,FALSE
2022-07-12T17:45:00Z,13.666,beaver_creek_usgs_temp_3,60.65107,-151.09076,US/Alaska (UTC-9 / UTC-8),"west fork beaver creek, upstream of marathon road",Beaver Creek,STREAM,MAIN,TRUE,TRUE,TBD,FALSE
2022-07-12T18:00:00Z,13.666,beaver_creek_usgs_temp_3,60.65107,-151.09076,US/Alaska (UTC-9 / UTC-8),"west fork beaver creek, upstream of marathon road",Beaver Creek,STREAM,MAIN,TRUE,TRUE,TBD,FALSE
2022-07-12T18:15:00Z,13.666,beaver_creek_usgs_temp_3,60.65107,-151.09076,US/Alaska (UTC-9 / UTC-8),"west fork beaver creek, upstream of marathon road",Beaver Creek,STREAM,MAIN,TRUE,TRUE,TBD,FALSE
2022-07-12T18:30:00Z,13.69,beaver_creek_usgs_temp_3,60.65107,-151.09076,US/Alaska (UTC-9 / UTC-8),"west fork beaver creek, upstream of marathon road",Beaver Creek,STREAM,MAIN,TRUE,TRUE,TBD,FALSE
2022-07-12T18:45:00Z,13.69,beaver_creek_usgs_temp_3,60.65107,-151.09076,US/Alaska (UTC-9 / UTC-8),"west fork beaver creek, upstream of marathon road",Beaver Creek,STREAM,MAIN,TRUE,TRUE,TBD,FALSE
2022-07-12T19:00:00Z,13.69,beaver_creek_usgs_temp_3,60.65107,-151.09076,US/Alaska (UTC-9 / UTC-8),"west fork beaver creek, upstream of marathon road",Beaver Creek,STREAM,MAIN,TRUE,TRUE,TBD,FALSE
2022-07-12T19:15:00Z,13.714,beaver_creek_usgs_temp_3,60.65107,-151.09076,US/Alaska (UTC-9 / UTC-8),"west fork beaver creek, upstream of marathon road",Beaver Creek,STREAM,MAIN,TRUE,TRUE,TBD,FALSE
2022-07-12T19:30:00Z,13.714,beaver_creek_usgs_temp_3,60.65107,-151.09076,US/Alaska (UTC-9 / UTC-8),"west fork beaver creek, upstream of marathon road",Beaver Creek,STREAM,MAIN,TRUE,TRUE,TBD,FALSE
2022-07-12T19:45:00Z,13.714,beaver_creek_usgs_temp_3,60.65107,-151.09076,US/Alaska (UTC-9 / UTC-8),"west fork beaver creek, upstream of marathon road",Beaver Creek,STREAM,MAIN,TRUE,TRUE,TBD,FALSE
2022-07-12T20:00:00Z,13.714,beaver_creek_usgs_temp_3,60.65107,-151.09076,US/Alaska (UTC-9 / UTC-8),"west fork beaver creek, upstream of marathon road",Beaver Creek,STREAM,MAIN,TRUE,TRUE,TBD,FALSE
2022-07-12T20:15:00Z,13.714,beaver_creek_usgs_temp_3,60.65107,-151.09076,US/Alaska (UTC-9 / UTC-8),"west fork beaver creek, upstream of marathon road",Beaver Creek,STREAM,MAIN,TRUE,TRUE,TBD,FALSE
2022-07-12T20:30:00Z,13.738,beaver_creek_usgs_temp_3,60.65107,-151.09076,US/Alaska (UTC-9 / UTC-8),"west fork beaver creek, upstream of marathon road",Beaver Creek,STREAM,MAIN,TRUE,TRUE,TBD,FALSE
2022-07-12T20:45:00Z,13.738,beaver_creek_usgs_temp_3,60.65107,-151.09076,US/Alaska (UTC-9 / UTC-8),"west fork beaver creek, upstream of marathon road",Beaver Creek,STREAM,MAIN,TRUE,TRUE,TBD,FALSE
2022-07-12T21:00:00Z,13.738,beaver_creek_usgs_temp_3,60.65107,-151.09076,US/Alaska (UTC-9 / UTC-8),"west fork beaver creek, upstream of marathon road",Beaver Creek,STREAM,MAIN,TRUE,TRUE,TBD,FALSE
2022-07-12T21:15:00Z,13.762,beaver_creek_usgs_temp_3,60.65107,-151.09076,US/Alaska (UTC-9 / UTC-8),"west fork beaver creek, upstream of marathon road",Beaver Creek,STREAM,MAIN,TRUE,TRUE,TBD,FALSE
2022-07-12T21:30:00Z,13.762,beaver_creek_usgs_temp_3,60.65107,-151.09076,US/Alaska (UTC-9 / UTC-8),"west fork beaver creek, upstream of marathon road",Beaver Creek,STREAM,MAIN,TRUE,TRUE,TBD,FALSE
2022-07-12T21:45:00Z,13.762,beaver_creek_usgs_temp_3,60.65107,-151.09076,US/Alaska (UTC-9 / UTC-8),"west fork beaver creek, upstream of marathon road",Beaver Creek,STREAM,MAIN,TRUE,TRUE,TBD,FALSE
2022-07-12T22:00:00Z,13.762,beaver_creek_usgs_temp_3,60.65107,-151.09076,US/Alaska (UTC-9 / UTC-8),"west fork beaver creek, upstream of marathon road",Beaver Creek,STREAM,MAIN,TRUE,TRUE,TBD,FALSE
2022-07-12T22:15:00Z,13.786,beaver_creek_usgs_temp_3,60.65107,-151.09076,US/Alaska (UTC-9 / UTC-8),"west fork beaver creek, upstream of marathon road",Beaver Creek,STREAM,MAIN,TRUE,TRUE,TBD,FALSE
2022-07-12T22:30:00Z,13.786,beaver_creek_usgs_temp_3,60.65107,-151.09076,US/Alaska (UTC-9 / UTC-8),"west fork beaver creek, upstream of marathon road",Beaver Creek,STREAM,MAIN,TRUE,TRUE,TBD,FALSE
2022-07-12T22:45:00Z,13.786,beaver_creek_usgs_temp_3,60.65107,-151.09076,US/Alaska (UTC-9 / UTC-8),"west fork beaver creek, upstream of marathon road",Beaver Creek,STREAM,MAIN,TRUE,TRUE,TBD,FALSE
2022-07-12T23:00:00Z,13.786,beaver_creek_usgs_temp_3,60.65107,-151.09076,US/Alaska (UTC-9 / UTC-8),"west fork beaver creek, upstream of marathon road",Beaver Creek,STREAM,MAIN,TRUE,TRUE,TBD,FALSE
2022-07-12T23:15:00Z,13.786,beaver_creek_usgs_temp_3,60.65107,-151.09076,US/Alaska (UTC-9 / UTC-8),"west fork beaver creek, upstream of marathon road",Beaver Creek,STREAM,MAIN,TRUE,TRUE,TBD,FALSE
2022-07-12T23:30:00Z,13.81,beaver_creek_usgs_temp_3,60.65107,-151.09076,US/Alaska (UTC-9 / UTC-8),"west fork beaver creek, upstream of marathon road",Beaver Creek,STREAM,MAIN,TRUE,TRUE,TBD,FALSE
2022-07-12T23:45:00Z,13.81,beaver_creek_usgs_temp_3,60.65107,-151.09076,US/Alaska (UTC-9 / UTC-8),"west fork beaver creek, upstream of marathon road",Beaver Creek,STREAM,MAIN,TRUE,TRUE,TBD,FALSE
2022-07-13T00:00:00Z,13.81,beaver_creek_usgs_temp_3,60.65107,-151.09076,US/Alaska (UTC-9 / UTC-8),"west fork beaver creek, upstream of marathon road",Beaver Creek,STREAM,MAIN,TRUE,TRUE,TBD,FALSE
2022-07-13T00:15:00Z,13.81,beaver_creek_usgs_temp_3,60.65107,-151.09076,US/Alaska (UTC-9 / UTC-8),"west fork beaver creek, upstream of marathon road",Beaver Creek,STREAM,MAIN,TRUE,TRUE,TBD,FALSE
2022-07-13T00:30:00Z,13.81,beaver_creek_usgs_temp_3,60.65107,-151.09076,US/Alaska (UTC-9 / UTC-8),"west fork beaver creek, upstream of marathon road",Beaver Creek,STREAM,MAIN,TRUE,TRUE,TBD,FALSE
2022-07-13T00:45:00Z,13.81,beaver_creek_usgs_temp_3,60.65107,-151.09076,US/Alaska (UTC-9 / UTC-8),"west fork beaver creek, upstream of marathon road",Beaver Creek,STREAM,MAIN,TRUE,TRUE,TBD,FALSE
2022-07-13T01:00:00Z,13.81,beaver_creek_usgs_temp_3,60.65107,-151.09076,US/Alaska (UTC-9 / UTC-8),"west fork beaver creek, upstream of marathon road",Beaver Creek,STREAM,MAIN,TRUE,TRUE,TBD,FALSE
2022-07-13T01:15:00Z,13.81,beaver_creek_usgs_temp_3,60.65107,-151.09076,US/Alaska (UTC-9 / UTC-8),"west fork beaver creek, upstream of marathon road",Beaver Creek,STREAM,MAIN,TRUE,TRUE,TBD,FALSE
2022-07-13T01:30:00Z,13.81,beaver_creek_usgs_temp_3,60.65107,-151.09076,US/Alaska (UTC-9 / UTC-8),"west fork beaver creek, upstream of marathon road",Beaver Creek,STREAM,MAIN,TRUE,TRUE,TBD,FALSE
2022-07-13T01:45:00Z,13.81,beaver_creek_usgs_temp_3,60.65107,-151.09076,US/Alaska (UTC-9 / UTC-8),"west fork beaver creek, upstream of marathon road",Beaver Creek,STREAM,MAIN,TRUE,TRUE,TBD,FALSE
2022-07-13T02:00:00Z,13.81,beaver_creek_usgs_temp_3,60.65107,-151.09076,US/Alaska (UTC-9 / UTC-8),"west fork beaver creek, upstream of marathon road",Beaver Creek,STREAM,MAIN,TRUE,TRUE,TBD,FALSE
2022-07-13T02:15:00Z,13.81,beaver_creek_usgs_temp_3,60.65107,-151.09076,US/Alaska (UTC-9 / UTC-8),"west fork beaver creek, upstream of marathon road",Beaver Creek,STREAM,MAIN,TRUE,TRUE,TBD,FALSE
2022-07-13T02:30:00Z,13.81,beaver_creek_usgs_temp_3,60.65107,-151.09076,US/Alaska (UTC-9 / UTC-8),"west fork beaver creek, upstream of marathon road",Beaver Creek,STREAM,MAIN,TRUE,TRUE,TBD,FALSE
2022-07-13T02:45:00Z,13.81,beaver_creek_usgs_temp_3,60.65107,-151.09076,US/Alaska (UTC-9 / UTC-8),"west fork beaver creek, upstream of marathon road",Beaver Creek,STREAM,MAIN,TRUE,TRUE,TBD,FALSE
2022-07-13T03:00:00Z,13.81,beaver_creek_usgs_temp_3,60.65107,-151.09076,US/Alaska (UTC-9 / UTC-8),"west fork beaver creek, upstream of marathon road",Beaver Creek,STREAM,MAIN,TRUE,TRUE,TBD,FALSE
2022-07-13T03:15:00Z,13.81,beaver_creek_usgs_temp_3,60.65107,-151.09076,US/Alaska (UTC-9 / UTC-8),"west fork beaver creek, upstream of marathon road",Beaver Creek,STREAM,MAIN,TRUE,TRUE,TBD,FALSE
2022-07-13T03:30:00Z,13.81,beaver_creek_usgs_temp_3,60.65107,-151.09076,US/Alaska (UTC-9 / UTC-8),"west fork beaver creek, upstream of marathon road",Beaver Creek,STREAM,MAIN,TRUE,TRUE,TBD,FALSE
2022-07-13T03:45:00Z,13.81,beaver_creek_usgs_temp_3,60.65107,-151.09076,US/Alaska (UTC-9 / UTC-8),"west fork beaver creek, upstream of marathon road",Beaver Creek,STREAM,MAIN,TRUE,TRUE,TBD,FALSE
2022-07-13T04:00:00Z,13.81,beaver_creek_usgs_temp_3,60.65107,-151.09076,US/Alaska (UTC-9 / UTC-8),"west fork beaver creek, upstream of marathon road",Beaver Creek,STREAM,MAIN,TRUE,TRUE,TBD,FALSE
2022-07-13T04:15:00Z,13.81,beaver_creek_usgs_temp_3,60.65107,-151.09076,US/Alaska (UTC-9 / UTC-8),"west fork beaver creek, upstream of marathon road",Beaver Creek,STREAM,MAIN,TRUE,TRUE,TBD,FALSE
2022-07-13T04:30:00Z,13.81,beaver_creek_usgs_temp_3,60.65107,-151.09076,US/Alaska (UTC-9 / UTC-8),"west fork beaver creek, upstream of marathon road",Beaver Creek,STREAM,MAIN,TRUE,TRUE,TBD,FALSE
2022-07-13T04:45:00Z,13.81,beaver_creek_usgs_temp_3,60.65107,-151.09076,US/Alaska (UTC-9 / UTC-8),"west fork beaver creek, upstream of marathon road",Beaver Creek,STREAM,MAIN,TRUE,TRUE,TBD,FALSE
2022-07-13T05:00:00Z,13.81,beaver_creek_usgs_temp_3,60.65107,-151.09076,US/Alaska (UTC-9 / UTC-8),"west fork beaver creek, upstream of marathon road",Beaver Creek,STREAM,MAIN,TRUE,TRUE,TBD,FALSE
2022-07-13T05:15:00Z,13.81,beaver_creek_usgs_temp_3,60.65107,-151.09076,US/Alaska (UTC-9 / UTC-8),"west fork beaver creek, upstream of marathon road",Beaver Creek,STREAM,MAIN,TRUE,TRUE,TBD,FALSE
2022-07-13T05:30:00Z,13.81,beaver_creek_usgs_temp_3,60.65107,-151.09076,US/Alaska (UTC-9 / UTC-8),"west fork beaver creek, upstream of marathon road",Beaver Creek,STREAM,MAIN,TRUE,TRUE,TBD,FALSE
2022-07-13T05:45:00Z,13.81,beaver_creek_usgs_temp_3,60.65107,-151.09076,US/Alaska (UTC-9 / UTC-8),"west fork beaver creek, upstream of marathon road",Beaver Creek,STREAM,MAIN,TRUE,TRUE,TBD,FALSE
2022-07-13T06:00:00Z,13.81,beaver_creek_usgs_temp_3,60.65107,-151.09076,US/Alaska (UTC-9 / UTC-8),"west fork beaver creek, upstream of marathon road",Beaver Creek,STREAM,MAIN,TRUE,TRUE,TBD,FALSE
2022-07-13T06:15:00Z,13.786,beaver_creek_usgs_temp_3,60.65107,-151.09076,US/Alaska (UTC-9 / UTC-8),"west fork beaver creek, upstream of marathon road",Beaver Creek,STREAM,MAIN,TRUE,TRUE,TBD,FALSE
2022-07-13T06:30:00Z,13.786,beaver_creek_usgs_temp_3,60.65107,-151.09076,US/Alaska (UTC-9 / UTC-8),"west fork beaver creek, upstream of marathon road",Beaver Creek,STREAM,MAIN,TRUE,TRUE,TBD,FALSE
2022-07-13T06:45:00Z,13.786,beaver_creek_usgs_temp_3,60.65107,-151.09076,US/Alaska (UTC-9 / UTC-8),"west fork beaver creek, upstream of marathon road",Beaver Creek,STREAM,MAIN,TRUE,TRUE,TBD,FALSE
2022-07-13T07:00:00Z,13.786,beaver_creek_usgs_temp_3,60.65107,-151.09076,US/Alaska (UTC-9 / UTC-8),"west fork beaver creek, upstream of marathon road",Beaver Creek,STREAM,MAIN,TRUE,TRUE,TBD,FALSE
2022-07-13T07:15:00Z,13.786,beaver_creek_usgs_temp_3,60.65107,-151.09076,US/Alaska (UTC-9 / UTC-8),"west fork beaver creek, upstream of marathon road",Beaver Creek,STREAM,MAIN,TRUE,TRUE,TBD,FALSE
2022-07-13T07:30:00Z,13.762,beaver_creek_usgs_temp_3,60.65107,-151.09076,US/Alaska (UTC-9 / UTC-8),"west fork beaver creek, upstream of marathon road",Beaver Creek,STREAM,MAIN,TRUE,TRUE,TBD,FALSE
2022-07-13T07:45:00Z,13.762,beaver_creek_usgs_temp_3,60.65107,-151.09076,US/Alaska (UTC-9 / UTC-8),"west fork beaver creek, upstream of marathon road",Beaver Creek,STREAM,MAIN,TRUE,TRUE,TBD,FALSE
2022-07-13T08:00:00Z,13.762,beaver_creek_usgs_temp_3,60.65107,-151.09076,US/Alaska (UTC-9 / UTC-8),"west fork beaver creek, upstream of marathon road",Beaver Creek,STREAM,MAIN,TRUE,TRUE,TBD,FALSE
2022-07-13T08:15:00Z,13.762,beaver_creek_usgs_temp_3,60.65107,-151.09076,US/Alaska (UTC-9 / UTC-8),"west fork beaver creek, upstream of marathon road",Beaver Creek,STREAM,MAIN,TRUE,TRUE,TBD,FALSE
2022-07-13T08:30:00Z,13.762,beaver_creek_usgs_temp_3,60.65107,-151.09076,US/Alaska (UTC-9 / UTC-8),"west fork beaver creek, upstream of marathon road",Beaver Creek,STREAM,MAIN,TRUE,TRUE,TBD,FALSE
2022-07-13T08:45:00Z,13.762,beaver_creek_usgs_temp_3,60.65107,-151.09076,US/Alaska (UTC-9 / UTC-8),"west fork beaver creek, upstream of marathon road",Beaver Creek,STREAM,MAIN,TRUE,TRUE,TBD,FALSE
2022-07-13T09:00:00Z,13.738,beaver_creek_usgs_temp_3,60.65107,-151.09076,US/Alaska (UTC-9 / UTC-8),"west fork beaver creek, upstream of marathon road",Beaver Creek,STREAM,MAIN,TRUE,TRUE,TBD,FALSE
2022-07-13T09:15:00Z,13.738,beaver_creek_usgs_temp_3,60.65107,-151.09076,US/Alaska (UTC-9 / UTC-8),"west fork beaver creek, upstream of marathon road",Beaver Creek,STREAM,MAIN,TRUE,TRUE,TBD,FALSE
2022-07-13T09:30:00Z,13.738,beaver_creek_usgs_temp_3,60.65107,-151.09076,US/Alaska (UTC-9 / UTC-8),"west fork beaver creek, upstream of marathon road",Beaver Creek,STREAM,MAIN,TRUE,TRUE,TBD,FALSE
2022-07-13T09:45:00Z,13.738,beaver_creek_usgs_temp_3,60.65107,-151.09076,US/Alaska (UTC-9 / UTC-8),"west fork beaver creek, upstream of marathon road",Beaver Creek,STREAM,MAIN,TRUE,TRUE,TBD,FALSE
2022-07-13T10:00:00Z,13.714,beaver_creek_usgs_temp_3,60.65107,-151.09076,US/Alaska (UTC-9 / UTC-8),"west fork beaver creek, upstream of marathon road",Beaver Creek,STREAM,MAIN,TRUE,TRUE,TBD,FALSE
2022-07-13T10:15:00Z,13.714,beaver_creek_usgs_temp_3,60.65107,-151.09076,US/Alaska (UTC-9 / UTC-8),"west fork beaver creek, upstream of marathon road",Beaver Creek,STREAM,MAIN,TRUE,TRUE,TBD,FALSE
2022-07-13T10:30:00Z,13.714,beaver_creek_usgs_temp_3,60.65107,-151.09076,US/Alaska (UTC-9 / UTC-8),"west fork beaver creek, upstream of marathon road",Beaver Creek,STREAM,MAIN,TRUE,TRUE,TBD,FALSE
2022-07-13T10:45:00Z,13.714,beaver_creek_usgs_temp_3,60.65107,-151.09076,US/Alaska (UTC-9 / UTC-8),"west fork beaver creek, upstream of marathon road",Beaver Creek,STREAM,MAIN,TRUE,TRUE,TBD,FALSE
2022-07-13T11:00:00Z,13.714,beaver_creek_usgs_temp_3,60.65107,-151.09076,US/Alaska (UTC-9 / UTC-8),"west fork beaver creek, upstream of marathon road",Beaver Creek,STREAM,MAIN,TRUE,TRUE,TBD,FALSE
2022-07-13T11:15:00Z,13.714,beaver_creek_usgs_temp_3,60.65107,-151.09076,US/Alaska (UTC-9 / UTC-8),"west fork beaver creek, upstream of marathon road",Beaver Creek,STREAM,MAIN,TRUE,TRUE,TBD,FALSE
2022-07-13T11:30:00Z,13.714,beaver_creek_usgs_temp_3,60.65107,-151.09076,US/Alaska (UTC-9 / UTC-8),"west fork beaver creek, upstream of marathon road",Beaver Creek,STREAM,MAIN,TRUE,TRUE,TBD,FALSE
2022-07-13T11:45:00Z,13.714,beaver_creek_usgs_temp_3,60.65107,-151.09076,US/Alaska (UTC-9 / UTC-8),"west fork beaver creek, upstream of marathon road",Beaver Creek,STREAM,MAIN,TRUE,TRUE,TBD,FALSE
2022-07-13T12:00:00Z,13.69,beaver_creek_usgs_temp_3,60.65107,-151.09076,US/Alaska (UTC-9 / UTC-8),"west fork beaver creek, upstream of marathon road",Beaver Creek,STREAM,MAIN,TRUE,TRUE,TBD,FALSE
2022-07-13T12:15:00Z,13.69,beaver_creek_usgs_temp_3,60.65107,-151.09076,US/Alaska (UTC-9 / UTC-8),"west fork beaver creek, upstream of marathon road",Beaver Creek,STREAM,MAIN,TRUE,TRUE,TBD,FALSE
2022-07-13T12:30:00Z,13.69,beaver_creek_usgs_temp_3,60.65107,-151.09076,US/Alaska (UTC-9 / UTC-8),"west fork beaver creek, upstream of marathon road",Beaver Creek,STREAM,MAIN,TRUE,TRUE,TBD,FALSE
2022-07-13T12:45:00Z,13.69,beaver_creek_usgs_temp_3,60.65107,-151.09076,US/Alaska (UTC-9 / UTC-8),"west fork beaver creek, upstream of marathon road",Beaver Creek,STREAM,MAIN,TRUE,TRUE,TBD,FALSE
2022-07-13T13:00:00Z,13.69,beaver_creek_usgs_temp_3,60.65107,-151.09076,US/Alaska (UTC-9 / UTC-8),"west fork beaver creek, upstream of marathon road",Beaver Creek,STREAM,MAIN,TRUE,TRUE,TBD,FALSE
2022-07-13T13:15:00Z,13.69,beaver_creek_usgs_temp_3,60.65107,-151.09076,US/Alaska (UTC-9 / UTC-8),"west fork beaver creek, upstream of marathon road",Beaver Creek,STREAM,MAIN,TRUE,TRUE,TBD,FALSE
2022-07-13T13:30:00Z,13.69,beaver_creek_usgs_temp_3,60.65107,-151.09076,US/Alaska (UTC-9 / UTC-8),"west fork beaver creek, upstream of marathon road",Beaver Creek,STREAM,MAIN,TRUE,TRUE,TBD,FALSE
2022-07-13T13:45:00Z,13.69,beaver_creek_usgs_temp_3,60.65107,-151.09076,US/Alaska (UTC-9 / UTC-8),"west fork beaver creek, upstream of marathon road",Beaver Creek,STREAM,MAIN,TRUE,TRUE,TBD,FALSE
2022-07-13T14:00:00Z,13.69,beaver_creek_usgs_temp_3,60.65107,-151.09076,US/Alaska (UTC-9 / UTC-8),"west fork beaver creek, upstream of marathon road",Beaver Creek,STREAM,MAIN,TRUE,TRUE,TBD,FALSE
2022-07-13T14:15:00Z,13.69,beaver_creek_usgs_temp_3,60.65107,-151.09076,US/Alaska (UTC-9 / UTC-8),"west fork beaver creek, upstream of marathon road",Beaver Creek,STREAM,MAIN,TRUE,TRUE,TBD,FALSE
2022-07-13T14:30:00Z,13.714,beaver_creek_usgs_temp_3,60.65107,-151.09076,US/Alaska (UTC-9 / UTC-8),"west fork beaver creek, upstream of marathon road",Beaver Creek,STREAM,MAIN,TRUE,TRUE,TBD,FALSE
2022-07-13T14:45:00Z,13.714,beaver_creek_usgs_temp_3,60.65107,-151.09076,US/Alaska (UTC-9 / UTC-8),"west fork beaver creek, upstream of marathon road",Beaver Creek,STREAM,MAIN,TRUE,TRUE,TBD,FALSE
2022-07-13T15:00:00Z,13.714,beaver_creek_usgs_temp_3,60.65107,-151.09076,US/Alaska (UTC-9 / UTC-8),"west fork beaver creek, upstream of marathon road",Beaver Creek,STREAM,MAIN,TRUE,TRUE,TBD,FALSE
2022-07-13T15:15:00Z,13.714,beaver_creek_usgs_temp_3,60.65107,-151.09076,US/Alaska (UTC-9 / UTC-8),"west fork beaver creek, upstream of marathon road",Beaver Creek,STREAM,MAIN,TRUE,TRUE,TBD,FALSE
2022-07-13T15:30:00Z,13.714,beaver_creek_usgs_temp_3,60.65107,-151.09076,US/Alaska (UTC-9 / UTC-8),"west fork beaver creek, upstream of marathon road",Beaver Creek,STREAM,MAIN,TRUE,TRUE,TBD,FALSE
2022-07-13T15:45:00Z,13.714,beaver_creek_usgs_temp_3,60.65107,-151.09076,US/Alaska (UTC-9 / UTC-8),"west fork beaver creek, upstream of marathon road",Beaver Creek,STREAM,MAIN,TRUE,TRUE,TBD,FALSE
2022-07-13T16:00:00Z,13.714,beaver_creek_usgs_temp_3,60.65107,-151.09076,US/Alaska (UTC-9 / UTC-8),"west fork beaver creek, upstream of marathon road",Beaver Creek,STREAM,MAIN,TRUE,TRUE,TBD,FALSE
2022-07-13T16:15:00Z,13.714,beaver_creek_usgs_temp_3,60.65107,-151.09076,US/Alaska (UTC-9 / UTC-8),"west fork beaver creek, upstream of marathon road",Beaver Creek,STREAM,MAIN,TRUE,TRUE,TBD,FALSE
2022-07-13T16:30:00Z,13.738,beaver_creek_usgs_temp_3,60.65107,-151.09076,US/Alaska (UTC-9 / UTC-8),"west fork beaver creek, upstream of marathon road",Beaver Creek,STREAM,MAIN,TRUE,TRUE,TBD,FALSE
2022-07-13T16:45:00Z,13.738,beaver_creek_usgs_temp_3,60.65107,-151.09076,US/Alaska (UTC-9 / UTC-8),"west fork beaver creek, upstream of marathon road",Beaver Creek,STREAM,MAIN,TRUE,TRUE,TBD,FALSE
2022-07-13T17:00:00Z,13.738,beaver_creek_usgs_temp_3,60.65107,-151.09076,US/Alaska (UTC-9 / UTC-8),"west fork beaver creek, upstream of marathon road",Beaver Creek,STREAM,MAIN,TRUE,TRUE,TBD,FALSE
2022-07-13T17:15:00Z,13.738,beaver_creek_usgs_temp_3,60.65107,-151.09076,US/Alaska (UTC-9 / UTC-8),"west fork beaver creek, upstream of marathon road",Beaver Creek,STREAM,MAIN,TRUE,TRUE,TBD,FALSE
2022-07-13T17:30:00Z,13.738,beaver_creek_usgs_temp_3,60.65107,-151.09076,US/Alaska (UTC-9 / UTC-8),"west fork beaver creek, upstream of marathon road",Beaver Creek,STREAM,MAIN,TRUE,TRUE,TBD,FALSE
2022-07-13T17:45:00Z,13.738,beaver_creek_usgs_temp_3,60.65107,-151.09076,US/Alaska (UTC-9 / UTC-8),"west fork beaver creek, upstream of marathon road",Beaver Creek,STREAM,MAIN,TRUE,TRUE,TBD,FALSE
2022-07-13T18:00:00Z,13.762,beaver_creek_usgs_temp_3,60.65107,-151.09076,US/Alaska (UTC-9 / UTC-8),"west fork beaver creek, upstream of marathon road",Beaver Creek,STREAM,MAIN,TRUE,TRUE,TBD,FALSE
2022-07-13T18:15:00Z,13.762,beaver_creek_usgs_temp_3,60.65107,-151.09076,US/Alaska (UTC-9 / UTC-8),"west fork beaver creek, upstream of marathon road",Beaver Creek,STREAM,MAIN,TRUE,TRUE,TBD,FALSE
2022-07-13T18:30:00Z,13.762,beaver_creek_usgs_temp_3,60.65107,-151.09076,US/Alaska (UTC-9 / UTC-8),"west fork beaver creek, upstream of marathon road",Beaver Creek,STREAM,MAIN,TRUE,TRUE,TBD,FALSE
2022-07-13T18:45:00Z,13.762,beaver_creek_usgs_temp_3,60.65107,-151.09076,US/Alaska (UTC-9 / UTC-8),"west fork beaver creek, upstream of marathon road",Beaver Creek,STREAM,MAIN,TRUE,TRUE,TBD,FALSE
2022-07-13T19:00:00Z,13.762,beaver_creek_usgs_temp_3,60.65107,-151.09076,US/Alaska (UTC-9 / UTC-8),"west fork beaver creek, upstream of marathon road",Beaver Creek,STREAM,MAIN,TRUE,TRUE,TBD,FALSE
2022-07-13T19:15:00Z,13.762,beaver_creek_usgs_temp_3,60.65107,-151.09076,US/Alaska (UTC-9 / UTC-8),"west fork beaver creek, upstream of marathon road",Beaver Creek,STREAM,MAIN,TRUE,TRUE,TBD,FALSE
2022-07-13T19:30:00Z,13.786,beaver_creek_usgs_temp_3,60.65107,-151.09076,US/Alaska (UTC-9 / UTC-8),"west fork beaver creek, upstream of marathon road",Beaver Creek,STREAM,MAIN,TRUE,TRUE,TBD,FALSE
2022-07-13T19:45:00Z,13.786,beaver_creek_usgs_temp_3,60.65107,-151.09076,US/Alaska (UTC-9 / UTC-8),"west fork beaver creek, upstream of marathon road",Beaver Creek,STREAM,MAIN,TRUE,TRUE,TBD,FALSE
2022-07-13T20:00:00Z,13.786,beaver_creek_usgs_temp_3,60.65107,-151.09076,US/Alaska (UTC-9 / UTC-8),"west fork beaver creek, upstream of marathon road",Beaver Creek,STREAM,MAIN,TRUE,TRUE,TBD,FALSE
2022-07-13T20:15:00Z,13.81,beaver_creek_usgs_temp_3,60.65107,-151.09076,US/Alaska (UTC-9 / UTC-8),"west fork beaver creek, upstream of marathon road",Beaver Creek,STREAM,MAIN,TRUE,TRUE,TBD,FALSE
2022-07-13T20:30:00Z,13.81,beaver_creek_usgs_temp_3,60.65107,-151.09076,US/Alaska (UTC-9 / UTC-8),"west fork beaver creek, upstream of marathon road",Beaver Creek,STREAM,MAIN,TRUE,TRUE,TBD,FALSE
2022-07-13T20:45:00Z,13.81,beaver_creek_usgs_temp_3,60.65107,-151.09076,US/Alaska (UTC-9 / UTC-8),"west fork beaver creek, upstream of marathon road",Beaver Creek,STREAM,MAIN,TRUE,TRUE,TBD,FALSE
2022-07-13T21:00:00Z,13.81,beaver_creek_usgs_temp_3,60.65107,-151.09076,US/Alaska (UTC-9 / UTC-8),"west fork beaver creek, upstream of marathon road",Beaver Creek,STREAM,MAIN,TRUE,TRUE,TBD,FALSE
2022-07-13T21:15:00Z,13.81,beaver_creek_usgs_temp_3,60.65107,-151.09076,US/Alaska (UTC-9 / UTC-8),"west fork beaver creek, upstream of marathon road",Beaver Creek,STREAM,MAIN,TRUE,TRUE,TBD,FALSE
2022-07-13T21:30:00Z,13.81,beaver_creek_usgs_temp_3,60.65107,-151.09076,US/Alaska (UTC-9 / UTC-8),"west fork beaver creek, upstream of marathon road",Beaver Creek,STREAM,MAIN,TRUE,TRUE,TBD,FALSE
2022-07-13T21:45:00Z,13.81,beaver_creek_usgs_temp_3,60.65107,-151.09076,US/Alaska (UTC-9 / UTC-8),"west fork beaver creek, upstream of marathon road",Beaver Creek,STREAM,MAIN,TRUE,TRUE,TBD,FALSE
2022-07-13T22:00:00Z,13.834,beaver_creek_usgs_temp_3,60.65107,-151.09076,US/Alaska (UTC-9 / UTC-8),"west fork beaver creek, upstream of marathon road",Beaver Creek,STREAM,MAIN,TRUE,TRUE,TBD,FALSE
2022-07-13T22:15:00Z,13.834,beaver_creek_usgs_temp_3,60.65107,-151.09076,US/Alaska (UTC-9 / UTC-8),"west fork beaver creek, upstream of marathon road",Beaver Creek,STREAM,MAIN,TRUE,TRUE,TBD,FALSE
2022-07-13T22:30:00Z,13.834,beaver_creek_usgs_temp_3,60.65107,-151.09076,US/Alaska (UTC-9 / UTC-8),"west fork beaver creek, upstream of marathon road",Beaver Creek,STREAM,MAIN,TRUE,TRUE,TBD,FALSE
2022-07-13T22:45:00Z,13.834,beaver_creek_usgs_temp_3,60.65107,-151.09076,US/Alaska (UTC-9 / UTC-8),"west fork beaver creek, upstream of marathon road",Beaver Creek,STREAM,MAIN,TRUE,TRUE,TBD,FALSE
2022-07-13T23:00:00Z,13.834,beaver_creek_usgs_temp_3,60.65107,-151.09076,US/Alaska (UTC-9 / UTC-8),"west fork beaver creek, upstream of marathon road",Beaver Creek,STREAM,MAIN,TRUE,TRUE,TBD,FALSE
2022-07-13T23:15:00Z,13.834,beaver_creek_usgs_temp_3,60.65107,-151.09076,US/Alaska (UTC-9 / UTC-8),"west fork beaver creek, upstream of marathon road",Beaver Creek,STREAM,MAIN,TRUE,TRUE,TBD,FALSE
2022-07-13T23:30:00Z,13.834,beaver_creek_usgs_temp_3,60.65107,-151.09076,US/Alaska (UTC-9 / UTC-8),"west fork beaver creek, upstream of marathon road",Beaver Creek,STREAM,MAIN,TRUE,TRUE,TBD,FALSE
2022-07-13T23:45:00Z,13.81,beaver_creek_usgs_temp_3,60.65107,-151.09076,US/Alaska (UTC-9 / UTC-8),"west fork beaver creek, upstream of marathon road",Beaver Creek,STREAM,MAIN,TRUE,TRUE,TBD,FALSE
2022-07-14T00:00:00Z,13.81,beaver_creek_usgs_temp_3,60.65107,-151.09076,US/Alaska (UTC-9 / UTC-8),"west fork beaver creek, upstream of marathon road",Beaver Creek,STREAM,MAIN,TRUE,TRUE,TBD,FALSE
2022-07-14T00:15:00Z,13.81,beaver_creek_usgs_temp_3,60.65107,-151.09076,US/Alaska (UTC-9 / UTC-8),"west fork beaver creek, upstream of marathon road",Beaver Creek,STREAM,MAIN,TRUE,TRUE,TBD,FALSE
2022-07-14T00:30:00Z,13.81,beaver_creek_usgs_temp_3,60.65107,-151.09076,US/Alaska (UTC-9 / UTC-8),"west fork beaver creek, upstream of marathon road",Beaver Creek,STREAM,MAIN,TRUE,TRUE,TBD,FALSE
2022-07-14T00:45:00Z,13.81,beaver_creek_usgs_temp_3,60.65107,-151.09076,US/Alaska (UTC-9 / UTC-8),"west fork beaver creek, upstream of marathon road",Beaver Creek,STREAM,MAIN,TRUE,TRUE,TBD,FALSE
2022-07-14T01:00:00Z,13.81,beaver_creek_usgs_temp_3,60.65107,-151.09076,US/Alaska (UTC-9 / UTC-8),"west fork beaver creek, upstream of marathon road",Beaver Creek,STREAM,MAIN,TRUE,TRUE,TBD,FALSE
2022-07-14T01:15:00Z,13.81,beaver_creek_usgs_temp_3,60.65107,-151.09076,US/Alaska (UTC-9 / UTC-8),"west fork beaver creek, upstream of marathon road",Beaver Creek,STREAM,MAIN,TRUE,TRUE,TBD,FALSE
2022-07-14T01:30:00Z,13.786,beaver_creek_usgs_temp_3,60.65107,-151.09076,US/Alaska (UTC-9 / UTC-8),"west fork beaver creek, upstream of marathon road",Beaver Creek,STREAM,MAIN,TRUE,TRUE,TBD,FALSE
2022-07-14T01:45:00Z,13.786,beaver_creek_usgs_temp_3,60.65107,-151.09076,US/Alaska (UTC-9 / UTC-8),"west fork beaver creek, upstream of marathon road",Beaver Creek,STREAM,MAIN,TRUE,TRUE,TBD,FALSE
2022-07-14T02:00:00Z,13.786,beaver_creek_usgs_temp_3,60.65107,-151.09076,US/Alaska (UTC-9 / UTC-8),"west fork beaver creek, upstream of marathon road",Beaver Creek,STREAM,MAIN,TRUE,TRUE,TBD,FALSE
2022-07-14T02:15:00Z,13.786,beaver_creek_usgs_temp_3,60.65107,-151.09076,US/Alaska (UTC-9 / UTC-8),"west fork beaver creek, upstream of marathon road",Beaver Creek,STREAM,MAIN,TRUE,TRUE,TBD,FALSE
2022-07-14T02:30:00Z,13.762,beaver_creek_usgs_temp_3,60.65107,-151.09076,US/Alaska (UTC-9 / UTC-8),"west fork beaver creek, upstream of marathon road",Beaver Creek,STREAM,MAIN,TRUE,TRUE,TBD,FALSE
2022-07-14T02:45:00Z,13.762,beaver_creek_usgs_temp_3,60.65107,-151.09076,US/Alaska (UTC-9 / UTC-8),"west fork beaver creek, upstream of marathon road",Beaver Creek,STREAM,MAIN,TRUE,TRUE,TBD,FALSE
2022-07-14T03:00:00Z,13.762,beaver_creek_usgs_temp_3,60.65107,-151.09076,US/Alaska (UTC-9 / UTC-8),"west fork beaver creek, upstream of marathon road",Beaver Creek,STREAM,MAIN,TRUE,TRUE,TBD,FALSE
2022-07-14T03:15:00Z,13.762,beaver_creek_usgs_temp_3,60.65107,-151.09076,US/Alaska (UTC-9 / UTC-8),"west fork beaver creek, upstream of marathon road",Beaver Creek,STREAM,MAIN,TRUE,TRUE,TBD,FALSE
2022-07-14T03:30:00Z,13.738,beaver_creek_usgs_temp_3,60.65107,-151.09076,US/Alaska (UTC-9 / UTC-8),"west fork beaver creek, upstream of marathon road",Beaver Creek,STREAM,MAIN,TRUE,TRUE,TBD,FALSE
2022-07-14T03:45:00Z,13.738,beaver_creek_usgs_temp_3,60.65107,-151.09076,US/Alaska (UTC-9 / UTC-8),"west fork beaver creek, upstream of marathon road",Beaver Creek,STREAM,MAIN,TRUE,TRUE,TBD,FALSE
2022-07-14T04:00:00Z,13.738,beaver_creek_usgs_temp_3,60.65107,-151.09076,US/Alaska (UTC-9 / UTC-8),"west fork beaver creek, upstream of marathon road",Beaver Creek,STREAM,MAIN,TRUE,TRUE,TBD,FALSE
2022-07-14T04:15:00Z,13.714,beaver_creek_usgs_temp_3,60.65107,-151.09076,US/Alaska (UTC-9 / UTC-8),"west fork beaver creek, upstream of marathon road",Beaver Creek,STREAM,MAIN,TRUE,TRUE,TBD,FALSE
2022-07-14T04:30:00Z,13.714,beaver_creek_usgs_temp_3,60.65107,-151.09076,US/Alaska (UTC-9 / UTC-8),"west fork beaver creek, upstream of marathon road",Beaver Creek,STREAM,MAIN,TRUE,TRUE,TBD,FALSE
2022-07-14T04:45:00Z,13.714,beaver_creek_usgs_temp_3,60.65107,-151.09076,US/Alaska (UTC-9 / UTC-8),"west fork beaver creek, upstream of marathon road",Beaver Creek,STREAM,MAIN,TRUE,TRUE,TBD,FALSE
2022-07-14T05:00:00Z,13.714,beaver_creek_usgs_temp_3,60.65107,-151.09076,US/Alaska (UTC-9 / UTC-8),"west fork beaver creek, upstream of marathon road",Beaver Creek,STREAM,MAIN,TRUE,TRUE,TBD,FALSE
2022-07-14T05:15:00Z,13.69,beaver_creek_usgs_temp_3,60.65107,-151.09076,US/Alaska (UTC-9 / UTC-8),"west fork beaver creek, upstream of marathon road",Beaver Creek,STREAM,MAIN,TRUE,TRUE,TBD,FALSE
2022-07-14T05:30:00Z,13.69,beaver_creek_usgs_temp_3,60.65107,-151.09076,US/Alaska (UTC-9 / UTC-8),"west fork beaver creek, upstream of marathon road",Beaver Creek,STREAM,MAIN,TRUE,TRUE,TBD,FALSE
2022-07-14T05:45:00Z,13.666,beaver_creek_usgs_temp_3,60.65107,-151.09076,US/Alaska (UTC-9 / UTC-8),"west fork beaver creek, upstream of marathon road",Beaver Creek,STREAM,MAIN,TRUE,TRUE,TBD,FALSE
2022-07-14T06:00:00Z,13.666,beaver_creek_usgs_temp_3,60.65107,-151.09076,US/Alaska (UTC-9 / UTC-8),"west fork beaver creek, upstream of marathon road",Beaver Creek,STREAM,MAIN,TRUE,TRUE,TBD,FALSE
2022-07-14T06:15:00Z,13.666,beaver_creek_usgs_temp_3,60.65107,-151.09076,US/Alaska (UTC-9 / UTC-8),"west fork beaver creek, upstream of marathon road",Beaver Creek,STREAM,MAIN,TRUE,TRUE,TBD,FALSE
2022-07-14T06:30:00Z,13.666,beaver_creek_usgs_temp_3,60.65107,-151.09076,US/Alaska (UTC-9 / UTC-8),"west fork beaver creek, upstream of marathon road",Beaver Creek,STREAM,MAIN,TRUE,TRUE,TBD,FALSE
2022-07-14T06:45:00Z,13.642,beaver_creek_usgs_temp_3,60.65107,-151.09076,US/Alaska (UTC-9 / UTC-8),"west fork beaver creek, upstream of marathon road",Beaver Creek,STREAM,MAIN,TRUE,TRUE,TBD,FALSE
2022-07-14T07:00:00Z,13.642,beaver_creek_usgs_temp_3,60.65107,-151.09076,US/Alaska (UTC-9 / UTC-8),"west fork beaver creek, upstream of marathon road",Beaver Creek,STREAM,MAIN,TRUE,TRUE,TBD,FALSE
2022-07-14T07:15:00Z,13.618,beaver_creek_usgs_temp_3,60.65107,-151.09076,US/Alaska (UTC-9 / UTC-8),"west fork beaver creek, upstream of marathon road",Beaver Creek,STREAM,MAIN,TRUE,TRUE,TBD,FALSE
2022-07-14T07:30:00Z,13.618,beaver_creek_usgs_temp_3,60.65107,-151.09076,US/Alaska (UTC-9 / UTC-8),"west fork beaver creek, upstream of marathon road",Beaver Creek,STREAM,MAIN,TRUE,TRUE,TBD,FALSE
2022-07-14T07:45:00Z,13.618,beaver_creek_usgs_temp_3,60.65107,-151.09076,US/Alaska (UTC-9 / UTC-8),"west fork beaver creek, upstream of marathon road",Beaver Creek,STREAM,MAIN,TRUE,TRUE,TBD,FALSE
2022-07-14T08:00:00Z,13.594,beaver_creek_usgs_temp_3,60.65107,-151.09076,US/Alaska (UTC-9 / UTC-8),"west fork beaver creek, upstream of marathon road",Beaver Creek,STREAM,MAIN,TRUE,TRUE,TBD,FALSE
2022-07-14T08:15:00Z,13.594,beaver_creek_usgs_temp_3,60.65107,-151.09076,US/Alaska (UTC-9 / UTC-8),"west fork beaver creek, upstream of marathon road",Beaver Creek,STREAM,MAIN,TRUE,TRUE,TBD,FALSE
2022-07-14T08:30:00Z,13.594,beaver_creek_usgs_temp_3,60.65107,-151.09076,US/Alaska (UTC-9 / UTC-8),"west fork beaver creek, upstream of marathon road",Beaver Creek,STREAM,MAIN,TRUE,TRUE,TBD,FALSE
2022-07-14T08:45:00Z,13.57,beaver_creek_usgs_temp_3,60.65107,-151.09076,US/Alaska (UTC-9 / UTC-8),"west fork beaver creek, upstream of marathon road",Beaver Creek,STREAM,MAIN,TRUE,TRUE,TBD,FALSE
2022-07-14T09:00:00Z,13.57,beaver_creek_usgs_temp_3,60.65107,-151.09076,US/Alaska (UTC-9 / UTC-8),"west fork beaver creek, upstream of marathon road",Beaver Creek,STREAM,MAIN,TRUE,TRUE,TBD,FALSE
2022-07-14T09:15:00Z,13.57,beaver_creek_usgs_temp_3,60.65107,-151.09076,US/Alaska (UTC-9 / UTC-8),"west fork beaver creek, upstream of marathon road",Beaver Creek,STREAM,MAIN,TRUE,TRUE,TBD,FALSE
2022-07-14T09:30:00Z,13.546,beaver_creek_usgs_temp_3,60.65107,-151.09076,US/Alaska (UTC-9 / UTC-8),"west fork beaver creek, upstream of marathon road",Beaver Creek,STREAM,MAIN,TRUE,TRUE,TBD,FALSE
2022-07-14T09:45:00Z,13.546,beaver_creek_usgs_temp_3,60.65107,-151.09076,US/Alaska (UTC-9 / UTC-8),"west fork beaver creek, upstream of marathon road",Beaver Creek,STREAM,MAIN,TRUE,TRUE,TBD,FALSE
2022-07-14T10:00:00Z,13.546,beaver_creek_usgs_temp_3,60.65107,-151.09076,US/Alaska (UTC-9 / UTC-8),"west fork beaver creek, upstream of marathon road",Beaver Creek,STREAM,MAIN,TRUE,TRUE,TBD,FALSE
2022-07-14T10:15:00Z,13.522,beaver_creek_usgs_temp_3,60.65107,-151.09076,US/Alaska (UTC-9 / UTC-8),"west fork beaver creek, upstream of marathon road",Beaver Creek,STREAM,MAIN,TRUE,TRUE,TBD,FALSE
2022-07-14T10:30:00Z,13.522,beaver_creek_usgs_temp_3,60.65107,-151.09076,US/Alaska (UTC-9 / UTC-8),"west fork beaver creek, upstream of marathon road",Beaver Creek,STREAM,MAIN,TRUE,TRUE,TBD,FALSE
2022-07-14T10:45:00Z,13.522,beaver_creek_usgs_temp_3,60.65107,-151.09076,US/Alaska (UTC-9 / UTC-8),"west fork beaver creek, upstream of marathon road",Beaver Creek,STREAM,MAIN,TRUE,TRUE,TBD,FALSE
2022-07-14T11:00:00Z,13.522,beaver_creek_usgs_temp_3,60.65107,-151.09076,US/Alaska (UTC-9 / UTC-8),"west fork beaver creek, upstream of marathon road",Beaver Creek,STREAM,MAIN,TRUE,TRUE,TBD,FALSE
2022-07-14T11:15:00Z,13.522,beaver_creek_usgs_temp_3,60.65107,-151.09076,US/Alaska (UTC-9 / UTC-8),"west fork beaver creek, upstream of marathon road",Beaver Creek,STREAM,MAIN,TRUE,TRUE,TBD,FALSE
2022-07-14T11:30:00Z,13.522,beaver_creek_usgs_temp_3,60.65107,-151.09076,US/Alaska (UTC-9 / UTC-8),"west fork beaver creek, upstream of marathon road",Beaver Creek,STREAM,MAIN,TRUE,TRUE,TBD,FALSE
2022-07-14T11:45:00Z,13.522,beaver_creek_usgs_temp_3,60.65107,-151.09076,US/Alaska (UTC-9 / UTC-8),"west fork beaver creek, upstream of marathon road",Beaver Creek,STREAM,MAIN,TRUE,TRUE,TBD,FALSE
2022-07-14T12:00:00Z,13.497,beaver_creek_usgs_temp_3,60.65107,-151.09076,US/Alaska (UTC-9 / UTC-8),"west fork beaver creek, upstream of marathon road",Beaver Creek,STREAM,MAIN,TRUE,TRUE,TBD,FALSE
2022-07-14T12:15:00Z,13.497,beaver_creek_usgs_temp_3,60.65107,-151.09076,US/Alaska (UTC-9 / UTC-8),"west fork beaver creek, upstream of marathon road",Beaver Creek,STREAM,MAIN,TRUE,TRUE,TBD,FALSE
2022-07-14T12:30:00Z,13.497,beaver_creek_usgs_temp_3,60.65107,-151.09076,US/Alaska (UTC-9 / UTC-8),"west fork beaver creek, upstream of marathon road",Beaver Creek,STREAM,MAIN,TRUE,TRUE,TBD,FALSE
2022-07-14T12:45:00Z,13.497,beaver_creek_usgs_temp_3,60.65107,-151.09076,US/Alaska (UTC-9 / UTC-8),"west fork beaver creek, upstream of marathon road",Beaver Creek,STREAM,MAIN,TRUE,TRUE,TBD,FALSE
2022-07-14T13:00:00Z,13.497,beaver_creek_usgs_temp_3,60.65107,-151.09076,US/Alaska (UTC-9 / UTC-8),"west fork beaver creek, upstream of marathon road",Beaver Creek,STREAM,MAIN,TRUE,TRUE,TBD,FALSE
2022-07-14T13:15:00Z,13.522,beaver_creek_usgs_temp_3,60.65107,-151.09076,US/Alaska (UTC-9 / UTC-8),"west fork beaver creek, upstream of marathon road",Beaver Creek,STREAM,MAIN,TRUE,TRUE,TBD,FALSE
2022-07-14T13:30:00Z,13.522,beaver_creek_usgs_temp_3,60.65107,-151.09076,US/Alaska (UTC-9 / UTC-8),"west fork beaver creek, upstream of marathon road",Beaver Creek,STREAM,MAIN,TRUE,TRUE,TBD,FALSE
2022-07-14T13:45:00Z,13.522,beaver_creek_usgs_temp_3,60.65107,-151.09076,US/Alaska (UTC-9 / UTC-8),"west fork beaver creek, upstream of marathon road",Beaver Creek,STREAM,MAIN,TRUE,TRUE,TBD,FALSE
2022-07-14T14:00:00Z,13.522,beaver_creek_usgs_temp_3,60.65107,-151.09076,US/Alaska (UTC-9 / UTC-8),"west fork beaver creek, upstream of marathon road",Beaver Creek,STREAM,MAIN,TRUE,TRUE,TBD,FALSE
2022-07-14T14:15:00Z,13.522,beaver_creek_usgs_temp_3,60.65107,-151.09076,US/Alaska (UTC-9 / UTC-8),"west fork beaver creek, upstream of marathon road",Beaver Creek,STREAM,MAIN,TRUE,TRUE,TBD,FALSE
2022-07-14T14:30:00Z,13.522,beaver_creek_usgs_temp_3,60.65107,-151.09076,US/Alaska (UTC-9 / UTC-8),"west fork beaver creek, upstream of marathon road",Beaver Creek,STREAM,MAIN,TRUE,TRUE,TBD,FALSE
2022-07-14T14:45:00Z,13.522,beaver_creek_usgs_temp_3,60.65107,-151.09076,US/Alaska (UTC-9 / UTC-8),"west fork beaver creek, upstream of marathon road",Beaver Creek,STREAM,MAIN,TRUE,TRUE,TBD,FALSE
2022-07-14T15:00:00Z,13.522,beaver_creek_usgs_temp_3,60.65107,-151.09076,US/Alaska (UTC-9 / UTC-8),"west fork beaver creek, upstream of marathon road",Beaver Creek,STREAM,MAIN,TRUE,TRUE,TBD,FALSE
2022-07-14T15:15:00Z,13.522,beaver_creek_usgs_temp_3,60.65107,-151.09076,US/Alaska (UTC-9 / UTC-8),"west fork beaver creek, upstream of marathon road",Beaver Creek,STREAM,MAIN,TRUE,TRUE,TBD,FALSE
2022-07-14T15:30:00Z,13.522,beaver_creek_usgs_temp_3,60.65107,-151.09076,US/Alaska (UTC-9 / UTC-8),"west fork beaver creek, upstream of marathon road",Beaver Creek,STREAM,MAIN,TRUE,TRUE,TBD,FALSE
2022-07-14T15:45:00Z,13.522,beaver_creek_usgs_temp_3,60.65107,-151.09076,US/Alaska (UTC-9 / UTC-8),"west fork beaver creek, upstream of marathon road",Beaver Creek,STREAM,MAIN,TRUE,TRUE,TBD,FALSE
2022-07-14T16:00:00Z,13.546,beaver_creek_usgs_temp_3,60.65107,-151.09076,US/Alaska (UTC-9 / UTC-8),"west fork beaver creek, upstream of marathon road",Beaver Creek,STREAM,MAIN,TRUE,TRUE,TBD,FALSE
2022-07-14T16:15:00Z,13.546,beaver_creek_usgs_temp_3,60.65107,-151.09076,US/Alaska (UTC-9 / UTC-8),"west fork beaver creek, upstream of marathon road",Beaver Creek,STREAM,MAIN,TRUE,TRUE,TBD,FALSE
2022-07-14T16:30:00Z,13.546,beaver_creek_usgs_temp_3,60.65107,-151.09076,US/Alaska (UTC-9 / UTC-8),"west fork beaver creek, upstream of marathon road",Beaver Creek,STREAM,MAIN,TRUE,TRUE,TBD,FALSE
2022-07-14T16:45:00Z,13.546,beaver_creek_usgs_temp_3,60.65107,-151.09076,US/Alaska (UTC-9 / UTC-8),"west fork beaver creek, upstream of marathon road",Beaver Creek,STREAM,MAIN,TRUE,TRUE,TBD,FALSE
2022-07-14T17:00:00Z,13.546,beaver_creek_usgs_temp_3,60.65107,-151.09076,US/Alaska (UTC-9 / UTC-8),"west fork beaver creek, upstream of marathon road",Beaver Creek,STREAM,MAIN,TRUE,TRUE,TBD,FALSE
2022-07-14T17:15:00Z,13.546,beaver_creek_usgs_temp_3,60.65107,-151.09076,US/Alaska (UTC-9 / UTC-8),"west fork beaver creek, upstream of marathon road",Beaver Creek,STREAM,MAIN,TRUE,TRUE,TBD,FALSE
2022-07-14T17:30:00Z,13.57,beaver_creek_usgs_temp_3,60.65107,-151.09076,US/Alaska (UTC-9 / UTC-8),"west fork beaver creek, upstream of marathon road",Beaver Creek,STREAM,MAIN,TRUE,TRUE,TBD,FALSE
2022-07-14T17:45:00Z,13.57,beaver_creek_usgs_temp_3,60.65107,-151.09076,US/Alaska (UTC-9 / UTC-8),"west fork beaver creek, upstream of marathon road",Beaver Creek,STREAM,MAIN,TRUE,TRUE,TBD,FALSE
2022-07-14T18:00:00Z,13.57,beaver_creek_usgs_temp_3,60.65107,-151.09076,US/Alaska (UTC-9 / UTC-8),"west fork beaver creek, upstream of marathon road",Beaver Creek,STREAM,MAIN,TRUE,TRUE,TBD,FALSE
2022-07-14T18:15:00Z,13.57,beaver_creek_usgs_temp_3,60.65107,-151.09076,US/Alaska (UTC-9 / UTC-8),"west fork beaver creek, upstream of marathon road",Beaver Creek,STREAM,MAIN,TRUE,TRUE,TBD,FALSE
2022-07-14T18:30:00Z,13.57,beaver_creek_usgs_temp_3,60.65107,-151.09076,US/Alaska (UTC-9 / UTC-8),"west fork beaver creek, upstream of marathon road",Beaver Creek,STREAM,MAIN,TRUE,TRUE,TBD,FALSE
2022-07-14T18:45:00Z,13.57,beaver_creek_usgs_temp_3,60.65107,-151.09076,US/Alaska (UTC-9 / UTC-8),"west fork beaver creek, upstream of marathon road",Beaver Creek,STREAM,MAIN,TRUE,TRUE,TBD,FALSE
2022-07-14T19:00:00Z,13.594,beaver_creek_usgs_temp_3,60.65107,-151.09076,US/Alaska (UTC-9 / UTC-8),"west fork beaver creek, upstream of marathon road",Beaver Creek,STREAM,MAIN,TRUE,TRUE,TBD,FALSE
2022-07-14T19:15:00Z,13.594,beaver_creek_usgs_temp_3,60.65107,-151.09076,US/Alaska (UTC-9 / UTC-8),"west fork beaver creek, upstream of marathon road",Beaver Creek,STREAM,MAIN,TRUE,TRUE,TBD,FALSE
2022-07-14T19:30:00Z,13.594,beaver_creek_usgs_temp_3,60.65107,-151.09076,US/Alaska (UTC-9 / UTC-8),"west fork beaver creek, upstream of marathon road",Beaver Creek,STREAM,MAIN,TRUE,TRUE,TBD,FALSE
2022-07-14T19:45:00Z,13.618,beaver_creek_usgs_temp_3,60.65107,-151.09076,US/Alaska (UTC-9 / UTC-8),"west fork beaver creek, upstream of marathon road",Beaver Creek,STREAM,MAIN,TRUE,TRUE,TBD,FALSE
2022-07-14T20:00:00Z,13.618,beaver_creek_usgs_temp_3,60.65107,-151.09076,US/Alaska (UTC-9 / UTC-8),"west fork beaver creek, upstream of marathon road",Beaver Creek,STREAM,MAIN,TRUE,TRUE,TBD,FALSE
2022-07-14T20:15:00Z,13.618,beaver_creek_usgs_temp_3,60.65107,-151.09076,US/Alaska (UTC-9 / UTC-8),"west fork beaver creek, upstream of marathon road",Beaver Creek,STREAM,MAIN,TRUE,TRUE,TBD,FALSE
2022-07-14T20:30:00Z,13.642,beaver_creek_usgs_temp_3,60.65107,-151.09076,US/Alaska (UTC-9 / UTC-8),"west fork beaver creek, upstream of marathon road",Beaver Creek,STREAM,MAIN,TRUE,TRUE,TBD,FALSE
2022-07-14T20:45:00Z,13.642,beaver_creek_usgs_temp_3,60.65107,-151.09076,US/Alaska (UTC-9 / UTC-8),"west fork beaver creek, upstream of marathon road",Beaver Creek,STREAM,MAIN,TRUE,TRUE,TBD,FALSE
2022-07-14T21:00:00Z,13.666,beaver_creek_usgs_temp_3,60.65107,-151.09076,US/Alaska (UTC-9 / UTC-8),"west fork beaver creek, upstream of marathon road",Beaver Creek,STREAM,MAIN,TRUE,TRUE,TBD,FALSE
2022-07-14T21:15:00Z,13.666,beaver_creek_usgs_temp_3,60.65107,-151.09076,US/Alaska (UTC-9 / UTC-8),"west fork beaver creek, upstream of marathon road",Beaver Creek,STREAM,MAIN,TRUE,TRUE,TBD,FALSE
2022-07-14T21:30:00Z,13.69,beaver_creek_usgs_temp_3,60.65107,-151.09076,US/Alaska (UTC-9 / UTC-8),"west fork beaver creek, upstream of marathon road",Beaver Creek,STREAM,MAIN,TRUE,TRUE,TBD,FALSE
2022-07-14T21:45:00Z,13.69,beaver_creek_usgs_temp_3,60.65107,-151.09076,US/Alaska (UTC-9 / UTC-8),"west fork beaver creek, upstream of marathon road",Beaver Creek,STREAM,MAIN,TRUE,TRUE,TBD,FALSE
2022-07-14T22:00:00Z,13.714,beaver_creek_usgs_temp_3,60.65107,-151.09076,US/Alaska (UTC-9 / UTC-8),"west fork beaver creek, upstream of marathon road",Beaver Creek,STREAM,MAIN,TRUE,TRUE,TBD,FALSE
2022-07-14T22:15:00Z,13.714,beaver_creek_usgs_temp_3,60.65107,-151.09076,US/Alaska (UTC-9 / UTC-8),"west fork beaver creek, upstream of marathon road",Beaver Creek,STREAM,MAIN,TRUE,TRUE,TBD,FALSE
2022-07-14T22:30:00Z,13.738,beaver_creek_usgs_temp_3,60.65107,-151.09076,US/Alaska (UTC-9 / UTC-8),"west fork beaver creek, upstream of marathon road",Beaver Creek,STREAM,MAIN,TRUE,TRUE,TBD,FALSE
2022-07-14T22:45:00Z,13.738,beaver_creek_usgs_temp_3,60.65107,-151.09076,US/Alaska (UTC-9 / UTC-8),"west fork beaver creek, upstream of marathon road",Beaver Creek,STREAM,MAIN,TRUE,TRUE,TBD,FALSE
2022-07-14T23:00:00Z,13.738,beaver_creek_usgs_temp_3,60.65107,-151.09076,US/Alaska (UTC-9 / UTC-8),"west fork beaver creek, upstream of marathon road",Beaver Creek,STREAM,MAIN,TRUE,TRUE,TBD,FALSE
2022-07-14T23:15:00Z,13.762,beaver_creek_usgs_temp_3,60.65107,-151.09076,US/Alaska (UTC-9 / UTC-8),"west fork beaver creek, upstream of marathon road",Beaver Creek,STREAM,MAIN,TRUE,TRUE,TBD,FALSE
2022-07-14T23:30:00Z,13.762,beaver_creek_usgs_temp_3,60.65107,-151.09076,US/Alaska (UTC-9 / UTC-8),"west fork beaver creek, upstream of marathon road",Beaver Creek,STREAM,MAIN,TRUE,TRUE,TBD,FALSE
2022-07-14T23:45:00Z,13.762,beaver_creek_usgs_temp_3,60.65107,-151.09076,US/Alaska (UTC-9 / UTC-8),"west fork beaver creek, upstream of marathon road",Beaver Creek,STREAM,MAIN,TRUE,TRUE,TBD,FALSE
2022-07-15T00:00:00Z,13.762,beaver_creek_usgs_temp_3,60.65107,-151.09076,US/Alaska (UTC-9 / UTC-8),"west fork beaver creek, upstream of marathon road",Beaver Creek,STREAM,MAIN,TRUE,TRUE,TBD,FALSE
2022-07-15T00:15:00Z,13.762,beaver_creek_usgs_temp_3,60.65107,-151.09076,US/Alaska (UTC-9 / UTC-8),"west fork beaver creek, upstream of marathon road",Beaver Creek,STREAM,MAIN,TRUE,TRUE,TBD,FALSE
2022-07-15T00:30:00Z,13.786,beaver_creek_usgs_temp_3,60.65107,-151.09076,US/Alaska (UTC-9 / UTC-8),"west fork beaver creek, upstream of marathon road",Beaver Creek,STREAM,MAIN,TRUE,TRUE,TBD,FALSE
2022-07-15T00:45:00Z,13.786,beaver_creek_usgs_temp_3,60.65107,-151.09076,US/Alaska (UTC-9 / UTC-8),"west fork beaver creek, upstream of marathon road",Beaver Creek,STREAM,MAIN,TRUE,TRUE,TBD,FALSE
2022-07-15T01:00:00Z,13.786,beaver_creek_usgs_temp_3,60.65107,-151.09076,US/Alaska (UTC-9 / UTC-8),"west fork beaver creek, upstream of marathon road",Beaver Creek,STREAM,MAIN,TRUE,TRUE,TBD,FALSE
2022-07-15T01:15:00Z,13.786,beaver_creek_usgs_temp_3,60.65107,-151.09076,US/Alaska (UTC-9 / UTC-8),"west fork beaver creek, upstream of marathon road",Beaver Creek,STREAM,MAIN,TRUE,TRUE,TBD,FALSE
2022-07-15T01:30:00Z,13.786,beaver_creek_usgs_temp_3,60.65107,-151.09076,US/Alaska (UTC-9 / UTC-8),"west fork beaver creek, upstream of marathon road",Beaver Creek,STREAM,MAIN,TRUE,TRUE,TBD,FALSE
2022-07-15T01:45:00Z,13.762,beaver_creek_usgs_temp_3,60.65107,-151.09076,US/Alaska (UTC-9 / UTC-8),"west fork beaver creek, upstream of marathon road",Beaver Creek,STREAM,MAIN,TRUE,TRUE,TBD,FALSE
2022-07-15T02:00:00Z,13.762,beaver_creek_usgs_temp_3,60.65107,-151.09076,US/Alaska (UTC-9 / UTC-8),"west fork beaver creek, upstream of marathon road",Beaver Creek,STREAM,MAIN,TRUE,TRUE,TBD,FALSE
2022-07-15T02:15:00Z,13.762,beaver_creek_usgs_temp_3,60.65107,-151.09076,US/Alaska (UTC-9 / UTC-8),"west fork beaver creek, upstream of marathon road",Beaver Creek,STREAM,MAIN,TRUE,TRUE,TBD,FALSE
2022-07-15T02:30:00Z,13.762,beaver_creek_usgs_temp_3,60.65107,-151.09076,US/Alaska (UTC-9 / UTC-8),"west fork beaver creek, upstream of marathon road",Beaver Creek,STREAM,MAIN,TRUE,TRUE,TBD,FALSE
2022-07-15T02:45:00Z,13.762,beaver_creek_usgs_temp_3,60.65107,-151.09076,US/Alaska (UTC-9 / UTC-8),"west fork beaver creek, upstream of marathon road",Beaver Creek,STREAM,MAIN,TRUE,TRUE,TBD,FALSE
2022-07-15T03:00:00Z,13.762,beaver_creek_usgs_temp_3,60.65107,-151.09076,US/Alaska (UTC-9 / UTC-8),"west fork beaver creek, upstream of marathon road",Beaver Creek,STREAM,MAIN,TRUE,TRUE,TBD,FALSE
2022-07-15T03:15:00Z,13.738,beaver_creek_usgs_temp_3,60.65107,-151.09076,US/Alaska (UTC-9 / UTC-8),"west fork beaver creek, upstream of marathon road",Beaver Creek,STREAM,MAIN,TRUE,TRUE,TBD,FALSE
2022-07-15T03:30:00Z,13.738,beaver_creek_usgs_temp_3,60.65107,-151.09076,US/Alaska (UTC-9 / UTC-8),"west fork beaver creek, upstream of marathon road",Beaver Creek,STREAM,MAIN,TRUE,TRUE,TBD,FALSE
2022-07-15T03:45:00Z,13.738,beaver_creek_usgs_temp_3,60.65107,-151.09076,US/Alaska (UTC-9 / UTC-8),"west fork beaver creek, upstream of marathon road",Beaver Creek,STREAM,MAIN,TRUE,TRUE,TBD,FALSE
2022-07-15T04:00:00Z,13.714,beaver_creek_usgs_temp_3,60.65107,-151.09076,US/Alaska (UTC-9 / UTC-8),"west fork beaver creek, upstream of marathon road",Beaver Creek,STREAM,MAIN,TRUE,TRUE,TBD,FALSE
2022-07-15T04:15:00Z,13.714,beaver_creek_usgs_temp_3,60.65107,-151.09076,US/Alaska (UTC-9 / UTC-8),"west fork beaver creek, upstream of marathon road",Beaver Creek,STREAM,MAIN,TRUE,TRUE,TBD,FALSE
2022-07-15T04:30:00Z,13.714,beaver_creek_usgs_temp_3,60.65107,-151.09076,US/Alaska (UTC-9 / UTC-8),"west fork beaver creek, upstream of marathon road",Beaver Creek,STREAM,MAIN,TRUE,TRUE,TBD,FALSE
2022-07-15T04:45:00Z,13.714,beaver_creek_usgs_temp_3,60.65107,-151.09076,US/Alaska (UTC-9 / UTC-8),"west fork beaver creek, upstream of marathon road",Beaver Creek,STREAM,MAIN,TRUE,TRUE,TBD,FALSE
2022-07-15T05:00:00Z,13.69,beaver_creek_usgs_temp_3,60.65107,-151.09076,US/Alaska (UTC-9 / UTC-8),"west fork beaver creek, upstream of marathon road",Beaver Creek,STREAM,MAIN,TRUE,TRUE,TBD,FALSE
2022-07-15T05:15:00Z,13.69,beaver_creek_usgs_temp_3,60.65107,-151.09076,US/Alaska (UTC-9 / UTC-8),"west fork beaver creek, upstream of marathon road",Beaver Creek,STREAM,MAIN,TRUE,TRUE,TBD,FALSE
2022-07-15T05:30:00Z,13.666,beaver_creek_usgs_temp_3,60.65107,-151.09076,US/Alaska (UTC-9 / UTC-8),"west fork beaver creek, upstream of marathon road",Beaver Creek,STREAM,MAIN,TRUE,TRUE,TBD,FALSE
2022-07-15T05:45:00Z,13.666,beaver_creek_usgs_temp_3,60.65107,-151.09076,US/Alaska (UTC-9 / UTC-8),"west fork beaver creek, upstream of marathon road",Beaver Creek,STREAM,MAIN,TRUE,TRUE,TBD,FALSE
2022-07-15T06:00:00Z,13.666,beaver_creek_usgs_temp_3,60.65107,-151.09076,US/Alaska (UTC-9 / UTC-8),"west fork beaver creek, upstream of marathon road",Beaver Creek,STREAM,MAIN,TRUE,TRUE,TBD,FALSE
2022-07-15T06:15:00Z,13.642,beaver_creek_usgs_temp_3,60.65107,-151.09076,US/Alaska (UTC-9 / UTC-8),"west fork beaver creek, upstream of marathon road",Beaver Creek,STREAM,MAIN,TRUE,TRUE,TBD,FALSE
2022-07-15T06:30:00Z,13.642,beaver_creek_usgs_temp_3,60.65107,-151.09076,US/Alaska (UTC-9 / UTC-8),"west fork beaver creek, upstream of marathon road",Beaver Creek,STREAM,MAIN,TRUE,TRUE,TBD,FALSE
2022-07-15T06:45:00Z,13.618,beaver_creek_usgs_temp_3,60.65107,-151.09076,US/Alaska (UTC-9 / UTC-8),"west fork beaver creek, upstream of marathon road",Beaver Creek,STREAM,MAIN,TRUE,TRUE,TBD,FALSE
2022-07-15T07:00:00Z,13.618,beaver_creek_usgs_temp_3,60.65107,-151.09076,US/Alaska (UTC-9 / UTC-8),"west fork beaver creek, upstream of marathon road",Beaver Creek,STREAM,MAIN,TRUE,TRUE,TBD,FALSE
2022-07-15T07:15:00Z,13.618,beaver_creek_usgs_temp_3,60.65107,-151.09076,US/Alaska (UTC-9 / UTC-8),"west fork beaver creek, upstream of marathon road",Beaver Creek,STREAM,MAIN,TRUE,TRUE,TBD,FALSE
2022-07-15T07:30:00Z,13.618,beaver_creek_usgs_temp_3,60.65107,-151.09076,US/Alaska (UTC-9 / UTC-8),"west fork beaver creek, upstream of marathon road",Beaver Creek,STREAM,MAIN,TRUE,TRUE,TBD,FALSE
2022-07-15T07:45:00Z,13.594,beaver_creek_usgs_temp_3,60.65107,-151.09076,US/Alaska (UTC-9 / UTC-8),"west fork beaver creek, upstream of marathon road",Beaver Creek,STREAM,MAIN,TRUE,TRUE,TBD,FALSE
2022-07-15T08:00:00Z,13.594,beaver_creek_usgs_temp_3,60.65107,-151.09076,US/Alaska (UTC-9 / UTC-8),"west fork beaver creek, upstream of marathon road",Beaver Creek,STREAM,MAIN,TRUE,TRUE,TBD,FALSE
2022-07-15T08:15:00Z,13.57,beaver_creek_usgs_temp_3,60.65107,-151.09076,US/Alaska (UTC-9 / UTC-8),"west fork beaver creek, upstream of marathon road",Beaver Creek,STREAM,MAIN,TRUE,TRUE,TBD,FALSE
2022-07-15T08:30:00Z,13.57,beaver_creek_usgs_temp_3,60.65107,-151.09076,US/Alaska (UTC-9 / UTC-8),"west fork beaver creek, upstream of marathon road",Beaver Creek,STREAM,MAIN,TRUE,TRUE,TBD,FALSE
2022-07-15T08:45:00Z,13.546,beaver_creek_usgs_temp_3,60.65107,-151.09076,US/Alaska (UTC-9 / UTC-8),"west fork beaver creek, upstream of marathon road",Beaver Creek,STREAM,MAIN,TRUE,TRUE,TBD,FALSE
2022-07-15T09:00:00Z,13.546,beaver_creek_usgs_temp_3,60.65107,-151.09076,US/Alaska (UTC-9 / UTC-8),"west fork beaver creek, upstream of marathon road",Beaver Creek,STREAM,MAIN,TRUE,TRUE,TBD,FALSE
2022-07-15T09:15:00Z,13.546,beaver_creek_usgs_temp_3,60.65107,-151.09076,US/Alaska (UTC-9 / UTC-8),"west fork beaver creek, upstream of marathon road",Beaver Creek,STREAM,MAIN,TRUE,TRUE,TBD,FALSE
2022-07-15T09:30:00Z,13.522,beaver_creek_usgs_temp_3,60.65107,-151.09076,US/Alaska (UTC-9 / UTC-8),"west fork beaver creek, upstream of marathon road",Beaver Creek,STREAM,MAIN,TRUE,TRUE,TBD,FALSE
2022-07-15T09:45:00Z,13.522,beaver_creek_usgs_temp_3,60.65107,-151.09076,US/Alaska (UTC-9 / UTC-8),"west fork beaver creek, upstream of marathon road",Beaver Creek,STREAM,MAIN,TRUE,TRUE,TBD,FALSE
2022-07-15T10:00:00Z,13.522,beaver_creek_usgs_temp_3,60.65107,-151.09076,US/Alaska (UTC-9 / UTC-8),"west fork beaver creek, upstream of marathon road",Beaver Creek,STREAM,MAIN,TRUE,TRUE,TBD,FALSE
2022-07-15T10:15:00Z,13.522,beaver_creek_usgs_temp_3,60.65107,-151.09076,US/Alaska (UTC-9 / UTC-8),"west fork beaver creek, upstream of marathon road",Beaver Creek,STREAM,MAIN,TRUE,TRUE,TBD,FALSE
2022-07-15T10:30:00Z,13.522,beaver_creek_usgs_temp_3,60.65107,-151.09076,US/Alaska (UTC-9 / UTC-8),"west fork beaver creek, upstream of marathon road",Beaver Creek,STREAM,MAIN,TRUE,TRUE,TBD,FALSE
2022-07-15T10:45:00Z,13.497,beaver_creek_usgs_temp_3,60.65107,-151.09076,US/Alaska (UTC-9 / UTC-8),"west fork beaver creek, upstream of marathon road",Beaver Creek,STREAM,MAIN,TRUE,TRUE,TBD,FALSE
2022-07-15T11:00:00Z,13.497,beaver_creek_usgs_temp_3,60.65107,-151.09076,US/Alaska (UTC-9 / UTC-8),"west fork beaver creek, upstream of marathon road",Beaver Creek,STREAM,MAIN,TRUE,TRUE,TBD,FALSE
2022-07-15T11:15:00Z,13.473,beaver_creek_usgs_temp_3,60.65107,-151.09076,US/Alaska (UTC-9 / UTC-8),"west fork beaver creek, upstream of marathon road",Beaver Creek,STREAM,MAIN,TRUE,TRUE,TBD,FALSE
2022-07-15T11:30:00Z,13.473,beaver_creek_usgs_temp_3,60.65107,-151.09076,US/Alaska (UTC-9 / UTC-8),"west fork beaver creek, upstream of marathon road",Beaver Creek,STREAM,MAIN,TRUE,TRUE,TBD,FALSE
2022-07-15T11:45:00Z,13.473,beaver_creek_usgs_temp_3,60.65107,-151.09076,US/Alaska (UTC-9 / UTC-8),"west fork beaver creek, upstream of marathon road",Beaver Creek,STREAM,MAIN,TRUE,TRUE,TBD,FALSE
2022-07-15T12:00:00Z,13.473,beaver_creek_usgs_temp_3,60.65107,-151.09076,US/Alaska (UTC-9 / UTC-8),"west fork beaver creek, upstream of marathon road",Beaver Creek,STREAM,MAIN,TRUE,TRUE,TBD,FALSE
2022-07-15T12:15:00Z,13.473,beaver_creek_usgs_temp_3,60.65107,-151.09076,US/Alaska (UTC-9 / UTC-8),"west fork beaver creek, upstream of marathon road",Beaver Creek,STREAM,MAIN,TRUE,TRUE,TBD,FALSE
2022-07-15T12:30:00Z,13.473,beaver_creek_usgs_temp_3,60.65107,-151.09076,US/Alaska (UTC-9 / UTC-8),"west fork beaver creek, upstream of marathon road",Beaver Creek,STREAM,MAIN,TRUE,TRUE,TBD,FALSE
2022-07-15T12:45:00Z,13.449,beaver_creek_usgs_temp_3,60.65107,-151.09076,US/Alaska (UTC-9 / UTC-8),"west fork beaver creek, upstream of marathon road",Beaver Creek,STREAM,MAIN,TRUE,TRUE,TBD,FALSE
2022-07-15T13:00:00Z,13.449,beaver_creek_usgs_temp_3,60.65107,-151.09076,US/Alaska (UTC-9 / UTC-8),"west fork beaver creek, upstream of marathon road",Beaver Creek,STREAM,MAIN,TRUE,TRUE,TBD,FALSE
2022-07-15T13:15:00Z,13.449,beaver_creek_usgs_temp_3,60.65107,-151.09076,US/Alaska (UTC-9 / UTC-8),"west fork beaver creek, upstream of marathon road",Beaver Creek,STREAM,MAIN,TRUE,TRUE,TBD,FALSE
2022-07-15T13:30:00Z,13.449,beaver_creek_usgs_temp_3,60.65107,-151.09076,US/Alaska (UTC-9 / UTC-8),"west fork beaver creek, upstream of marathon road",Beaver Creek,STREAM,MAIN,TRUE,TRUE,TBD,FALSE
2022-07-15T13:45:00Z,13.449,beaver_creek_usgs_temp_3,60.65107,-151.09076,US/Alaska (UTC-9 / UTC-8),"west fork beaver creek, upstream of marathon road",Beaver Creek,STREAM,MAIN,TRUE,TRUE,TBD,FALSE
2022-07-15T14:00:00Z,13.449,beaver_creek_usgs_temp_3,60.65107,-151.09076,US/Alaska (UTC-9 / UTC-8),"west fork beaver creek, upstream of marathon road",Beaver Creek,STREAM,MAIN,TRUE,TRUE,TBD,FALSE
2022-07-15T14:15:00Z,13.449,beaver_creek_usgs_temp_3,60.65107,-151.09076,US/Alaska (UTC-9 / UTC-8),"west fork beaver creek, upstream of marathon road",Beaver Creek,STREAM,MAIN,TRUE,TRUE,TBD,FALSE
2022-07-15T14:30:00Z,13.449,beaver_creek_usgs_temp_3,60.65107,-151.09076,US/Alaska (UTC-9 / UTC-8),"west fork beaver creek, upstream of marathon road",Beaver Creek,STREAM,MAIN,TRUE,TRUE,TBD,FALSE
2022-07-15T14:45:00Z,13.449,beaver_creek_usgs_temp_3,60.65107,-151.09076,US/Alaska (UTC-9 / UTC-8),"west fork beaver creek, upstream of marathon road",Beaver Creek,STREAM,MAIN,TRUE,TRUE,TBD,FALSE
2022-07-15T15:00:00Z,13.449,beaver_creek_usgs_temp_3,60.65107,-151.09076,US/Alaska (UTC-9 / UTC-8),"west fork beaver creek, upstream of marathon road",Beaver Creek,STREAM,MAIN,TRUE,TRUE,TBD,FALSE
2022-07-15T15:15:00Z,13.449,beaver_creek_usgs_temp_3,60.65107,-151.09076,US/Alaska (UTC-9 / UTC-8),"west fork beaver creek, upstream of marathon road",Beaver Creek,STREAM,MAIN,TRUE,TRUE,TBD,FALSE
2022-07-15T15:30:00Z,13.449,beaver_creek_usgs_temp_3,60.65107,-151.09076,US/Alaska (UTC-9 / UTC-8),"west fork beaver creek, upstream of marathon road",Beaver Creek,STREAM,MAIN,TRUE,TRUE,TBD,FALSE
2022-07-15T15:45:00Z,13.449,beaver_creek_usgs_temp_3,60.65107,-151.09076,US/Alaska (UTC-9 / UTC-8),"west fork beaver creek, upstream of marathon road",Beaver Creek,STREAM,MAIN,TRUE,TRUE,TBD,FALSE
2022-07-15T16:00:00Z,13.449,beaver_creek_usgs_temp_3,60.65107,-151.09076,US/Alaska (UTC-9 / UTC-8),"west fork beaver creek, upstream of marathon road",Beaver Creek,STREAM,MAIN,TRUE,TRUE,TBD,FALSE
2022-07-15T16:15:00Z,13.449,beaver_creek_usgs_temp_3,60.65107,-151.09076,US/Alaska (UTC-9 / UTC-8),"west fork beaver creek, upstream of marathon road",Beaver Creek,STREAM,MAIN,TRUE,TRUE,TBD,FALSE
2022-07-15T16:30:00Z,13.449,beaver_creek_usgs_temp_3,60.65107,-151.09076,US/Alaska (UTC-9 / UTC-8),"west fork beaver creek, upstream of marathon road",Beaver Creek,STREAM,MAIN,TRUE,TRUE,TBD,FALSE
2022-07-15T16:45:00Z,13.449,beaver_creek_usgs_temp_3,60.65107,-151.09076,US/Alaska (UTC-9 / UTC-8),"west fork beaver creek, upstream of marathon road",Beaver Creek,STREAM,MAIN,TRUE,TRUE,TBD,FALSE
2022-07-15T17:00:00Z,13.449,beaver_creek_usgs_temp_3,60.65107,-151.09076,US/Alaska (UTC-9 / UTC-8),"west fork beaver creek, upstream of marathon road",Beaver Creek,STREAM,MAIN,TRUE,TRUE,TBD,FALSE
2022-07-15T17:15:00Z,13.473,beaver_creek_usgs_temp_3,60.65107,-151.09076,US/Alaska (UTC-9 / UTC-8),"west fork beaver creek, upstream of marathon road",Beaver Creek,STREAM,MAIN,TRUE,TRUE,TBD,FALSE
2022-07-15T17:30:00Z,13.473,beaver_creek_usgs_temp_3,60.65107,-151.09076,US/Alaska (UTC-9 / UTC-8),"west fork beaver creek, upstream of marathon road",Beaver Creek,STREAM,MAIN,TRUE,TRUE,TBD,FALSE
2022-07-15T17:45:00Z,13.473,beaver_creek_usgs_temp_3,60.65107,-151.09076,US/Alaska (UTC-9 / UTC-8),"west fork beaver creek, upstream of marathon road",Beaver Creek,STREAM,MAIN,TRUE,TRUE,TBD,FALSE
2022-07-15T18:00:00Z,13.473,beaver_creek_usgs_temp_3,60.65107,-151.09076,US/Alaska (UTC-9 / UTC-8),"west fork beaver creek, upstream of marathon road",Beaver Creek,STREAM,MAIN,TRUE,TRUE,TBD,FALSE
2022-07-15T18:15:00Z,13.473,beaver_creek_usgs_temp_3,60.65107,-151.09076,US/Alaska (UTC-9 / UTC-8),"west fork beaver creek, upstream of marathon road",Beaver Creek,STREAM,MAIN,TRUE,TRUE,TBD,FALSE
2022-07-15T18:30:00Z,13.473,beaver_creek_usgs_temp_3,60.65107,-151.09076,US/Alaska (UTC-9 / UTC-8),"west fork beaver creek, upstream of marathon road",Beaver Creek,STREAM,MAIN,TRUE,TRUE,TBD,FALSE
2022-07-15T18:45:00Z,13.473,beaver_creek_usgs_temp_3,60.65107,-151.09076,US/Alaska (UTC-9 / UTC-8),"west fork beaver creek, upstream of marathon road",Beaver Creek,STREAM,MAIN,TRUE,TRUE,TBD,FALSE
2022-07-15T19:00:00Z,13.473,beaver_creek_usgs_temp_3,60.65107,-151.09076,US/Alaska (UTC-9 / UTC-8),"west fork beaver creek, upstream of marathon road",Beaver Creek,STREAM,MAIN,TRUE,TRUE,TBD,FALSE
2022-07-15T19:15:00Z,13.473,beaver_creek_usgs_temp_3,60.65107,-151.09076,US/Alaska (UTC-9 / UTC-8),"west fork beaver creek, upstream of marathon road",Beaver Creek,STREAM,MAIN,TRUE,TRUE,TBD,FALSE
2022-07-15T19:30:00Z,13.473,beaver_creek_usgs_temp_3,60.65107,-151.09076,US/Alaska (UTC-9 / UTC-8),"west fork beaver creek, upstream of marathon road",Beaver Creek,STREAM,MAIN,TRUE,TRUE,TBD,FALSE
2022-07-15T19:45:00Z,13.473,beaver_creek_usgs_temp_3,60.65107,-151.09076,US/Alaska (UTC-9 / UTC-8),"west fork beaver creek, upstream of marathon road",Beaver Creek,STREAM,MAIN,TRUE,TRUE,TBD,FALSE
2022-07-15T20:00:00Z,13.473,beaver_creek_usgs_temp_3,60.65107,-151.09076,US/Alaska (UTC-9 / UTC-8),"west fork beaver creek, upstream of marathon road",Beaver Creek,STREAM,MAIN,TRUE,TRUE,TBD,FALSE
2022-07-15T20:15:00Z,13.473,beaver_creek_usgs_temp_3,60.65107,-151.09076,US/Alaska (UTC-9 / UTC-8),"west fork beaver creek, upstream of marathon road",Beaver Creek,STREAM,MAIN,TRUE,TRUE,TBD,FALSE
2022-07-15T20:30:00Z,13.473,beaver_creek_usgs_temp_3,60.65107,-151.09076,US/Alaska (UTC-9 / UTC-8),"west fork beaver creek, upstream of marathon road",Beaver Creek,STREAM,MAIN,TRUE,TRUE,TBD,FALSE
2022-07-15T20:45:00Z,13.473,beaver_creek_usgs_temp_3,60.65107,-151.09076,US/Alaska (UTC-9 / UTC-8),"west fork beaver creek, upstream of marathon road",Beaver Creek,STREAM,MAIN,TRUE,TRUE,TBD,FALSE
2022-07-15T21:00:00Z,13.473,beaver_creek_usgs_temp_3,60.65107,-151.09076,US/Alaska (UTC-9 / UTC-8),"west fork beaver creek, upstream of marathon road",Beaver Creek,STREAM,MAIN,TRUE,TRUE,TBD,FALSE
2022-07-15T21:15:00Z,13.473,beaver_creek_usgs_temp_3,60.65107,-151.09076,US/Alaska (UTC-9 / UTC-8),"west fork beaver creek, upstream of marathon road",Beaver Creek,STREAM,MAIN,TRUE,TRUE,TBD,FALSE
2022-07-15T21:30:00Z,13.473,beaver_creek_usgs_temp_3,60.65107,-151.09076,US/Alaska (UTC-9 / UTC-8),"west fork beaver creek, upstream of marathon road",Beaver Creek,STREAM,MAIN,TRUE,TRUE,TBD,FALSE
2022-07-15T21:45:00Z,13.473,beaver_creek_usgs_temp_3,60.65107,-151.09076,US/Alaska (UTC-9 / UTC-8),"west fork beaver creek, upstream of marathon road",Beaver Creek,STREAM,MAIN,TRUE,TRUE,TBD,FALSE
2022-07-15T22:00:00Z,13.473,beaver_creek_usgs_temp_3,60.65107,-151.09076,US/Alaska (UTC-9 / UTC-8),"west fork beaver creek, upstream of marathon road",Beaver Creek,STREAM,MAIN,TRUE,TRUE,TBD,FALSE
2022-07-15T22:15:00Z,13.473,beaver_creek_usgs_temp_3,60.65107,-151.09076,US/Alaska (UTC-9 / UTC-8),"west fork beaver creek, upstream of marathon road",Beaver Creek,STREAM,MAIN,TRUE,TRUE,TBD,FALSE
2022-07-15T22:30:00Z,13.473,beaver_creek_usgs_temp_3,60.65107,-151.09076,US/Alaska (UTC-9 / UTC-8),"west fork beaver creek, upstream of marathon road",Beaver Creek,STREAM,MAIN,TRUE,TRUE,TBD,FALSE
2022-07-15T22:45:00Z,13.473,beaver_creek_usgs_temp_3,60.65107,-151.09076,US/Alaska (UTC-9 / UTC-8),"west fork beaver creek, upstream of marathon road",Beaver Creek,STREAM,MAIN,TRUE,TRUE,TBD,FALSE
2022-07-15T23:00:00Z,13.473,beaver_creek_usgs_temp_3,60.65107,-151.09076,US/Alaska (UTC-9 / UTC-8),"west fork beaver creek, upstream of marathon road",Beaver Creek,STREAM,MAIN,TRUE,TRUE,TBD,FALSE
2022-07-15T23:15:00Z,13.449,beaver_creek_usgs_temp_3,60.65107,-151.09076,US/Alaska (UTC-9 / UTC-8),"west fork beaver creek, upstream of marathon road",Beaver Creek,STREAM,MAIN,TRUE,TRUE,TBD,FALSE
2022-07-15T23:30:00Z,13.449,beaver_creek_usgs_temp_3,60.65107,-151.09076,US/Alaska (UTC-9 / UTC-8),"west fork beaver creek, upstream of marathon road",Beaver Creek,STREAM,MAIN,TRUE,TRUE,TBD,FALSE
2022-07-15T23:45:00Z,13.449,beaver_creek_usgs_temp_3,60.65107,-151.09076,US/Alaska (UTC-9 / UTC-8),"west fork beaver creek, upstream of marathon road",Beaver Creek,STREAM,MAIN,TRUE,TRUE,TBD,FALSE
2022-07-16T00:00:00Z,13.449,beaver_creek_usgs_temp_3,60.65107,-151.09076,US/Alaska (UTC-9 / UTC-8),"west fork beaver creek, upstream of marathon road",Beaver Creek,STREAM,MAIN,TRUE,TRUE,TBD,FALSE
2022-07-16T00:15:00Z,13.425,beaver_creek_usgs_temp_3,60.65107,-151.09076,US/Alaska (UTC-9 / UTC-8),"west fork beaver creek, upstream of marathon road",Beaver Creek,STREAM,MAIN,TRUE,TRUE,TBD,FALSE
2022-07-16T00:30:00Z,13.425,beaver_creek_usgs_temp_3,60.65107,-151.09076,US/Alaska (UTC-9 / UTC-8),"west fork beaver creek, upstream of marathon road",Beaver Creek,STREAM,MAIN,TRUE,TRUE,TBD,FALSE
2022-07-16T00:45:00Z,13.425,beaver_creek_usgs_temp_3,60.65107,-151.09076,US/Alaska (UTC-9 / UTC-8),"west fork beaver creek, upstream of marathon road",Beaver Creek,STREAM,MAIN,TRUE,TRUE,TBD,FALSE
2022-07-16T01:00:00Z,13.425,beaver_creek_usgs_temp_3,60.65107,-151.09076,US/Alaska (UTC-9 / UTC-8),"west fork beaver creek, upstream of marathon road",Beaver Creek,STREAM,MAIN,TRUE,TRUE,TBD,FALSE
2022-07-16T01:15:00Z,13.425,beaver_creek_usgs_temp_3,60.65107,-151.09076,US/Alaska (UTC-9 / UTC-8),"west fork beaver creek, upstream of marathon road",Beaver Creek,STREAM,MAIN,TRUE,TRUE,TBD,FALSE
2022-07-16T01:30:00Z,13.425,beaver_creek_usgs_temp_3,60.65107,-151.09076,US/Alaska (UTC-9 / UTC-8),"west fork beaver creek, upstream of marathon road",Beaver Creek,STREAM,MAIN,TRUE,TRUE,TBD,FALSE
2022-07-16T01:45:00Z,13.425,beaver_creek_usgs_temp_3,60.65107,-151.09076,US/Alaska (UTC-9 / UTC-8),"west fork beaver creek, upstream of marathon road",Beaver Creek,STREAM,MAIN,TRUE,TRUE,TBD,FALSE
2022-07-16T02:00:00Z,13.401,beaver_creek_usgs_temp_3,60.65107,-151.09076,US/Alaska (UTC-9 / UTC-8),"west fork beaver creek, upstream of marathon road",Beaver Creek,STREAM,MAIN,TRUE,TRUE,TBD,FALSE
2022-07-16T02:15:00Z,13.401,beaver_creek_usgs_temp_3,60.65107,-151.09076,US/Alaska (UTC-9 / UTC-8),"west fork beaver creek, upstream of marathon road",Beaver Creek,STREAM,MAIN,TRUE,TRUE,TBD,FALSE
2022-07-16T02:30:00Z,13.401,beaver_creek_usgs_temp_3,60.65107,-151.09076,US/Alaska (UTC-9 / UTC-8),"west fork beaver creek, upstream of marathon road",Beaver Creek,STREAM,MAIN,TRUE,TRUE,TBD,FALSE
2022-07-16T02:45:00Z,13.401,beaver_creek_usgs_temp_3,60.65107,-151.09076,US/Alaska (UTC-9 / UTC-8),"west fork beaver creek, upstream of marathon road",Beaver Creek,STREAM,MAIN,TRUE,TRUE,TBD,FALSE
2022-07-16T03:00:00Z,13.377,beaver_creek_usgs_temp_3,60.65107,-151.09076,US/Alaska (UTC-9 / UTC-8),"west fork beaver creek, upstream of marathon road",Beaver Creek,STREAM,MAIN,TRUE,TRUE,TBD,FALSE
2022-07-16T03:15:00Z,13.377,beaver_creek_usgs_temp_3,60.65107,-151.09076,US/Alaska (UTC-9 / UTC-8),"west fork beaver creek, upstream of marathon road",Beaver Creek,STREAM,MAIN,TRUE,TRUE,TBD,FALSE
2022-07-16T03:30:00Z,13.377,beaver_creek_usgs_temp_3,60.65107,-151.09076,US/Alaska (UTC-9 / UTC-8),"west fork beaver creek, upstream of marathon road",Beaver Creek,STREAM,MAIN,TRUE,TRUE,TBD,FALSE
2022-07-16T03:45:00Z,13.377,beaver_creek_usgs_temp_3,60.65107,-151.09076,US/Alaska (UTC-9 / UTC-8),"west fork beaver creek, upstream of marathon road",Beaver Creek,STREAM,MAIN,TRUE,TRUE,TBD,FALSE
2022-07-16T04:00:00Z,13.377,beaver_creek_usgs_temp_3,60.65107,-151.09076,US/Alaska (UTC-9 / UTC-8),"west fork beaver creek, upstream of marathon road",Beaver Creek,STREAM,MAIN,TRUE,TRUE,TBD,FALSE
2022-07-16T04:15:00Z,13.377,beaver_creek_usgs_temp_3,60.65107,-151.09076,US/Alaska (UTC-9 / UTC-8),"west fork beaver creek, upstream of marathon road",Beaver Creek,STREAM,MAIN,TRUE,TRUE,TBD,FALSE
2022-07-16T04:30:00Z,13.353,beaver_creek_usgs_temp_3,60.65107,-151.09076,US/Alaska (UTC-9 / UTC-8),"west fork beaver creek, upstream of marathon road",Beaver Creek,STREAM,MAIN,TRUE,TRUE,TBD,FALSE
2022-07-16T04:45:00Z,13.353,beaver_creek_usgs_temp_3,60.65107,-151.09076,US/Alaska (UTC-9 / UTC-8),"west fork beaver creek, upstream of marathon road",Beaver Creek,STREAM,MAIN,TRUE,TRUE,TBD,FALSE
2022-07-16T05:00:00Z,13.353,beaver_creek_usgs_temp_3,60.65107,-151.09076,US/Alaska (UTC-9 / UTC-8),"west fork beaver creek, upstream of marathon road",Beaver Creek,STREAM,MAIN,TRUE,TRUE,TBD,FALSE
2022-07-16T05:15:00Z,13.353,beaver_creek_usgs_temp_3,60.65107,-151.09076,US/Alaska (UTC-9 / UTC-8),"west fork beaver creek, upstream of marathon road",Beaver Creek,STREAM,MAIN,TRUE,TRUE,TBD,FALSE
2022-07-16T05:30:00Z,13.329,beaver_creek_usgs_temp_3,60.65107,-151.09076,US/Alaska (UTC-9 / UTC-8),"west fork beaver creek, upstream of marathon road",Beaver Creek,STREAM,MAIN,TRUE,TRUE,TBD,FALSE
2022-07-16T05:45:00Z,13.329,beaver_creek_usgs_temp_3,60.65107,-151.09076,US/Alaska (UTC-9 / UTC-8),"west fork beaver creek, upstream of marathon road",Beaver Creek,STREAM,MAIN,TRUE,TRUE,TBD,FALSE
2022-07-16T06:00:00Z,13.329,beaver_creek_usgs_temp_3,60.65107,-151.09076,US/Alaska (UTC-9 / UTC-8),"west fork beaver creek, upstream of marathon road",Beaver Creek,STREAM,MAIN,TRUE,TRUE,TBD,FALSE
2022-07-16T06:15:00Z,13.329,beaver_creek_usgs_temp_3,60.65107,-151.09076,US/Alaska (UTC-9 / UTC-8),"west fork beaver creek, upstream of marathon road",Beaver Creek,STREAM,MAIN,TRUE,TRUE,TBD,FALSE
2022-07-16T06:30:00Z,13.305,beaver_creek_usgs_temp_3,60.65107,-151.09076,US/Alaska (UTC-9 / UTC-8),"west fork beaver creek, upstream of marathon road",Beaver Creek,STREAM,MAIN,TRUE,TRUE,TBD,FALSE
2022-07-16T06:45:00Z,13.305,beaver_creek_usgs_temp_3,60.65107,-151.09076,US/Alaska (UTC-9 / UTC-8),"west fork beaver creek, upstream of marathon road",Beaver Creek,STREAM,MAIN,TRUE,TRUE,TBD,FALSE
2022-07-16T07:00:00Z,13.281,beaver_creek_usgs_temp_3,60.65107,-151.09076,US/Alaska (UTC-9 / UTC-8),"west fork beaver creek, upstream of marathon road",Beaver Creek,STREAM,MAIN,TRUE,TRUE,TBD,FALSE
2022-07-16T07:15:00Z,13.281,beaver_creek_usgs_temp_3,60.65107,-151.09076,US/Alaska (UTC-9 / UTC-8),"west fork beaver creek, upstream of marathon road",Beaver Creek,STREAM,MAIN,TRUE,TRUE,TBD,FALSE
2022-07-16T07:30:00Z,13.281,beaver_creek_usgs_temp_3,60.65107,-151.09076,US/Alaska (UTC-9 / UTC-8),"west fork beaver creek, upstream of marathon road",Beaver Creek,STREAM,MAIN,TRUE,TRUE,TBD,FALSE
2022-07-16T07:45:00Z,13.281,beaver_creek_usgs_temp_3,60.65107,-151.09076,US/Alaska (UTC-9 / UTC-8),"west fork beaver creek, upstream of marathon road",Beaver Creek,STREAM,MAIN,TRUE,TRUE,TBD,FALSE
2022-07-16T08:00:00Z,13.281,beaver_creek_usgs_temp_3,60.65107,-151.09076,US/Alaska (UTC-9 / UTC-8),"west fork beaver creek, upstream of marathon road",Beaver Creek,STREAM,MAIN,TRUE,TRUE,TBD,FALSE
2022-07-16T08:15:00Z,13.257,beaver_creek_usgs_temp_3,60.65107,-151.09076,US/Alaska (UTC-9 / UTC-8),"west fork beaver creek, upstream of marathon road",Beaver Creek,STREAM,MAIN,TRUE,TRUE,TBD,FALSE
2022-07-16T08:30:00Z,13.257,beaver_creek_usgs_temp_3,60.65107,-151.09076,US/Alaska (UTC-9 / UTC-8),"west fork beaver creek, upstream of marathon road",Beaver Creek,STREAM,MAIN,TRUE,TRUE,TBD,FALSE
2022-07-16T08:45:00Z,13.257,beaver_creek_usgs_temp_3,60.65107,-151.09076,US/Alaska (UTC-9 / UTC-8),"west fork beaver creek, upstream of marathon road",Beaver Creek,STREAM,MAIN,TRUE,TRUE,TBD,FALSE
2022-07-16T09:00:00Z,13.233,beaver_creek_usgs_temp_3,60.65107,-151.09076,US/Alaska (UTC-9 / UTC-8),"west fork beaver creek, upstream of marathon road",Beaver Creek,STREAM,MAIN,TRUE,TRUE,TBD,FALSE
2022-07-16T09:15:00Z,13.233,beaver_creek_usgs_temp_3,60.65107,-151.09076,US/Alaska (UTC-9 / UTC-8),"west fork beaver creek, upstream of marathon road",Beaver Creek,STREAM,MAIN,TRUE,TRUE,TBD,FALSE
2022-07-16T09:30:00Z,13.233,beaver_creek_usgs_temp_3,60.65107,-151.09076,US/Alaska (UTC-9 / UTC-8),"west fork beaver creek, upstream of marathon road",Beaver Creek,STREAM,MAIN,TRUE,TRUE,TBD,FALSE
2022-07-16T09:45:00Z,13.233,beaver_creek_usgs_temp_3,60.65107,-151.09076,US/Alaska (UTC-9 / UTC-8),"west fork beaver creek, upstream of marathon road",Beaver Creek,STREAM,MAIN,TRUE,TRUE,TBD,FALSE
2022-07-16T10:00:00Z,13.209,beaver_creek_usgs_temp_3,60.65107,-151.09076,US/Alaska (UTC-9 / UTC-8),"west fork beaver creek, upstream of marathon road",Beaver Creek,STREAM,MAIN,TRUE,TRUE,TBD,FALSE
2022-07-16T10:15:00Z,13.209,beaver_creek_usgs_temp_3,60.65107,-151.09076,US/Alaska (UTC-9 / UTC-8),"west fork beaver creek, upstream of marathon road",Beaver Creek,STREAM,MAIN,TRUE,TRUE,TBD,FALSE
2022-07-16T10:30:00Z,13.209,beaver_creek_usgs_temp_3,60.65107,-151.09076,US/Alaska (UTC-9 / UTC-8),"west fork beaver creek, upstream of marathon road",Beaver Creek,STREAM,MAIN,TRUE,TRUE,TBD,FALSE
2022-07-16T10:45:00Z,13.185,beaver_creek_usgs_temp_3,60.65107,-151.09076,US/Alaska (UTC-9 / UTC-8),"west fork beaver creek, upstream of marathon road",Beaver Creek,STREAM,MAIN,TRUE,TRUE,TBD,FALSE
2022-07-16T11:00:00Z,13.185,beaver_creek_usgs_temp_3,60.65107,-151.09076,US/Alaska (UTC-9 / UTC-8),"west fork beaver creek, upstream of marathon road",Beaver Creek,STREAM,MAIN,TRUE,TRUE,TBD,FALSE
2022-07-16T11:15:00Z,13.185,beaver_creek_usgs_temp_3,60.65107,-151.09076,US/Alaska (UTC-9 / UTC-8),"west fork beaver creek, upstream of marathon road",Beaver Creek,STREAM,MAIN,TRUE,TRUE,TBD,FALSE
2022-07-16T11:30:00Z,13.185,beaver_creek_usgs_temp_3,60.65107,-151.09076,US/Alaska (UTC-9 / UTC-8),"west fork beaver creek, upstream of marathon road",Beaver Creek,STREAM,MAIN,TRUE,TRUE,TBD,FALSE
2022-07-16T11:45:00Z,13.185,beaver_creek_usgs_temp_3,60.65107,-151.09076,US/Alaska (UTC-9 / UTC-8),"west fork beaver creek, upstream of marathon road",Beaver Creek,STREAM,MAIN,TRUE,TRUE,TBD,FALSE
2022-07-16T12:00:00Z,13.185,beaver_creek_usgs_temp_3,60.65107,-151.09076,US/Alaska (UTC-9 / UTC-8),"west fork beaver creek, upstream of marathon road",Beaver Creek,STREAM,MAIN,TRUE,TRUE,TBD,FALSE
2022-07-16T12:15:00Z,13.185,beaver_creek_usgs_temp_3,60.65107,-151.09076,US/Alaska (UTC-9 / UTC-8),"west fork beaver creek, upstream of marathon road",Beaver Creek,STREAM,MAIN,TRUE,TRUE,TBD,FALSE
2022-07-16T12:30:00Z,13.185,beaver_creek_usgs_temp_3,60.65107,-151.09076,US/Alaska (UTC-9 / UTC-8),"west fork beaver creek, upstream of marathon road",Beaver Creek,STREAM,MAIN,TRUE,TRUE,TBD,FALSE
2022-07-16T12:45:00Z,13.161,beaver_creek_usgs_temp_3,60.65107,-151.09076,US/Alaska (UTC-9 / UTC-8),"west fork beaver creek, upstream of marathon road",Beaver Creek,STREAM,MAIN,TRUE,TRUE,TBD,FALSE
2022-07-16T13:00:00Z,13.161,beaver_creek_usgs_temp_3,60.65107,-151.09076,US/Alaska (UTC-9 / UTC-8),"west fork beaver creek, upstream of marathon road",Beaver Creek,STREAM,MAIN,TRUE,TRUE,TBD,FALSE
2022-07-16T13:15:00Z,13.161,beaver_creek_usgs_temp_3,60.65107,-151.09076,US/Alaska (UTC-9 / UTC-8),"west fork beaver creek, upstream of marathon road",Beaver Creek,STREAM,MAIN,TRUE,TRUE,TBD,FALSE
2022-07-16T13:30:00Z,13.161,beaver_creek_usgs_temp_3,60.65107,-151.09076,US/Alaska (UTC-9 / UTC-8),"west fork beaver creek, upstream of marathon road",Beaver Creek,STREAM,MAIN,TRUE,TRUE,TBD,FALSE
2022-07-16T13:45:00Z,13.161,beaver_creek_usgs_temp_3,60.65107,-151.09076,US/Alaska (UTC-9 / UTC-8),"west fork beaver creek, upstream of marathon road",Beaver Creek,STREAM,MAIN,TRUE,TRUE,TBD,FALSE
2022-07-16T14:00:00Z,13.161,beaver_creek_usgs_temp_3,60.65107,-151.09076,US/Alaska (UTC-9 / UTC-8),"west fork beaver creek, upstream of marathon road",Beaver Creek,STREAM,MAIN,TRUE,TRUE,TBD,FALSE
2022-07-16T14:15:00Z,13.161,beaver_creek_usgs_temp_3,60.65107,-151.09076,US/Alaska (UTC-9 / UTC-8),"west fork beaver creek, upstream of marathon road",Beaver Creek,STREAM,MAIN,TRUE,TRUE,TBD,FALSE
2022-07-16T14:30:00Z,13.161,beaver_creek_usgs_temp_3,60.65107,-151.09076,US/Alaska (UTC-9 / UTC-8),"west fork beaver creek, upstream of marathon road",Beaver Creek,STREAM,MAIN,TRUE,TRUE,TBD,FALSE
2022-07-16T14:45:00Z,13.161,beaver_creek_usgs_temp_3,60.65107,-151.09076,US/Alaska (UTC-9 / UTC-8),"west fork beaver creek, upstream of marathon road",Beaver Creek,STREAM,MAIN,TRUE,TRUE,TBD,FALSE
2022-07-16T15:00:00Z,13.161,beaver_creek_usgs_temp_3,60.65107,-151.09076,US/Alaska (UTC-9 / UTC-8),"west fork beaver creek, upstream of marathon road",Beaver Creek,STREAM,MAIN,TRUE,TRUE,TBD,FALSE
2022-07-16T15:15:00Z,13.161,beaver_creek_usgs_temp_3,60.65107,-151.09076,US/Alaska (UTC-9 / UTC-8),"west fork beaver creek, upstream of marathon road",Beaver Creek,STREAM,MAIN,TRUE,TRUE,TBD,FALSE
2022-07-16T15:30:00Z,13.161,beaver_creek_usgs_temp_3,60.65107,-151.09076,US/Alaska (UTC-9 / UTC-8),"west fork beaver creek, upstream of marathon road",Beaver Creek,STREAM,MAIN,TRUE,TRUE,TBD,FALSE
2022-07-16T15:45:00Z,13.185,beaver_creek_usgs_temp_3,60.65107,-151.09076,US/Alaska (UTC-9 / UTC-8),"west fork beaver creek, upstream of marathon road",Beaver Creek,STREAM,MAIN,TRUE,TRUE,TBD,FALSE
2022-07-16T16:00:00Z,13.185,beaver_creek_usgs_temp_3,60.65107,-151.09076,US/Alaska (UTC-9 / UTC-8),"west fork beaver creek, upstream of marathon road",Beaver Creek,STREAM,MAIN,TRUE,TRUE,TBD,FALSE
2022-07-16T16:15:00Z,13.209,beaver_creek_usgs_temp_3,60.65107,-151.09076,US/Alaska (UTC-9 / UTC-8),"west fork beaver creek, upstream of marathon road",Beaver Creek,STREAM,MAIN,TRUE,TRUE,TBD,FALSE
2022-07-16T16:30:00Z,13.233,beaver_creek_usgs_temp_3,60.65107,-151.09076,US/Alaska (UTC-9 / UTC-8),"west fork beaver creek, upstream of marathon road",Beaver Creek,STREAM,MAIN,TRUE,TRUE,TBD,FALSE
2022-07-16T16:45:00Z,13.281,beaver_creek_usgs_temp_3,60.65107,-151.09076,US/Alaska (UTC-9 / UTC-8),"west fork beaver creek, upstream of marathon road",Beaver Creek,STREAM,MAIN,TRUE,TRUE,TBD,FALSE
2022-07-16T17:00:00Z,13.305,beaver_creek_usgs_temp_3,60.65107,-151.09076,US/Alaska (UTC-9 / UTC-8),"west fork beaver creek, upstream of marathon road",Beaver Creek,STREAM,MAIN,TRUE,TRUE,TBD,FALSE
2022-07-16T17:15:00Z,13.329,beaver_creek_usgs_temp_3,60.65107,-151.09076,US/Alaska (UTC-9 / UTC-8),"west fork beaver creek, upstream of marathon road",Beaver Creek,STREAM,MAIN,TRUE,TRUE,TBD,FALSE
2022-07-16T17:30:00Z,13.377,beaver_creek_usgs_temp_3,60.65107,-151.09076,US/Alaska (UTC-9 / UTC-8),"west fork beaver creek, upstream of marathon road",Beaver Creek,STREAM,MAIN,TRUE,TRUE,TBD,FALSE
2022-07-16T17:45:00Z,13.401,beaver_creek_usgs_temp_3,60.65107,-151.09076,US/Alaska (UTC-9 / UTC-8),"west fork beaver creek, upstream of marathon road",Beaver Creek,STREAM,MAIN,TRUE,TRUE,TBD,FALSE
2022-07-16T18:00:00Z,13.425,beaver_creek_usgs_temp_3,60.65107,-151.09076,US/Alaska (UTC-9 / UTC-8),"west fork beaver creek, upstream of marathon road",Beaver Creek,STREAM,MAIN,TRUE,TRUE,TBD,FALSE
2022-07-16T18:15:00Z,13.473,beaver_creek_usgs_temp_3,60.65107,-151.09076,US/Alaska (UTC-9 / UTC-8),"west fork beaver creek, upstream of marathon road",Beaver Creek,STREAM,MAIN,TRUE,TRUE,TBD,FALSE
2022-07-16T18:30:00Z,13.497,beaver_creek_usgs_temp_3,60.65107,-151.09076,US/Alaska (UTC-9 / UTC-8),"west fork beaver creek, upstream of marathon road",Beaver Creek,STREAM,MAIN,TRUE,TRUE,TBD,FALSE
2022-07-16T18:45:00Z,13.522,beaver_creek_usgs_temp_3,60.65107,-151.09076,US/Alaska (UTC-9 / UTC-8),"west fork beaver creek, upstream of marathon road",Beaver Creek,STREAM,MAIN,TRUE,TRUE,TBD,FALSE
2022-07-16T19:00:00Z,13.546,beaver_creek_usgs_temp_3,60.65107,-151.09076,US/Alaska (UTC-9 / UTC-8),"west fork beaver creek, upstream of marathon road",Beaver Creek,STREAM,MAIN,TRUE,TRUE,TBD,FALSE
2022-07-16T19:15:00Z,13.57,beaver_creek_usgs_temp_3,60.65107,-151.09076,US/Alaska (UTC-9 / UTC-8),"west fork beaver creek, upstream of marathon road",Beaver Creek,STREAM,MAIN,TRUE,TRUE,TBD,FALSE
2022-07-16T19:30:00Z,13.57,beaver_creek_usgs_temp_3,60.65107,-151.09076,US/Alaska (UTC-9 / UTC-8),"west fork beaver creek, upstream of marathon road",Beaver Creek,STREAM,MAIN,TRUE,TRUE,TBD,FALSE
2022-07-16T19:45:00Z,13.594,beaver_creek_usgs_temp_3,60.65107,-151.09076,US/Alaska (UTC-9 / UTC-8),"west fork beaver creek, upstream of marathon road",Beaver Creek,STREAM,MAIN,TRUE,TRUE,TBD,FALSE
2022-07-16T20:00:00Z,13.594,beaver_creek_usgs_temp_3,60.65107,-151.09076,US/Alaska (UTC-9 / UTC-8),"west fork beaver creek, upstream of marathon road",Beaver Creek,STREAM,MAIN,TRUE,TRUE,TBD,FALSE
2022-07-16T20:15:00Z,13.618,beaver_creek_usgs_temp_3,60.65107,-151.09076,US/Alaska (UTC-9 / UTC-8),"west fork beaver creek, upstream of marathon road",Beaver Creek,STREAM,MAIN,TRUE,TRUE,TBD,FALSE
2022-07-16T20:30:00Z,13.618,beaver_creek_usgs_temp_3,60.65107,-151.09076,US/Alaska (UTC-9 / UTC-8),"west fork beaver creek, upstream of marathon road",Beaver Creek,STREAM,MAIN,TRUE,TRUE,TBD,FALSE
2022-07-16T20:45:00Z,13.618,beaver_creek_usgs_temp_3,60.65107,-151.09076,US/Alaska (UTC-9 / UTC-8),"west fork beaver creek, upstream of marathon road",Beaver Creek,STREAM,MAIN,TRUE,TRUE,TBD,FALSE
2022-07-16T21:00:00Z,13.618,beaver_creek_usgs_temp_3,60.65107,-151.09076,US/Alaska (UTC-9 / UTC-8),"west fork beaver creek, upstream of marathon road",Beaver Creek,STREAM,MAIN,TRUE,TRUE,TBD,FALSE
2022-07-16T21:15:00Z,13.618,beaver_creek_usgs_temp_3,60.65107,-151.09076,US/Alaska (UTC-9 / UTC-8),"west fork beaver creek, upstream of marathon road",Beaver Creek,STREAM,MAIN,TRUE,TRUE,TBD,FALSE
2022-07-16T21:30:00Z,13.618,beaver_creek_usgs_temp_3,60.65107,-151.09076,US/Alaska (UTC-9 / UTC-8),"west fork beaver creek, upstream of marathon road",Beaver Creek,STREAM,MAIN,TRUE,TRUE,TBD,FALSE
2022-07-16T21:45:00Z,13.594,beaver_creek_usgs_temp_3,60.65107,-151.09076,US/Alaska (UTC-9 / UTC-8),"west fork beaver creek, upstream of marathon road",Beaver Creek,STREAM,MAIN,TRUE,TRUE,TBD,FALSE
2022-07-16T22:00:00Z,13.594,beaver_creek_usgs_temp_3,60.65107,-151.09076,US/Alaska (UTC-9 / UTC-8),"west fork beaver creek, upstream of marathon road",Beaver Creek,STREAM,MAIN,TRUE,TRUE,TBD,FALSE
2022-07-16T22:15:00Z,13.594,beaver_creek_usgs_temp_3,60.65107,-151.09076,US/Alaska (UTC-9 / UTC-8),"west fork beaver creek, upstream of marathon road",Beaver Creek,STREAM,MAIN,TRUE,TRUE,TBD,FALSE
2022-07-16T22:30:00Z,13.594,beaver_creek_usgs_temp_3,60.65107,-151.09076,US/Alaska (UTC-9 / UTC-8),"west fork beaver creek, upstream of marathon road",Beaver Creek,STREAM,MAIN,TRUE,TRUE,TBD,FALSE
2022-07-16T22:45:00Z,13.57,beaver_creek_usgs_temp_3,60.65107,-151.09076,US/Alaska (UTC-9 / UTC-8),"west fork beaver creek, upstream of marathon road",Beaver Creek,STREAM,MAIN,TRUE,TRUE,TBD,FALSE
2022-07-16T23:00:00Z,13.57,beaver_creek_usgs_temp_3,60.65107,-151.09076,US/Alaska (UTC-9 / UTC-8),"west fork beaver creek, upstream of marathon road",Beaver Creek,STREAM,MAIN,TRUE,TRUE,TBD,FALSE
2022-07-16T23:15:00Z,13.57,beaver_creek_usgs_temp_3,60.65107,-151.09076,US/Alaska (UTC-9 / UTC-8),"west fork beaver creek, upstream of marathon road",Beaver Creek,STREAM,MAIN,TRUE,TRUE,TBD,FALSE
2022-07-16T23:30:00Z,13.546,beaver_creek_usgs_temp_3,60.65107,-151.09076,US/Alaska (UTC-9 / UTC-8),"west fork beaver creek, upstream of marathon road",Beaver Creek,STREAM,MAIN,TRUE,TRUE,TBD,FALSE
2022-07-16T23:45:00Z,13.546,beaver_creek_usgs_temp_3,60.65107,-151.09076,US/Alaska (UTC-9 / UTC-8),"west fork beaver creek, upstream of marathon road",Beaver Creek,STREAM,MAIN,TRUE,TRUE,TBD,FALSE
2022-07-17T00:00:00Z,13.522,beaver_creek_usgs_temp_3,60.65107,-151.09076,US/Alaska (UTC-9 / UTC-8),"west fork beaver creek, upstream of marathon road",Beaver Creek,STREAM,MAIN,TRUE,TRUE,TBD,FALSE
2022-07-17T00:15:00Z,13.522,beaver_creek_usgs_temp_3,60.65107,-151.09076,US/Alaska (UTC-9 / UTC-8),"west fork beaver creek, upstream of marathon road",Beaver Creek,STREAM,MAIN,TRUE,TRUE,TBD,FALSE
2022-07-17T00:30:00Z,13.522,beaver_creek_usgs_temp_3,60.65107,-151.09076,US/Alaska (UTC-9 / UTC-8),"west fork beaver creek, upstream of marathon road",Beaver Creek,STREAM,MAIN,TRUE,TRUE,TBD,FALSE
2022-07-17T00:45:00Z,13.522,beaver_creek_usgs_temp_3,60.65107,-151.09076,US/Alaska (UTC-9 / UTC-8),"west fork beaver creek, upstream of marathon road",Beaver Creek,STREAM,MAIN,TRUE,TRUE,TBD,FALSE
2022-07-17T01:00:00Z,13.497,beaver_creek_usgs_temp_3,60.65107,-151.09076,US/Alaska (UTC-9 / UTC-8),"west fork beaver creek, upstream of marathon road",Beaver Creek,STREAM,MAIN,TRUE,TRUE,TBD,FALSE
2022-07-17T01:15:00Z,13.473,beaver_creek_usgs_temp_3,60.65107,-151.09076,US/Alaska (UTC-9 / UTC-8),"west fork beaver creek, upstream of marathon road",Beaver Creek,STREAM,MAIN,TRUE,TRUE,TBD,FALSE
2022-07-17T01:30:00Z,13.473,beaver_creek_usgs_temp_3,60.65107,-151.09076,US/Alaska (UTC-9 / UTC-8),"west fork beaver creek, upstream of marathon road",Beaver Creek,STREAM,MAIN,TRUE,TRUE,TBD,FALSE
2022-07-17T01:45:00Z,13.473,beaver_creek_usgs_temp_3,60.65107,-151.09076,US/Alaska (UTC-9 / UTC-8),"west fork beaver creek, upstream of marathon road",Beaver Creek,STREAM,MAIN,TRUE,TRUE,TBD,FALSE
2022-07-17T02:00:00Z,13.449,beaver_creek_usgs_temp_3,60.65107,-151.09076,US/Alaska (UTC-9 / UTC-8),"west fork beaver creek, upstream of marathon road",Beaver Creek,STREAM,MAIN,TRUE,TRUE,TBD,FALSE
2022-07-17T02:15:00Z,13.449,beaver_creek_usgs_temp_3,60.65107,-151.09076,US/Alaska (UTC-9 / UTC-8),"west fork beaver creek, upstream of marathon road",Beaver Creek,STREAM,MAIN,TRUE,TRUE,TBD,FALSE
2022-07-17T02:30:00Z,13.425,beaver_creek_usgs_temp_3,60.65107,-151.09076,US/Alaska (UTC-9 / UTC-8),"west fork beaver creek, upstream of marathon road",Beaver Creek,STREAM,MAIN,TRUE,TRUE,TBD,FALSE
2022-07-17T02:45:00Z,13.425,beaver_creek_usgs_temp_3,60.65107,-151.09076,US/Alaska (UTC-9 / UTC-8),"west fork beaver creek, upstream of marathon road",Beaver Creek,STREAM,MAIN,TRUE,TRUE,TBD,FALSE
2022-07-17T03:00:00Z,13.425,beaver_creek_usgs_temp_3,60.65107,-151.09076,US/Alaska (UTC-9 / UTC-8),"west fork beaver creek, upstream of marathon road",Beaver Creek,STREAM,MAIN,TRUE,TRUE,TBD,FALSE
2022-07-17T03:15:00Z,13.401,beaver_creek_usgs_temp_3,60.65107,-151.09076,US/Alaska (UTC-9 / UTC-8),"west fork beaver creek, upstream of marathon road",Beaver Creek,STREAM,MAIN,TRUE,TRUE,TBD,FALSE
2022-07-17T03:30:00Z,13.377,beaver_creek_usgs_temp_3,60.65107,-151.09076,US/Alaska (UTC-9 / UTC-8),"west fork beaver creek, upstream of marathon road",Beaver Creek,STREAM,MAIN,TRUE,TRUE,TBD,FALSE
2022-07-17T03:45:00Z,13.377,beaver_creek_usgs_temp_3,60.65107,-151.09076,US/Alaska (UTC-9 / UTC-8),"west fork beaver creek, upstream of marathon road",Beaver Creek,STREAM,MAIN,TRUE,TRUE,TBD,FALSE
2022-07-17T04:00:00Z,13.377,beaver_creek_usgs_temp_3,60.65107,-151.09076,US/Alaska (UTC-9 / UTC-8),"west fork beaver creek, upstream of marathon road",Beaver Creek,STREAM,MAIN,TRUE,TRUE,TBD,FALSE
2022-07-17T04:15:00Z,13.353,beaver_creek_usgs_temp_3,60.65107,-151.09076,US/Alaska (UTC-9 / UTC-8),"west fork beaver creek, upstream of marathon road",Beaver Creek,STREAM,MAIN,TRUE,TRUE,TBD,FALSE
2022-07-17T04:30:00Z,13.353,beaver_creek_usgs_temp_3,60.65107,-151.09076,US/Alaska (UTC-9 / UTC-8),"west fork beaver creek, upstream of marathon road",Beaver Creek,STREAM,MAIN,TRUE,TRUE,TBD,FALSE
2022-07-17T04:45:00Z,13.329,beaver_creek_usgs_temp_3,60.65107,-151.09076,US/Alaska (UTC-9 / UTC-8),"west fork beaver creek, upstream of marathon road",Beaver Creek,STREAM,MAIN,TRUE,TRUE,TBD,FALSE
2022-07-17T05:00:00Z,13.329,beaver_creek_usgs_temp_3,60.65107,-151.09076,US/Alaska (UTC-9 / UTC-8),"west fork beaver creek, upstream of marathon road",Beaver Creek,STREAM,MAIN,TRUE,TRUE,TBD,FALSE
2022-07-17T05:15:00Z,13.329,beaver_creek_usgs_temp_3,60.65107,-151.09076,US/Alaska (UTC-9 / UTC-8),"west fork beaver creek, upstream of marathon road",Beaver Creek,STREAM,MAIN,TRUE,TRUE,TBD,FALSE
2022-07-17T05:30:00Z,13.305,beaver_creek_usgs_temp_3,60.65107,-151.09076,US/Alaska (UTC-9 / UTC-8),"west fork beaver creek, upstream of marathon road",Beaver Creek,STREAM,MAIN,TRUE,TRUE,TBD,FALSE
2022-07-17T05:45:00Z,13.305,beaver_creek_usgs_temp_3,60.65107,-151.09076,US/Alaska (UTC-9 / UTC-8),"west fork beaver creek, upstream of marathon road",Beaver Creek,STREAM,MAIN,TRUE,TRUE,TBD,FALSE
2022-07-17T06:00:00Z,13.281,beaver_creek_usgs_temp_3,60.65107,-151.09076,US/Alaska (UTC-9 / UTC-8),"west fork beaver creek, upstream of marathon road",Beaver Creek,STREAM,MAIN,TRUE,TRUE,TBD,FALSE
2022-07-17T06:15:00Z,13.281,beaver_creek_usgs_temp_3,60.65107,-151.09076,US/Alaska (UTC-9 / UTC-8),"west fork beaver creek, upstream of marathon road",Beaver Creek,STREAM,MAIN,TRUE,TRUE,TBD,FALSE
2022-07-17T06:30:00Z,13.257,beaver_creek_usgs_temp_3,60.65107,-151.09076,US/Alaska (UTC-9 / UTC-8),"west fork beaver creek, upstream of marathon road",Beaver Creek,STREAM,MAIN,TRUE,TRUE,TBD,FALSE
2022-07-17T06:45:00Z,13.257,beaver_creek_usgs_temp_3,60.65107,-151.09076,US/Alaska (UTC-9 / UTC-8),"west fork beaver creek, upstream of marathon road",Beaver Creek,STREAM,MAIN,TRUE,TRUE,TBD,FALSE
2022-07-17T07:00:00Z,13.233,beaver_creek_usgs_temp_3,60.65107,-151.09076,US/Alaska (UTC-9 / UTC-8),"west fork beaver creek, upstream of marathon road",Beaver Creek,STREAM,MAIN,TRUE,TRUE,TBD,FALSE
2022-07-17T07:15:00Z,13.233,beaver_creek_usgs_temp_3,60.65107,-151.09076,US/Alaska (UTC-9 / UTC-8),"west fork beaver creek, upstream of marathon road",Beaver Creek,STREAM,MAIN,TRUE,TRUE,TBD,FALSE
2022-07-17T07:30:00Z,13.233,beaver_creek_usgs_temp_3,60.65107,-151.09076,US/Alaska (UTC-9 / UTC-8),"west fork beaver creek, upstream of marathon road",Beaver Creek,STREAM,MAIN,TRUE,TRUE,TBD,FALSE
2022-07-17T07:45:00Z,13.209,beaver_creek_usgs_temp_3,60.65107,-151.09076,US/Alaska (UTC-9 / UTC-8),"west fork beaver creek, upstream of marathon road",Beaver Creek,STREAM,MAIN,TRUE,TRUE,TBD,FALSE
2022-07-17T08:00:00Z,13.209,beaver_creek_usgs_temp_3,60.65107,-151.09076,US/Alaska (UTC-9 / UTC-8),"west fork beaver creek, upstream of marathon road",Beaver Creek,STREAM,MAIN,TRUE,TRUE,TBD,FALSE
2022-07-17T08:15:00Z,13.209,beaver_creek_usgs_temp_3,60.65107,-151.09076,US/Alaska (UTC-9 / UTC-8),"west fork beaver creek, upstream of marathon road",Beaver Creek,STREAM,MAIN,TRUE,TRUE,TBD,FALSE
2022-07-17T08:30:00Z,13.185,beaver_creek_usgs_temp_3,60.65107,-151.09076,US/Alaska (UTC-9 / UTC-8),"west fork beaver creek, upstream of marathon road",Beaver Creek,STREAM,MAIN,TRUE,TRUE,TBD,FALSE
2022-07-17T08:45:00Z,13.185,beaver_creek_usgs_temp_3,60.65107,-151.09076,US/Alaska (UTC-9 / UTC-8),"west fork beaver creek, upstream of marathon road",Beaver Creek,STREAM,MAIN,TRUE,TRUE,TBD,FALSE
2022-07-17T09:00:00Z,13.185,beaver_creek_usgs_temp_3,60.65107,-151.09076,US/Alaska (UTC-9 / UTC-8),"west fork beaver creek, upstream of marathon road",Beaver Creek,STREAM,MAIN,TRUE,TRUE,TBD,FALSE
2022-07-17T09:15:00Z,13.185,beaver_creek_usgs_temp_3,60.65107,-151.09076,US/Alaska (UTC-9 / UTC-8),"west fork beaver creek, upstream of marathon road",Beaver Creek,STREAM,MAIN,TRUE,TRUE,TBD,FALSE
2022-07-17T09:30:00Z,13.185,beaver_creek_usgs_temp_3,60.65107,-151.09076,US/Alaska (UTC-9 / UTC-8),"west fork beaver creek, upstream of marathon road",Beaver Creek,STREAM,MAIN,TRUE,TRUE,TBD,FALSE
2022-07-17T09:45:00Z,13.185,beaver_creek_usgs_temp_3,60.65107,-151.09076,US/Alaska (UTC-9 / UTC-8),"west fork beaver creek, upstream of marathon road",Beaver Creek,STREAM,MAIN,TRUE,TRUE,TBD,FALSE
2022-07-17T10:00:00Z,13.185,beaver_creek_usgs_temp_3,60.65107,-151.09076,US/Alaska (UTC-9 / UTC-8),"west fork beaver creek, upstream of marathon road",Beaver Creek,STREAM,MAIN,TRUE,TRUE,TBD,FALSE
2022-07-17T10:15:00Z,13.185,beaver_creek_usgs_temp_3,60.65107,-151.09076,US/Alaska (UTC-9 / UTC-8),"west fork beaver creek, upstream of marathon road",Beaver Creek,STREAM,MAIN,TRUE,TRUE,TBD,FALSE
2022-07-17T10:30:00Z,13.185,beaver_creek_usgs_temp_3,60.65107,-151.09076,US/Alaska (UTC-9 / UTC-8),"west fork beaver creek, upstream of marathon road",Beaver Creek,STREAM,MAIN,TRUE,TRUE,TBD,FALSE
2022-07-17T10:45:00Z,13.185,beaver_creek_usgs_temp_3,60.65107,-151.09076,US/Alaska (UTC-9 / UTC-8),"west fork beaver creek, upstream of marathon road",Beaver Creek,STREAM,MAIN,TRUE,TRUE,TBD,FALSE
2022-07-17T11:00:00Z,13.185,beaver_creek_usgs_temp_3,60.65107,-151.09076,US/Alaska (UTC-9 / UTC-8),"west fork beaver creek, upstream of marathon road",Beaver Creek,STREAM,MAIN,TRUE,TRUE,TBD,FALSE
2022-07-17T11:15:00Z,13.209,beaver_creek_usgs_temp_3,60.65107,-151.09076,US/Alaska (UTC-9 / UTC-8),"west fork beaver creek, upstream of marathon road",Beaver Creek,STREAM,MAIN,TRUE,TRUE,TBD,FALSE
2022-07-17T11:30:00Z,13.209,beaver_creek_usgs_temp_3,60.65107,-151.09076,US/Alaska (UTC-9 / UTC-8),"west fork beaver creek, upstream of marathon road",Beaver Creek,STREAM,MAIN,TRUE,TRUE,TBD,FALSE
2022-07-17T11:45:00Z,13.209,beaver_creek_usgs_temp_3,60.65107,-151.09076,US/Alaska (UTC-9 / UTC-8),"west fork beaver creek, upstream of marathon road",Beaver Creek,STREAM,MAIN,TRUE,TRUE,TBD,FALSE
2022-07-17T12:00:00Z,13.233,beaver_creek_usgs_temp_3,60.65107,-151.09076,US/Alaska (UTC-9 / UTC-8),"west fork beaver creek, upstream of marathon road",Beaver Creek,STREAM,MAIN,TRUE,TRUE,TBD,FALSE
2022-07-17T12:15:00Z,13.257,beaver_creek_usgs_temp_3,60.65107,-151.09076,US/Alaska (UTC-9 / UTC-8),"west fork beaver creek, upstream of marathon road",Beaver Creek,STREAM,MAIN,TRUE,TRUE,TBD,FALSE
2022-07-17T12:30:00Z,13.305,beaver_creek_usgs_temp_3,60.65107,-151.09076,US/Alaska (UTC-9 / UTC-8),"west fork beaver creek, upstream of marathon road",Beaver Creek,STREAM,MAIN,TRUE,TRUE,TBD,FALSE
2022-07-17T12:45:00Z,13.353,beaver_creek_usgs_temp_3,60.65107,-151.09076,US/Alaska (UTC-9 / UTC-8),"west fork beaver creek, upstream of marathon road",Beaver Creek,STREAM,MAIN,TRUE,TRUE,TBD,FALSE
2022-07-17T13:00:00Z,13.377,beaver_creek_usgs_temp_3,60.65107,-151.09076,US/Alaska (UTC-9 / UTC-8),"west fork beaver creek, upstream of marathon road",Beaver Creek,STREAM,MAIN,TRUE,TRUE,TBD,FALSE
2022-07-17T13:15:00Z,13.401,beaver_creek_usgs_temp_3,60.65107,-151.09076,US/Alaska (UTC-9 / UTC-8),"west fork beaver creek, upstream of marathon road",Beaver Creek,STREAM,MAIN,TRUE,TRUE,TBD,FALSE
2022-07-17T13:30:00Z,13.425,beaver_creek_usgs_temp_3,60.65107,-151.09076,US/Alaska (UTC-9 / UTC-8),"west fork beaver creek, upstream of marathon road",Beaver Creek,STREAM,MAIN,TRUE,TRUE,TBD,FALSE
2022-07-17T13:45:00Z,13.473,beaver_creek_usgs_temp_3,60.65107,-151.09076,US/Alaska (UTC-9 / UTC-8),"west fork beaver creek, upstream of marathon road",Beaver Creek,STREAM,MAIN,TRUE,TRUE,TBD,FALSE
2022-07-17T14:00:00Z,13.522,beaver_creek_usgs_temp_3,60.65107,-151.09076,US/Alaska (UTC-9 / UTC-8),"west fork beaver creek, upstream of marathon road",Beaver Creek,STREAM,MAIN,TRUE,TRUE,TBD,FALSE
2022-07-17T14:15:00Z,13.546,beaver_creek_usgs_temp_3,60.65107,-151.09076,US/Alaska (UTC-9 / UTC-8),"west fork beaver creek, upstream of marathon road",Beaver Creek,STREAM,MAIN,TRUE,TRUE,TBD,FALSE
2022-07-17T14:30:00Z,13.57,beaver_creek_usgs_temp_3,60.65107,-151.09076,US/Alaska (UTC-9 / UTC-8),"west fork beaver creek, upstream of marathon road",Beaver Creek,STREAM,MAIN,TRUE,TRUE,TBD,FALSE
2022-07-17T14:45:00Z,13.594,beaver_creek_usgs_temp_3,60.65107,-151.09076,US/Alaska (UTC-9 / UTC-8),"west fork beaver creek, upstream of marathon road",Beaver Creek,STREAM,MAIN,TRUE,TRUE,TBD,FALSE
2022-07-17T15:00:00Z,13.618,beaver_creek_usgs_temp_3,60.65107,-151.09076,US/Alaska (UTC-9 / UTC-8),"west fork beaver creek, upstream of marathon road",Beaver Creek,STREAM,MAIN,TRUE,TRUE,TBD,FALSE
2022-07-17T15:15:00Z,13.642,beaver_creek_usgs_temp_3,60.65107,-151.09076,US/Alaska (UTC-9 / UTC-8),"west fork beaver creek, upstream of marathon road",Beaver Creek,STREAM,MAIN,TRUE,TRUE,TBD,FALSE
2022-07-17T15:30:00Z,13.642,beaver_creek_usgs_temp_3,60.65107,-151.09076,US/Alaska (UTC-9 / UTC-8),"west fork beaver creek, upstream of marathon road",Beaver Creek,STREAM,MAIN,TRUE,TRUE,TBD,FALSE
2022-07-17T15:45:00Z,13.642,beaver_creek_usgs_temp_3,60.65107,-151.09076,US/Alaska (UTC-9 / UTC-8),"west fork beaver creek, upstream of marathon road",Beaver Creek,STREAM,MAIN,TRUE,TRUE,TBD,FALSE
2022-07-17T16:00:00Z,13.666,beaver_creek_usgs_temp_3,60.65107,-151.09076,US/Alaska (UTC-9 / UTC-8),"west fork beaver creek, upstream of marathon road",Beaver Creek,STREAM,MAIN,TRUE,TRUE,TBD,FALSE
2022-07-17T16:15:00Z,13.714,beaver_creek_usgs_temp_3,60.65107,-151.09076,US/Alaska (UTC-9 / UTC-8),"west fork beaver creek, upstream of marathon road",Beaver Creek,STREAM,MAIN,TRUE,TRUE,TBD,FALSE
2022-07-17T16:30:00Z,13.738,beaver_creek_usgs_temp_3,60.65107,-151.09076,US/Alaska (UTC-9 / UTC-8),"west fork beaver creek, upstream of marathon road",Beaver Creek,STREAM,MAIN,TRUE,TRUE,TBD,FALSE
2022-07-17T16:45:00Z,13.786,beaver_creek_usgs_temp_3,60.65107,-151.09076,US/Alaska (UTC-9 / UTC-8),"west fork beaver creek, upstream of marathon road",Beaver Creek,STREAM,MAIN,TRUE,TRUE,TBD,FALSE
2022-07-17T17:00:00Z,13.858,beaver_creek_usgs_temp_3,60.65107,-151.09076,US/Alaska (UTC-9 / UTC-8),"west fork beaver creek, upstream of marathon road",Beaver Creek,STREAM,MAIN,TRUE,TRUE,TBD,FALSE
2022-07-17T17:15:00Z,13.93,beaver_creek_usgs_temp_3,60.65107,-151.09076,US/Alaska (UTC-9 / UTC-8),"west fork beaver creek, upstream of marathon road",Beaver Creek,STREAM,MAIN,TRUE,TRUE,TBD,FALSE
2022-07-17T17:30:00Z,14.002,beaver_creek_usgs_temp_3,60.65107,-151.09076,US/Alaska (UTC-9 / UTC-8),"west fork beaver creek, upstream of marathon road",Beaver Creek,STREAM,MAIN,TRUE,TRUE,TBD,FALSE
2022-07-17T17:45:00Z,14.05,beaver_creek_usgs_temp_3,60.65107,-151.09076,US/Alaska (UTC-9 / UTC-8),"west fork beaver creek, upstream of marathon road",Beaver Creek,STREAM,MAIN,TRUE,TRUE,TBD,FALSE
2022-07-17T18:00:00Z,14.098,beaver_creek_usgs_temp_3,60.65107,-151.09076,US/Alaska (UTC-9 / UTC-8),"west fork beaver creek, upstream of marathon road",Beaver Creek,STREAM,MAIN,TRUE,TRUE,TBD,FALSE
2022-07-17T18:15:00Z,14.146,beaver_creek_usgs_temp_3,60.65107,-151.09076,US/Alaska (UTC-9 / UTC-8),"west fork beaver creek, upstream of marathon road",Beaver Creek,STREAM,MAIN,TRUE,TRUE,TBD,FALSE
2022-07-17T18:30:00Z,14.194,beaver_creek_usgs_temp_3,60.65107,-151.09076,US/Alaska (UTC-9 / UTC-8),"west fork beaver creek, upstream of marathon road",Beaver Creek,STREAM,MAIN,TRUE,TRUE,TBD,FALSE
2022-07-17T18:45:00Z,14.194,beaver_creek_usgs_temp_3,60.65107,-151.09076,US/Alaska (UTC-9 / UTC-8),"west fork beaver creek, upstream of marathon road",Beaver Creek,STREAM,MAIN,TRUE,TRUE,TBD,FALSE
2022-07-17T19:00:00Z,14.194,beaver_creek_usgs_temp_3,60.65107,-151.09076,US/Alaska (UTC-9 / UTC-8),"west fork beaver creek, upstream of marathon road",Beaver Creek,STREAM,MAIN,TRUE,TRUE,TBD,FALSE
2022-07-17T19:15:00Z,14.194,beaver_creek_usgs_temp_3,60.65107,-151.09076,US/Alaska (UTC-9 / UTC-8),"west fork beaver creek, upstream of marathon road",Beaver Creek,STREAM,MAIN,TRUE,TRUE,TBD,FALSE
2022-07-17T19:30:00Z,14.17,beaver_creek_usgs_temp_3,60.65107,-151.09076,US/Alaska (UTC-9 / UTC-8),"west fork beaver creek, upstream of marathon road",Beaver Creek,STREAM,MAIN,TRUE,TRUE,TBD,FALSE
2022-07-17T19:45:00Z,14.146,beaver_creek_usgs_temp_3,60.65107,-151.09076,US/Alaska (UTC-9 / UTC-8),"west fork beaver creek, upstream of marathon road",Beaver Creek,STREAM,MAIN,TRUE,TRUE,TBD,FALSE
2022-07-17T20:00:00Z,14.146,beaver_creek_usgs_temp_3,60.65107,-151.09076,US/Alaska (UTC-9 / UTC-8),"west fork beaver creek, upstream of marathon road",Beaver Creek,STREAM,MAIN,TRUE,TRUE,TBD,FALSE
2022-07-17T20:15:00Z,14.122,beaver_creek_usgs_temp_3,60.65107,-151.09076,US/Alaska (UTC-9 / UTC-8),"west fork beaver creek, upstream of marathon road",Beaver Creek,STREAM,MAIN,TRUE,TRUE,TBD,FALSE
2022-07-17T20:30:00Z,14.122,beaver_creek_usgs_temp_3,60.65107,-151.09076,US/Alaska (UTC-9 / UTC-8),"west fork beaver creek, upstream of marathon road",Beaver Creek,STREAM,MAIN,TRUE,TRUE,TBD,FALSE
2022-07-17T20:45:00Z,14.098,beaver_creek_usgs_temp_3,60.65107,-151.09076,US/Alaska (UTC-9 / UTC-8),"west fork beaver creek, upstream of marathon road",Beaver Creek,STREAM,MAIN,TRUE,TRUE,TBD,FALSE
2022-07-17T21:00:00Z,14.098,beaver_creek_usgs_temp_3,60.65107,-151.09076,US/Alaska (UTC-9 / UTC-8),"west fork beaver creek, upstream of marathon road",Beaver Creek,STREAM,MAIN,TRUE,TRUE,TBD,FALSE
2022-07-17T21:15:00Z,14.098,beaver_creek_usgs_temp_3,60.65107,-151.09076,US/Alaska (UTC-9 / UTC-8),"west fork beaver creek, upstream of marathon road",Beaver Creek,STREAM,MAIN,TRUE,TRUE,TBD,FALSE
2022-07-17T21:30:00Z,14.074,beaver_creek_usgs_temp_3,60.65107,-151.09076,US/Alaska (UTC-9 / UTC-8),"west fork beaver creek, upstream of marathon road",Beaver Creek,STREAM,MAIN,TRUE,TRUE,TBD,FALSE
2022-07-17T21:45:00Z,14.05,beaver_creek_usgs_temp_3,60.65107,-151.09076,US/Alaska (UTC-9 / UTC-8),"west fork beaver creek, upstream of marathon road",Beaver Creek,STREAM,MAIN,TRUE,TRUE,TBD,FALSE
2022-07-17T22:00:00Z,14.05,beaver_creek_usgs_temp_3,60.65107,-151.09076,US/Alaska (UTC-9 / UTC-8),"west fork beaver creek, upstream of marathon road",Beaver Creek,STREAM,MAIN,TRUE,TRUE,TBD,FALSE
2022-07-17T22:15:00Z,14.026,beaver_creek_usgs_temp_3,60.65107,-151.09076,US/Alaska (UTC-9 / UTC-8),"west fork beaver creek, upstream of marathon road",Beaver Creek,STREAM,MAIN,TRUE,TRUE,TBD,FALSE
2022-07-17T22:30:00Z,14.002,beaver_creek_usgs_temp_3,60.65107,-151.09076,US/Alaska (UTC-9 / UTC-8),"west fork beaver creek, upstream of marathon road",Beaver Creek,STREAM,MAIN,TRUE,TRUE,TBD,FALSE
2022-07-17T22:45:00Z,14.002,beaver_creek_usgs_temp_3,60.65107,-151.09076,US/Alaska (UTC-9 / UTC-8),"west fork beaver creek, upstream of marathon road",Beaver Creek,STREAM,MAIN,TRUE,TRUE,TBD,FALSE
2022-07-17T23:00:00Z,13.978,beaver_creek_usgs_temp_3,60.65107,-151.09076,US/Alaska (UTC-9 / UTC-8),"west fork beaver creek, upstream of marathon road",Beaver Creek,STREAM,MAIN,TRUE,TRUE,TBD,FALSE
2022-07-17T23:15:00Z,13.954,beaver_creek_usgs_temp_3,60.65107,-151.09076,US/Alaska (UTC-9 / UTC-8),"west fork beaver creek, upstream of marathon road",Beaver Creek,STREAM,MAIN,TRUE,TRUE,TBD,FALSE
2022-07-17T23:30:00Z,13.954,beaver_creek_usgs_temp_3,60.65107,-151.09076,US/Alaska (UTC-9 / UTC-8),"west fork beaver creek, upstream of marathon road",Beaver Creek,STREAM,MAIN,TRUE,TRUE,TBD,FALSE
2022-07-17T23:45:00Z,13.93,beaver_creek_usgs_temp_3,60.65107,-151.09076,US/Alaska (UTC-9 / UTC-8),"west fork beaver creek, upstream of marathon road",Beaver Creek,STREAM,MAIN,TRUE,TRUE,TBD,FALSE
2022-07-18T00:00:00Z,13.906,beaver_creek_usgs_temp_3,60.65107,-151.09076,US/Alaska (UTC-9 / UTC-8),"west fork beaver creek, upstream of marathon road",Beaver Creek,STREAM,MAIN,TRUE,TRUE,TBD,FALSE
2022-07-18T00:15:00Z,13.882,beaver_creek_usgs_temp_3,60.65107,-151.09076,US/Alaska (UTC-9 / UTC-8),"west fork beaver creek, upstream of marathon road",Beaver Creek,STREAM,MAIN,TRUE,TRUE,TBD,FALSE
2022-07-18T00:30:00Z,13.858,beaver_creek_usgs_temp_3,60.65107,-151.09076,US/Alaska (UTC-9 / UTC-8),"west fork beaver creek, upstream of marathon road",Beaver Creek,STREAM,MAIN,TRUE,TRUE,TBD,FALSE
2022-07-18T00:45:00Z,13.834,beaver_creek_usgs_temp_3,60.65107,-151.09076,US/Alaska (UTC-9 / UTC-8),"west fork beaver creek, upstream of marathon road",Beaver Creek,STREAM,MAIN,TRUE,TRUE,TBD,FALSE
2022-07-18T01:00:00Z,13.81,beaver_creek_usgs_temp_3,60.65107,-151.09076,US/Alaska (UTC-9 / UTC-8),"west fork beaver creek, upstream of marathon road",Beaver Creek,STREAM,MAIN,TRUE,TRUE,TBD,FALSE
2022-07-18T01:15:00Z,13.81,beaver_creek_usgs_temp_3,60.65107,-151.09076,US/Alaska (UTC-9 / UTC-8),"west fork beaver creek, upstream of marathon road",Beaver Creek,STREAM,MAIN,TRUE,TRUE,TBD,FALSE
2022-07-18T01:30:00Z,13.786,beaver_creek_usgs_temp_3,60.65107,-151.09076,US/Alaska (UTC-9 / UTC-8),"west fork beaver creek, upstream of marathon road",Beaver Creek,STREAM,MAIN,TRUE,TRUE,TBD,FALSE
2022-07-18T01:45:00Z,13.762,beaver_creek_usgs_temp_3,60.65107,-151.09076,US/Alaska (UTC-9 / UTC-8),"west fork beaver creek, upstream of marathon road",Beaver Creek,STREAM,MAIN,TRUE,TRUE,TBD,FALSE
2022-07-18T02:00:00Z,13.738,beaver_creek_usgs_temp_3,60.65107,-151.09076,US/Alaska (UTC-9 / UTC-8),"west fork beaver creek, upstream of marathon road",Beaver Creek,STREAM,MAIN,TRUE,TRUE,TBD,FALSE
2022-07-18T02:15:00Z,13.714,beaver_creek_usgs_temp_3,60.65107,-151.09076,US/Alaska (UTC-9 / UTC-8),"west fork beaver creek, upstream of marathon road",Beaver Creek,STREAM,MAIN,TRUE,TRUE,TBD,FALSE
2022-07-18T02:30:00Z,13.69,beaver_creek_usgs_temp_3,60.65107,-151.09076,US/Alaska (UTC-9 / UTC-8),"west fork beaver creek, upstream of marathon road",Beaver Creek,STREAM,MAIN,TRUE,TRUE,TBD,FALSE
2022-07-18T02:45:00Z,13.666,beaver_creek_usgs_temp_3,60.65107,-151.09076,US/Alaska (UTC-9 / UTC-8),"west fork beaver creek, upstream of marathon road",Beaver Creek,STREAM,MAIN,TRUE,TRUE,TBD,FALSE
2022-07-18T03:00:00Z,13.642,beaver_creek_usgs_temp_3,60.65107,-151.09076,US/Alaska (UTC-9 / UTC-8),"west fork beaver creek, upstream of marathon road",Beaver Creek,STREAM,MAIN,TRUE,TRUE,TBD,FALSE
2022-07-18T03:15:00Z,13.618,beaver_creek_usgs_temp_3,60.65107,-151.09076,US/Alaska (UTC-9 / UTC-8),"west fork beaver creek, upstream of marathon road",Beaver Creek,STREAM,MAIN,TRUE,TRUE,TBD,FALSE
2022-07-18T03:30:00Z,13.57,beaver_creek_usgs_temp_3,60.65107,-151.09076,US/Alaska (UTC-9 / UTC-8),"west fork beaver creek, upstream of marathon road",Beaver Creek,STREAM,MAIN,TRUE,TRUE,TBD,FALSE
2022-07-18T03:45:00Z,13.546,beaver_creek_usgs_temp_3,60.65107,-151.09076,US/Alaska (UTC-9 / UTC-8),"west fork beaver creek, upstream of marathon road",Beaver Creek,STREAM,MAIN,TRUE,TRUE,TBD,FALSE
2022-07-18T04:00:00Z,13.522,beaver_creek_usgs_temp_3,60.65107,-151.09076,US/Alaska (UTC-9 / UTC-8),"west fork beaver creek, upstream of marathon road",Beaver Creek,STREAM,MAIN,TRUE,TRUE,TBD,FALSE
2022-07-18T04:15:00Z,13.497,beaver_creek_usgs_temp_3,60.65107,-151.09076,US/Alaska (UTC-9 / UTC-8),"west fork beaver creek, upstream of marathon road",Beaver Creek,STREAM,MAIN,TRUE,TRUE,TBD,FALSE
2022-07-18T04:30:00Z,13.473,beaver_creek_usgs_temp_3,60.65107,-151.09076,US/Alaska (UTC-9 / UTC-8),"west fork beaver creek, upstream of marathon road",Beaver Creek,STREAM,MAIN,TRUE,TRUE,TBD,FALSE
2022-07-18T04:45:00Z,13.425,beaver_creek_usgs_temp_3,60.65107,-151.09076,US/Alaska (UTC-9 / UTC-8),"west fork beaver creek, upstream of marathon road",Beaver Creek,STREAM,MAIN,TRUE,TRUE,TBD,FALSE
2022-07-18T05:00:00Z,13.401,beaver_creek_usgs_temp_3,60.65107,-151.09076,US/Alaska (UTC-9 / UTC-8),"west fork beaver creek, upstream of marathon road",Beaver Creek,STREAM,MAIN,TRUE,TRUE,TBD,FALSE
2022-07-18T05:15:00Z,13.377,beaver_creek_usgs_temp_3,60.65107,-151.09076,US/Alaska (UTC-9 / UTC-8),"west fork beaver creek, upstream of marathon road",Beaver Creek,STREAM,MAIN,TRUE,TRUE,TBD,FALSE
2022-07-18T05:30:00Z,13.329,beaver_creek_usgs_temp_3,60.65107,-151.09076,US/Alaska (UTC-9 / UTC-8),"west fork beaver creek, upstream of marathon road",Beaver Creek,STREAM,MAIN,TRUE,TRUE,TBD,FALSE
2022-07-18T05:45:00Z,13.305,beaver_creek_usgs_temp_3,60.65107,-151.09076,US/Alaska (UTC-9 / UTC-8),"west fork beaver creek, upstream of marathon road",Beaver Creek,STREAM,MAIN,TRUE,TRUE,TBD,FALSE
2022-07-18T06:00:00Z,13.281,beaver_creek_usgs_temp_3,60.65107,-151.09076,US/Alaska (UTC-9 / UTC-8),"west fork beaver creek, upstream of marathon road",Beaver Creek,STREAM,MAIN,TRUE,TRUE,TBD,FALSE
2022-07-18T06:15:00Z,13.233,beaver_creek_usgs_temp_3,60.65107,-151.09076,US/Alaska (UTC-9 / UTC-8),"west fork beaver creek, upstream of marathon road",Beaver Creek,STREAM,MAIN,TRUE,TRUE,TBD,FALSE
2022-07-18T06:30:00Z,13.209,beaver_creek_usgs_temp_3,60.65107,-151.09076,US/Alaska (UTC-9 / UTC-8),"west fork beaver creek, upstream of marathon road",Beaver Creek,STREAM,MAIN,TRUE,TRUE,TBD,FALSE
2022-07-18T06:45:00Z,13.185,beaver_creek_usgs_temp_3,60.65107,-151.09076,US/Alaska (UTC-9 / UTC-8),"west fork beaver creek, upstream of marathon road",Beaver Creek,STREAM,MAIN,TRUE,TRUE,TBD,FALSE
2022-07-18T07:00:00Z,13.161,beaver_creek_usgs_temp_3,60.65107,-151.09076,US/Alaska (UTC-9 / UTC-8),"west fork beaver creek, upstream of marathon road",Beaver Creek,STREAM,MAIN,TRUE,TRUE,TBD,FALSE
2022-07-18T07:15:00Z,13.137,beaver_creek_usgs_temp_3,60.65107,-151.09076,US/Alaska (UTC-9 / UTC-8),"west fork beaver creek, upstream of marathon road",Beaver Creek,STREAM,MAIN,TRUE,TRUE,TBD,FALSE
2022-07-18T07:30:00Z,13.112,beaver_creek_usgs_temp_3,60.65107,-151.09076,US/Alaska (UTC-9 / UTC-8),"west fork beaver creek, upstream of marathon road",Beaver Creek,STREAM,MAIN,TRUE,TRUE,TBD,FALSE
2022-07-18T07:45:00Z,13.088,beaver_creek_usgs_temp_3,60.65107,-151.09076,US/Alaska (UTC-9 / UTC-8),"west fork beaver creek, upstream of marathon road",Beaver Creek,STREAM,MAIN,TRUE,TRUE,TBD,FALSE
2022-07-18T08:00:00Z,13.064,beaver_creek_usgs_temp_3,60.65107,-151.09076,US/Alaska (UTC-9 / UTC-8),"west fork beaver creek, upstream of marathon road",Beaver Creek,STREAM,MAIN,TRUE,TRUE,TBD,FALSE
2022-07-18T08:15:00Z,13.064,beaver_creek_usgs_temp_3,60.65107,-151.09076,US/Alaska (UTC-9 / UTC-8),"west fork beaver creek, upstream of marathon road",Beaver Creek,STREAM,MAIN,TRUE,TRUE,TBD,FALSE
2022-07-18T08:30:00Z,13.04,beaver_creek_usgs_temp_3,60.65107,-151.09076,US/Alaska (UTC-9 / UTC-8),"west fork beaver creek, upstream of marathon road",Beaver Creek,STREAM,MAIN,TRUE,TRUE,TBD,FALSE
2022-07-18T08:45:00Z,13.04,beaver_creek_usgs_temp_3,60.65107,-151.09076,US/Alaska (UTC-9 / UTC-8),"west fork beaver creek, upstream of marathon road",Beaver Creek,STREAM,MAIN,TRUE,TRUE,TBD,FALSE
2022-07-18T09:00:00Z,13.04,beaver_creek_usgs_temp_3,60.65107,-151.09076,US/Alaska (UTC-9 / UTC-8),"west fork beaver creek, upstream of marathon road",Beaver Creek,STREAM,MAIN,TRUE,TRUE,TBD,FALSE
2022-07-18T09:15:00Z,13.064,beaver_creek_usgs_temp_3,60.65107,-151.09076,US/Alaska (UTC-9 / UTC-8),"west fork beaver creek, upstream of marathon road",Beaver Creek,STREAM,MAIN,TRUE,TRUE,TBD,FALSE
2022-07-18T09:30:00Z,13.088,beaver_creek_usgs_temp_3,60.65107,-151.09076,US/Alaska (UTC-9 / UTC-8),"west fork beaver creek, upstream of marathon road",Beaver Creek,STREAM,MAIN,TRUE,TRUE,TBD,FALSE
2022-07-18T09:45:00Z,13.137,beaver_creek_usgs_temp_3,60.65107,-151.09076,US/Alaska (UTC-9 / UTC-8),"west fork beaver creek, upstream of marathon road",Beaver Creek,STREAM,MAIN,TRUE,TRUE,TBD,FALSE
2022-07-18T10:00:00Z,13.161,beaver_creek_usgs_temp_3,60.65107,-151.09076,US/Alaska (UTC-9 / UTC-8),"west fork beaver creek, upstream of marathon road",Beaver Creek,STREAM,MAIN,TRUE,TRUE,TBD,FALSE
2022-07-18T10:15:00Z,13.209,beaver_creek_usgs_temp_3,60.65107,-151.09076,US/Alaska (UTC-9 / UTC-8),"west fork beaver creek, upstream of marathon road",Beaver Creek,STREAM,MAIN,TRUE,TRUE,TBD,FALSE
2022-07-18T10:30:00Z,13.257,beaver_creek_usgs_temp_3,60.65107,-151.09076,US/Alaska (UTC-9 / UTC-8),"west fork beaver creek, upstream of marathon road",Beaver Creek,STREAM,MAIN,TRUE,TRUE,TBD,FALSE
2022-07-18T10:45:00Z,13.305,beaver_creek_usgs_temp_3,60.65107,-151.09076,US/Alaska (UTC-9 / UTC-8),"west fork beaver creek, upstream of marathon road",Beaver Creek,STREAM,MAIN,TRUE,TRUE,TBD,FALSE
2022-07-18T11:00:00Z,13.353,beaver_creek_usgs_temp_3,60.65107,-151.09076,US/Alaska (UTC-9 / UTC-8),"west fork beaver creek, upstream of marathon road",Beaver Creek,STREAM,MAIN,TRUE,TRUE,TBD,FALSE
2022-07-18T11:15:00Z,13.425,beaver_creek_usgs_temp_3,60.65107,-151.09076,US/Alaska (UTC-9 / UTC-8),"west fork beaver creek, upstream of marathon road",Beaver Creek,STREAM,MAIN,TRUE,TRUE,TBD,FALSE
2022-07-18T11:30:00Z,13.497,beaver_creek_usgs_temp_3,60.65107,-151.09076,US/Alaska (UTC-9 / UTC-8),"west fork beaver creek, upstream of marathon road",Beaver Creek,STREAM,MAIN,TRUE,TRUE,TBD,FALSE
2022-07-18T11:45:00Z,13.57,beaver_creek_usgs_temp_3,60.65107,-151.09076,US/Alaska (UTC-9 / UTC-8),"west fork beaver creek, upstream of marathon road",Beaver Creek,STREAM,MAIN,TRUE,TRUE,TBD,FALSE
2022-07-18T12:00:00Z,13.666,beaver_creek_usgs_temp_3,60.65107,-151.09076,US/Alaska (UTC-9 / UTC-8),"west fork beaver creek, upstream of marathon road",Beaver Creek,STREAM,MAIN,TRUE,TRUE,TBD,FALSE
2022-07-18T12:15:00Z,13.738,beaver_creek_usgs_temp_3,60.65107,-151.09076,US/Alaska (UTC-9 / UTC-8),"west fork beaver creek, upstream of marathon road",Beaver Creek,STREAM,MAIN,TRUE,TRUE,TBD,FALSE
2022-07-18T12:30:00Z,13.762,beaver_creek_usgs_temp_3,60.65107,-151.09076,US/Alaska (UTC-9 / UTC-8),"west fork beaver creek, upstream of marathon road",Beaver Creek,STREAM,MAIN,TRUE,TRUE,TBD,FALSE
2022-07-18T12:45:00Z,13.81,beaver_creek_usgs_temp_3,60.65107,-151.09076,US/Alaska (UTC-9 / UTC-8),"west fork beaver creek, upstream of marathon road",Beaver Creek,STREAM,MAIN,TRUE,TRUE,TBD,FALSE
2022-07-18T13:00:00Z,13.882,beaver_creek_usgs_temp_3,60.65107,-151.09076,US/Alaska (UTC-9 / UTC-8),"west fork beaver creek, upstream of marathon road",Beaver Creek,STREAM,MAIN,TRUE,TRUE,TBD,FALSE
2022-07-18T13:15:00Z,13.93,beaver_creek_usgs_temp_3,60.65107,-151.09076,US/Alaska (UTC-9 / UTC-8),"west fork beaver creek, upstream of marathon road",Beaver Creek,STREAM,MAIN,TRUE,TRUE,TBD,FALSE
2022-07-18T13:30:00Z,14.002,beaver_creek_usgs_temp_3,60.65107,-151.09076,US/Alaska (UTC-9 / UTC-8),"west fork beaver creek, upstream of marathon road",Beaver Creek,STREAM,MAIN,TRUE,TRUE,TBD,FALSE
2022-07-18T13:45:00Z,14.098,beaver_creek_usgs_temp_3,60.65107,-151.09076,US/Alaska (UTC-9 / UTC-8),"west fork beaver creek, upstream of marathon road",Beaver Creek,STREAM,MAIN,TRUE,TRUE,TBD,FALSE
2022-07-18T14:00:00Z,14.194,beaver_creek_usgs_temp_3,60.65107,-151.09076,US/Alaska (UTC-9 / UTC-8),"west fork beaver creek, upstream of marathon road",Beaver Creek,STREAM,MAIN,TRUE,TRUE,TBD,FALSE
2022-07-18T14:15:00Z,14.314,beaver_creek_usgs_temp_3,60.65107,-151.09076,US/Alaska (UTC-9 / UTC-8),"west fork beaver creek, upstream of marathon road",Beaver Creek,STREAM,MAIN,TRUE,TRUE,TBD,FALSE
2022-07-18T14:30:00Z,14.433,beaver_creek_usgs_temp_3,60.65107,-151.09076,US/Alaska (UTC-9 / UTC-8),"west fork beaver creek, upstream of marathon road",Beaver Creek,STREAM,MAIN,TRUE,TRUE,TBD,FALSE
2022-07-18T14:45:00Z,14.553,beaver_creek_usgs_temp_3,60.65107,-151.09076,US/Alaska (UTC-9 / UTC-8),"west fork beaver creek, upstream of marathon road",Beaver Creek,STREAM,MAIN,TRUE,TRUE,TBD,FALSE
2022-07-18T15:00:00Z,14.649,beaver_creek_usgs_temp_3,60.65107,-151.09076,US/Alaska (UTC-9 / UTC-8),"west fork beaver creek, upstream of marathon road",Beaver Creek,STREAM,MAIN,TRUE,TRUE,TBD,FALSE
2022-07-18T15:15:00Z,14.745,beaver_creek_usgs_temp_3,60.65107,-151.09076,US/Alaska (UTC-9 / UTC-8),"west fork beaver creek, upstream of marathon road",Beaver Creek,STREAM,MAIN,TRUE,TRUE,TBD,FALSE
2022-07-18T15:30:00Z,14.864,beaver_creek_usgs_temp_3,60.65107,-151.09076,US/Alaska (UTC-9 / UTC-8),"west fork beaver creek, upstream of marathon road",Beaver Creek,STREAM,MAIN,TRUE,TRUE,TBD,FALSE
2022-07-18T15:45:00Z,14.96,beaver_creek_usgs_temp_3,60.65107,-151.09076,US/Alaska (UTC-9 / UTC-8),"west fork beaver creek, upstream of marathon road",Beaver Creek,STREAM,MAIN,TRUE,TRUE,TBD,FALSE
2022-07-18T16:00:00Z,15.055,beaver_creek_usgs_temp_3,60.65107,-151.09076,US/Alaska (UTC-9 / UTC-8),"west fork beaver creek, upstream of marathon road",Beaver Creek,STREAM,MAIN,TRUE,TRUE,TBD,FALSE
2022-07-18T16:15:00Z,15.127,beaver_creek_usgs_temp_3,60.65107,-151.09076,US/Alaska (UTC-9 / UTC-8),"west fork beaver creek, upstream of marathon road",Beaver Creek,STREAM,MAIN,TRUE,TRUE,TBD,FALSE
2022-07-18T16:30:00Z,15.175,beaver_creek_usgs_temp_3,60.65107,-151.09076,US/Alaska (UTC-9 / UTC-8),"west fork beaver creek, upstream of marathon road",Beaver Creek,STREAM,MAIN,TRUE,TRUE,TBD,FALSE
2022-07-18T16:45:00Z,15.223,beaver_creek_usgs_temp_3,60.65107,-151.09076,US/Alaska (UTC-9 / UTC-8),"west fork beaver creek, upstream of marathon road",Beaver Creek,STREAM,MAIN,TRUE,TRUE,TBD,FALSE
2022-07-18T17:00:00Z,15.27,beaver_creek_usgs_temp_3,60.65107,-151.09076,US/Alaska (UTC-9 / UTC-8),"west fork beaver creek, upstream of marathon road",Beaver Creek,STREAM,MAIN,TRUE,TRUE,TBD,FALSE
2022-07-18T17:15:00Z,15.294,beaver_creek_usgs_temp_3,60.65107,-151.09076,US/Alaska (UTC-9 / UTC-8),"west fork beaver creek, upstream of marathon road",Beaver Creek,STREAM,MAIN,TRUE,TRUE,TBD,FALSE
2022-07-18T17:30:00Z,15.294,beaver_creek_usgs_temp_3,60.65107,-151.09076,US/Alaska (UTC-9 / UTC-8),"west fork beaver creek, upstream of marathon road",Beaver Creek,STREAM,MAIN,TRUE,TRUE,TBD,FALSE
2022-07-18T17:45:00Z,15.318,beaver_creek_usgs_temp_3,60.65107,-151.09076,US/Alaska (UTC-9 / UTC-8),"west fork beaver creek, upstream of marathon road",Beaver Creek,STREAM,MAIN,TRUE,TRUE,TBD,FALSE
2022-07-18T18:00:00Z,15.366,beaver_creek_usgs_temp_3,60.65107,-151.09076,US/Alaska (UTC-9 / UTC-8),"west fork beaver creek, upstream of marathon road",Beaver Creek,STREAM,MAIN,TRUE,TRUE,TBD,FALSE
2022-07-18T18:15:00Z,15.39,beaver_creek_usgs_temp_3,60.65107,-151.09076,US/Alaska (UTC-9 / UTC-8),"west fork beaver creek, upstream of marathon road",Beaver Creek,STREAM,MAIN,TRUE,TRUE,TBD,FALSE
2022-07-18T18:30:00Z,15.39,beaver_creek_usgs_temp_3,60.65107,-151.09076,US/Alaska (UTC-9 / UTC-8),"west fork beaver creek, upstream of marathon road",Beaver Creek,STREAM,MAIN,TRUE,TRUE,TBD,FALSE
2022-07-18T18:45:00Z,15.414,beaver_creek_usgs_temp_3,60.65107,-151.09076,US/Alaska (UTC-9 / UTC-8),"west fork beaver creek, upstream of marathon road",Beaver Creek,STREAM,MAIN,TRUE,TRUE,TBD,FALSE
2022-07-18T19:00:00Z,15.414,beaver_creek_usgs_temp_3,60.65107,-151.09076,US/Alaska (UTC-9 / UTC-8),"west fork beaver creek, upstream of marathon road",Beaver Creek,STREAM,MAIN,TRUE,TRUE,TBD,FALSE
2022-07-18T19:15:00Z,15.39,beaver_creek_usgs_temp_3,60.65107,-151.09076,US/Alaska (UTC-9 / UTC-8),"west fork beaver creek, upstream of marathon road",Beaver Creek,STREAM,MAIN,TRUE,TRUE,TBD,FALSE
2022-07-18T19:30:00Z,15.39,beaver_creek_usgs_temp_3,60.65107,-151.09076,US/Alaska (UTC-9 / UTC-8),"west fork beaver creek, upstream of marathon road",Beaver Creek,STREAM,MAIN,TRUE,TRUE,TBD,FALSE
2022-07-18T19:45:00Z,15.39,beaver_creek_usgs_temp_3,60.65107,-151.09076,US/Alaska (UTC-9 / UTC-8),"west fork beaver creek, upstream of marathon road",Beaver Creek,STREAM,MAIN,TRUE,TRUE,TBD,FALSE
2022-07-18T20:00:00Z,15.39,beaver_creek_usgs_temp_3,60.65107,-151.09076,US/Alaska (UTC-9 / UTC-8),"west fork beaver creek, upstream of marathon road",Beaver Creek,STREAM,MAIN,TRUE,TRUE,TBD,FALSE
2022-07-18T20:15:00Z,15.39,beaver_creek_usgs_temp_3,60.65107,-151.09076,US/Alaska (UTC-9 / UTC-8),"west fork beaver creek, upstream of marathon road",Beaver Creek,STREAM,MAIN,TRUE,TRUE,TBD,FALSE
2022-07-18T20:30:00Z,15.366,beaver_creek_usgs_temp_3,60.65107,-151.09076,US/Alaska (UTC-9 / UTC-8),"west fork beaver creek, upstream of marathon road",Beaver Creek,STREAM,MAIN,TRUE,TRUE,TBD,FALSE
2022-07-18T20:45:00Z,15.342,beaver_creek_usgs_temp_3,60.65107,-151.09076,US/Alaska (UTC-9 / UTC-8),"west fork beaver creek, upstream of marathon road",Beaver Creek,STREAM,MAIN,TRUE,TRUE,TBD,FALSE
2022-07-18T21:00:00Z,15.342,beaver_creek_usgs_temp_3,60.65107,-151.09076,US/Alaska (UTC-9 / UTC-8),"west fork beaver creek, upstream of marathon road",Beaver Creek,STREAM,MAIN,TRUE,TRUE,TBD,FALSE
2022-07-18T21:15:00Z,15.318,beaver_creek_usgs_temp_3,60.65107,-151.09076,US/Alaska (UTC-9 / UTC-8),"west fork beaver creek, upstream of marathon road",Beaver Creek,STREAM,MAIN,TRUE,TRUE,TBD,FALSE
2022-07-18T21:30:00Z,15.294,beaver_creek_usgs_temp_3,60.65107,-151.09076,US/Alaska (UTC-9 / UTC-8),"west fork beaver creek, upstream of marathon road",Beaver Creek,STREAM,MAIN,TRUE,TRUE,TBD,FALSE
2022-07-18T21:45:00Z,15.27,beaver_creek_usgs_temp_3,60.65107,-151.09076,US/Alaska (UTC-9 / UTC-8),"west fork beaver creek, upstream of marathon road",Beaver Creek,STREAM,MAIN,TRUE,TRUE,TBD,FALSE
2022-07-18T22:00:00Z,15.247,beaver_creek_usgs_temp_3,60.65107,-151.09076,US/Alaska (UTC-9 / UTC-8),"west fork beaver creek, upstream of marathon road",Beaver Creek,STREAM,MAIN,TRUE,TRUE,TBD,FALSE
2022-07-18T22:15:00Z,15.199,beaver_creek_usgs_temp_3,60.65107,-151.09076,US/Alaska (UTC-9 / UTC-8),"west fork beaver creek, upstream of marathon road",Beaver Creek,STREAM,MAIN,TRUE,TRUE,TBD,FALSE
2022-07-18T22:30:00Z,15.175,beaver_creek_usgs_temp_3,60.65107,-151.09076,US/Alaska (UTC-9 / UTC-8),"west fork beaver creek, upstream of marathon road",Beaver Creek,STREAM,MAIN,TRUE,TRUE,TBD,FALSE
2022-07-18T22:45:00Z,15.151,beaver_creek_usgs_temp_3,60.65107,-151.09076,US/Alaska (UTC-9 / UTC-8),"west fork beaver creek, upstream of marathon road",Beaver Creek,STREAM,MAIN,TRUE,TRUE,TBD,FALSE
2022-07-18T23:00:00Z,15.127,beaver_creek_usgs_temp_3,60.65107,-151.09076,US/Alaska (UTC-9 / UTC-8),"west fork beaver creek, upstream of marathon road",Beaver Creek,STREAM,MAIN,TRUE,TRUE,TBD,FALSE
2022-07-18T23:15:00Z,15.103,beaver_creek_usgs_temp_3,60.65107,-151.09076,US/Alaska (UTC-9 / UTC-8),"west fork beaver creek, upstream of marathon road",Beaver Creek,STREAM,MAIN,TRUE,TRUE,TBD,FALSE
2022-07-18T23:30:00Z,15.055,beaver_creek_usgs_temp_3,60.65107,-151.09076,US/Alaska (UTC-9 / UTC-8),"west fork beaver creek, upstream of marathon road",Beaver Creek,STREAM,MAIN,TRUE,TRUE,TBD,FALSE
2022-07-18T23:45:00Z,15.055,beaver_creek_usgs_temp_3,60.65107,-151.09076,US/Alaska (UTC-9 / UTC-8),"west fork beaver creek, upstream of marathon road",Beaver Creek,STREAM,MAIN,TRUE,TRUE,TBD,FALSE
2022-07-19T00:00:00Z,15.008,beaver_creek_usgs_temp_3,60.65107,-151.09076,US/Alaska (UTC-9 / UTC-8),"west fork beaver creek, upstream of marathon road",Beaver Creek,STREAM,MAIN,TRUE,TRUE,TBD,FALSE
2022-07-19T00:15:00Z,14.96,beaver_creek_usgs_temp_3,60.65107,-151.09076,US/Alaska (UTC-9 / UTC-8),"west fork beaver creek, upstream of marathon road",Beaver Creek,STREAM,MAIN,TRUE,TRUE,TBD,FALSE
2022-07-19T00:30:00Z,14.936,beaver_creek_usgs_temp_3,60.65107,-151.09076,US/Alaska (UTC-9 / UTC-8),"west fork beaver creek, upstream of marathon road",Beaver Creek,STREAM,MAIN,TRUE,TRUE,TBD,FALSE
2022-07-19T00:45:00Z,14.888,beaver_creek_usgs_temp_3,60.65107,-151.09076,US/Alaska (UTC-9 / UTC-8),"west fork beaver creek, upstream of marathon road",Beaver Creek,STREAM,MAIN,TRUE,TRUE,TBD,FALSE
2022-07-19T01:00:00Z,14.864,beaver_creek_usgs_temp_3,60.65107,-151.09076,US/Alaska (UTC-9 / UTC-8),"west fork beaver creek, upstream of marathon road",Beaver Creek,STREAM,MAIN,TRUE,TRUE,TBD,FALSE
2022-07-19T01:15:00Z,14.816,beaver_creek_usgs_temp_3,60.65107,-151.09076,US/Alaska (UTC-9 / UTC-8),"west fork beaver creek, upstream of marathon road",Beaver Creek,STREAM,MAIN,TRUE,TRUE,TBD,FALSE
2022-07-19T01:30:00Z,14.792,beaver_creek_usgs_temp_3,60.65107,-151.09076,US/Alaska (UTC-9 / UTC-8),"west fork beaver creek, upstream of marathon road",Beaver Creek,STREAM,MAIN,TRUE,TRUE,TBD,FALSE
2022-07-19T01:45:00Z,14.745,beaver_creek_usgs_temp_3,60.65107,-151.09076,US/Alaska (UTC-9 / UTC-8),"west fork beaver creek, upstream of marathon road",Beaver Creek,STREAM,MAIN,TRUE,TRUE,TBD,FALSE
2022-07-19T02:00:00Z,14.697,beaver_creek_usgs_temp_3,60.65107,-151.09076,US/Alaska (UTC-9 / UTC-8),"west fork beaver creek, upstream of marathon road",Beaver Creek,STREAM,MAIN,TRUE,TRUE,TBD,FALSE
2022-07-19T02:15:00Z,14.673,beaver_creek_usgs_temp_3,60.65107,-151.09076,US/Alaska (UTC-9 / UTC-8),"west fork beaver creek, upstream of marathon road",Beaver Creek,STREAM,MAIN,TRUE,TRUE,TBD,FALSE
2022-07-19T02:30:00Z,14.625,beaver_creek_usgs_temp_3,60.65107,-151.09076,US/Alaska (UTC-9 / UTC-8),"west fork beaver creek, upstream of marathon road",Beaver Creek,STREAM,MAIN,TRUE,TRUE,TBD,FALSE
2022-07-19T02:45:00Z,14.577,beaver_creek_usgs_temp_3,60.65107,-151.09076,US/Alaska (UTC-9 / UTC-8),"west fork beaver creek, upstream of marathon road",Beaver Creek,STREAM,MAIN,TRUE,TRUE,TBD,FALSE
2022-07-19T03:00:00Z,14.529,beaver_creek_usgs_temp_3,60.65107,-151.09076,US/Alaska (UTC-9 / UTC-8),"west fork beaver creek, upstream of marathon road",Beaver Creek,STREAM,MAIN,TRUE,TRUE,TBD,FALSE
2022-07-19T03:15:00Z,14.481,beaver_creek_usgs_temp_3,60.65107,-151.09076,US/Alaska (UTC-9 / UTC-8),"west fork beaver creek, upstream of marathon road",Beaver Creek,STREAM,MAIN,TRUE,TRUE,TBD,FALSE
2022-07-19T03:30:00Z,14.433,beaver_creek_usgs_temp_3,60.65107,-151.09076,US/Alaska (UTC-9 / UTC-8),"west fork beaver creek, upstream of marathon road",Beaver Creek,STREAM,MAIN,TRUE,TRUE,TBD,FALSE
2022-07-19T03:45:00Z,14.385,beaver_creek_usgs_temp_3,60.65107,-151.09076,US/Alaska (UTC-9 / UTC-8),"west fork beaver creek, upstream of marathon road",Beaver Creek,STREAM,MAIN,TRUE,TRUE,TBD,FALSE
2022-07-19T04:00:00Z,14.361,beaver_creek_usgs_temp_3,60.65107,-151.09076,US/Alaska (UTC-9 / UTC-8),"west fork beaver creek, upstream of marathon road",Beaver Creek,STREAM,MAIN,TRUE,TRUE,TBD,FALSE
2022-07-19T04:15:00Z,14.314,beaver_creek_usgs_temp_3,60.65107,-151.09076,US/Alaska (UTC-9 / UTC-8),"west fork beaver creek, upstream of marathon road",Beaver Creek,STREAM,MAIN,TRUE,TRUE,TBD,FALSE
2022-07-19T04:30:00Z,14.266,beaver_creek_usgs_temp_3,60.65107,-151.09076,US/Alaska (UTC-9 / UTC-8),"west fork beaver creek, upstream of marathon road",Beaver Creek,STREAM,MAIN,TRUE,TRUE,TBD,FALSE
2022-07-19T04:45:00Z,14.218,beaver_creek_usgs_temp_3,60.65107,-151.09076,US/Alaska (UTC-9 / UTC-8),"west fork beaver creek, upstream of marathon road",Beaver Creek,STREAM,MAIN,TRUE,TRUE,TBD,FALSE
2022-07-19T05:00:00Z,14.17,beaver_creek_usgs_temp_3,60.65107,-151.09076,US/Alaska (UTC-9 / UTC-8),"west fork beaver creek, upstream of marathon road",Beaver Creek,STREAM,MAIN,TRUE,TRUE,TBD,FALSE
2022-07-19T05:15:00Z,14.122,beaver_creek_usgs_temp_3,60.65107,-151.09076,US/Alaska (UTC-9 / UTC-8),"west fork beaver creek, upstream of marathon road",Beaver Creek,STREAM,MAIN,TRUE,TRUE,TBD,FALSE
2022-07-19T05:30:00Z,14.074,beaver_creek_usgs_temp_3,60.65107,-151.09076,US/Alaska (UTC-9 / UTC-8),"west fork beaver creek, upstream of marathon road",Beaver Creek,STREAM,MAIN,TRUE,TRUE,TBD,FALSE
2022-07-19T05:45:00Z,14.026,beaver_creek_usgs_temp_3,60.65107,-151.09076,US/Alaska (UTC-9 / UTC-8),"west fork beaver creek, upstream of marathon road",Beaver Creek,STREAM,MAIN,TRUE,TRUE,TBD,FALSE
2022-07-19T06:00:00Z,14.002,beaver_creek_usgs_temp_3,60.65107,-151.09076,US/Alaska (UTC-9 / UTC-8),"west fork beaver creek, upstream of marathon road",Beaver Creek,STREAM,MAIN,TRUE,TRUE,TBD,FALSE
2022-07-19T06:15:00Z,13.954,beaver_creek_usgs_temp_3,60.65107,-151.09076,US/Alaska (UTC-9 / UTC-8),"west fork beaver creek, upstream of marathon road",Beaver Creek,STREAM,MAIN,TRUE,TRUE,TBD,FALSE
2022-07-19T06:30:00Z,13.906,beaver_creek_usgs_temp_3,60.65107,-151.09076,US/Alaska (UTC-9 / UTC-8),"west fork beaver creek, upstream of marathon road",Beaver Creek,STREAM,MAIN,TRUE,TRUE,TBD,FALSE
2022-07-19T06:45:00Z,13.882,beaver_creek_usgs_temp_3,60.65107,-151.09076,US/Alaska (UTC-9 / UTC-8),"west fork beaver creek, upstream of marathon road",Beaver Creek,STREAM,MAIN,TRUE,TRUE,TBD,FALSE
2022-07-19T07:00:00Z,13.834,beaver_creek_usgs_temp_3,60.65107,-151.09076,US/Alaska (UTC-9 / UTC-8),"west fork beaver creek, upstream of marathon road",Beaver Creek,STREAM,MAIN,TRUE,TRUE,TBD,FALSE
2022-07-19T07:15:00Z,13.81,beaver_creek_usgs_temp_3,60.65107,-151.09076,US/Alaska (UTC-9 / UTC-8),"west fork beaver creek, upstream of marathon road",Beaver Creek,STREAM,MAIN,TRUE,TRUE,TBD,FALSE
2022-07-19T07:30:00Z,13.762,beaver_creek_usgs_temp_3,60.65107,-151.09076,US/Alaska (UTC-9 / UTC-8),"west fork beaver creek, upstream of marathon road",Beaver Creek,STREAM,MAIN,TRUE,TRUE,TBD,FALSE
2022-07-19T07:45:00Z,13.738,beaver_creek_usgs_temp_3,60.65107,-151.09076,US/Alaska (UTC-9 / UTC-8),"west fork beaver creek, upstream of marathon road",Beaver Creek,STREAM,MAIN,TRUE,TRUE,TBD,FALSE
2022-07-19T08:00:00Z,13.69,beaver_creek_usgs_temp_3,60.65107,-151.09076,US/Alaska (UTC-9 / UTC-8),"west fork beaver creek, upstream of marathon road",Beaver Creek,STREAM,MAIN,TRUE,TRUE,TBD,FALSE
2022-07-19T08:15:00Z,13.666,beaver_creek_usgs_temp_3,60.65107,-151.09076,US/Alaska (UTC-9 / UTC-8),"west fork beaver creek, upstream of marathon road",Beaver Creek,STREAM,MAIN,TRUE,TRUE,TBD,FALSE
2022-07-19T08:30:00Z,13.642,beaver_creek_usgs_temp_3,60.65107,-151.09076,US/Alaska (UTC-9 / UTC-8),"west fork beaver creek, upstream of marathon road",Beaver Creek,STREAM,MAIN,TRUE,TRUE,TBD,FALSE
2022-07-19T08:45:00Z,13.618,beaver_creek_usgs_temp_3,60.65107,-151.09076,US/Alaska (UTC-9 / UTC-8),"west fork beaver creek, upstream of marathon road",Beaver Creek,STREAM,MAIN,TRUE,TRUE,TBD,FALSE
2022-07-19T09:00:00Z,13.57,beaver_creek_usgs_temp_3,60.65107,-151.09076,US/Alaska (UTC-9 / UTC-8),"west fork beaver creek, upstream of marathon road",Beaver Creek,STREAM,MAIN,TRUE,TRUE,TBD,FALSE
2022-07-19T09:15:00Z,13.546,beaver_creek_usgs_temp_3,60.65107,-151.09076,US/Alaska (UTC-9 / UTC-8),"west fork beaver creek, upstream of marathon road",Beaver Creek,STREAM,MAIN,TRUE,TRUE,TBD,FALSE
2022-07-19T09:30:00Z,13.522,beaver_creek_usgs_temp_3,60.65107,-151.09076,US/Alaska (UTC-9 / UTC-8),"west fork beaver creek, upstream of marathon road",Beaver Creek,STREAM,MAIN,TRUE,TRUE,TBD,FALSE
2022-07-19T09:45:00Z,13.473,beaver_creek_usgs_temp_3,60.65107,-151.09076,US/Alaska (UTC-9 / UTC-8),"west fork beaver creek, upstream of marathon road",Beaver Creek,STREAM,MAIN,TRUE,TRUE,TBD,FALSE
2022-07-19T10:00:00Z,13.449,beaver_creek_usgs_temp_3,60.65107,-151.09076,US/Alaska (UTC-9 / UTC-8),"west fork beaver creek, upstream of marathon road",Beaver Creek,STREAM,MAIN,TRUE,TRUE,TBD,FALSE
2022-07-19T10:15:00Z,13.425,beaver_creek_usgs_temp_3,60.65107,-151.09076,US/Alaska (UTC-9 / UTC-8),"west fork beaver creek, upstream of marathon road",Beaver Creek,STREAM,MAIN,TRUE,TRUE,TBD,FALSE
2022-07-19T10:30:00Z,13.401,beaver_creek_usgs_temp_3,60.65107,-151.09076,US/Alaska (UTC-9 / UTC-8),"west fork beaver creek, upstream of marathon road",Beaver Creek,STREAM,MAIN,TRUE,TRUE,TBD,FALSE
2022-07-19T10:45:00Z,13.377,beaver_creek_usgs_temp_3,60.65107,-151.09076,US/Alaska (UTC-9 / UTC-8),"west fork beaver creek, upstream of marathon road",Beaver Creek,STREAM,MAIN,TRUE,TRUE,TBD,FALSE
2022-07-19T11:00:00Z,13.377,beaver_creek_usgs_temp_3,60.65107,-151.09076,US/Alaska (UTC-9 / UTC-8),"west fork beaver creek, upstream of marathon road",Beaver Creek,STREAM,MAIN,TRUE,TRUE,TBD,FALSE
2022-07-19T11:15:00Z,13.377,beaver_creek_usgs_temp_3,60.65107,-151.09076,US/Alaska (UTC-9 / UTC-8),"west fork beaver creek, upstream of marathon road",Beaver Creek,STREAM,MAIN,TRUE,TRUE,TBD,FALSE
2022-07-19T11:30:00Z,13.353,beaver_creek_usgs_temp_3,60.65107,-151.09076,US/Alaska (UTC-9 / UTC-8),"west fork beaver creek, upstream of marathon road",Beaver Creek,STREAM,MAIN,TRUE,TRUE,TBD,FALSE
2022-07-19T11:45:00Z,13.377,beaver_creek_usgs_temp_3,60.65107,-151.09076,US/Alaska (UTC-9 / UTC-8),"west fork beaver creek, upstream of marathon road",Beaver Creek,STREAM,MAIN,TRUE,TRUE,TBD,FALSE
2022-07-19T12:00:00Z,13.353,beaver_creek_usgs_temp_3,60.65107,-151.09076,US/Alaska (UTC-9 / UTC-8),"west fork beaver creek, upstream of marathon road",Beaver Creek,STREAM,MAIN,TRUE,TRUE,TBD,FALSE
2022-07-19T12:15:00Z,13.353,beaver_creek_usgs_temp_3,60.65107,-151.09076,US/Alaska (UTC-9 / UTC-8),"west fork beaver creek, upstream of marathon road",Beaver Creek,STREAM,MAIN,TRUE,TRUE,TBD,FALSE
2022-07-19T12:30:00Z,13.353,beaver_creek_usgs_temp_3,60.65107,-151.09076,US/Alaska (UTC-9 / UTC-8),"west fork beaver creek, upstream of marathon road",Beaver Creek,STREAM,MAIN,TRUE,TRUE,TBD,FALSE
2022-07-19T12:45:00Z,13.377,beaver_creek_usgs_temp_3,60.65107,-151.09076,US/Alaska (UTC-9 / UTC-8),"west fork beaver creek, upstream of marathon road",Beaver Creek,STREAM,MAIN,TRUE,TRUE,TBD,FALSE
2022-07-19T13:00:00Z,13.401,beaver_creek_usgs_temp_3,60.65107,-151.09076,US/Alaska (UTC-9 / UTC-8),"west fork beaver creek, upstream of marathon road",Beaver Creek,STREAM,MAIN,TRUE,TRUE,TBD,FALSE
2022-07-19T13:15:00Z,13.425,beaver_creek_usgs_temp_3,60.65107,-151.09076,US/Alaska (UTC-9 / UTC-8),"west fork beaver creek, upstream of marathon road",Beaver Creek,STREAM,MAIN,TRUE,TRUE,TBD,FALSE
2022-07-19T13:30:00Z,13.425,beaver_creek_usgs_temp_3,60.65107,-151.09076,US/Alaska (UTC-9 / UTC-8),"west fork beaver creek, upstream of marathon road",Beaver Creek,STREAM,MAIN,TRUE,TRUE,TBD,FALSE
2022-07-19T13:45:00Z,13.449,beaver_creek_usgs_temp_3,60.65107,-151.09076,US/Alaska (UTC-9 / UTC-8),"west fork beaver creek, upstream of marathon road",Beaver Creek,STREAM,MAIN,TRUE,TRUE,TBD,FALSE
2022-07-19T14:00:00Z,13.473,beaver_creek_usgs_temp_3,60.65107,-151.09076,US/Alaska (UTC-9 / UTC-8),"west fork beaver creek, upstream of marathon road",Beaver Creek,STREAM,MAIN,TRUE,TRUE,TBD,FALSE
2022-07-19T14:15:00Z,13.497,beaver_creek_usgs_temp_3,60.65107,-151.09076,US/Alaska (UTC-9 / UTC-8),"west fork beaver creek, upstream of marathon road",Beaver Creek,STREAM,MAIN,TRUE,TRUE,TBD,FALSE
2022-07-19T14:30:00Z,13.522,beaver_creek_usgs_temp_3,60.65107,-151.09076,US/Alaska (UTC-9 / UTC-8),"west fork beaver creek, upstream of marathon road",Beaver Creek,STREAM,MAIN,TRUE,TRUE,TBD,FALSE
2022-07-19T14:45:00Z,13.546,beaver_creek_usgs_temp_3,60.65107,-151.09076,US/Alaska (UTC-9 / UTC-8),"west fork beaver creek, upstream of marathon road",Beaver Creek,STREAM,MAIN,TRUE,TRUE,TBD,FALSE
2022-07-19T15:00:00Z,13.546,beaver_creek_usgs_temp_3,60.65107,-151.09076,US/Alaska (UTC-9 / UTC-8),"west fork beaver creek, upstream of marathon road",Beaver Creek,STREAM,MAIN,TRUE,TRUE,TBD,FALSE
2022-07-19T15:15:00Z,13.522,beaver_creek_usgs_temp_3,60.65107,-151.09076,US/Alaska (UTC-9 / UTC-8),"west fork beaver creek, upstream of marathon road",Beaver Creek,STREAM,MAIN,TRUE,TRUE,TBD,FALSE
2022-07-19T15:30:00Z,13.546,beaver_creek_usgs_temp_3,60.65107,-151.09076,US/Alaska (UTC-9 / UTC-8),"west fork beaver creek, upstream of marathon road",Beaver Creek,STREAM,MAIN,TRUE,TRUE,TBD,FALSE
2022-07-19T15:45:00Z,13.546,beaver_creek_usgs_temp_3,60.65107,-151.09076,US/Alaska (UTC-9 / UTC-8),"west fork beaver creek, upstream of marathon road",Beaver Creek,STREAM,MAIN,TRUE,TRUE,TBD,FALSE
2022-07-19T16:00:00Z,13.546,beaver_creek_usgs_temp_3,60.65107,-151.09076,US/Alaska (UTC-9 / UTC-8),"west fork beaver creek, upstream of marathon road",Beaver Creek,STREAM,MAIN,TRUE,TRUE,TBD,FALSE
2022-07-19T16:15:00Z,13.57,beaver_creek_usgs_temp_3,60.65107,-151.09076,US/Alaska (UTC-9 / UTC-8),"west fork beaver creek, upstream of marathon road",Beaver Creek,STREAM,MAIN,TRUE,TRUE,TBD,FALSE
2022-07-19T16:30:00Z,13.57,beaver_creek_usgs_temp_3,60.65107,-151.09076,US/Alaska (UTC-9 / UTC-8),"west fork beaver creek, upstream of marathon road",Beaver Creek,STREAM,MAIN,TRUE,TRUE,TBD,FALSE
2022-07-19T16:45:00Z,13.57,beaver_creek_usgs_temp_3,60.65107,-151.09076,US/Alaska (UTC-9 / UTC-8),"west fork beaver creek, upstream of marathon road",Beaver Creek,STREAM,MAIN,TRUE,TRUE,TBD,FALSE
2022-07-19T17:00:00Z,13.57,beaver_creek_usgs_temp_3,60.65107,-151.09076,US/Alaska (UTC-9 / UTC-8),"west fork beaver creek, upstream of marathon road",Beaver Creek,STREAM,MAIN,TRUE,TRUE,TBD,FALSE
2022-07-19T17:15:00Z,13.57,beaver_creek_usgs_temp_3,60.65107,-151.09076,US/Alaska (UTC-9 / UTC-8),"west fork beaver creek, upstream of marathon road",Beaver Creek,STREAM,MAIN,TRUE,TRUE,TBD,FALSE
2022-07-19T17:30:00Z,13.57,beaver_creek_usgs_temp_3,60.65107,-151.09076,US/Alaska (UTC-9 / UTC-8),"west fork beaver creek, upstream of marathon road",Beaver Creek,STREAM,MAIN,TRUE,TRUE,TBD,FALSE
2022-07-19T17:45:00Z,13.546,beaver_creek_usgs_temp_3,60.65107,-151.09076,US/Alaska (UTC-9 / UTC-8),"west fork beaver creek, upstream of marathon road",Beaver Creek,STREAM,MAIN,TRUE,TRUE,TBD,FALSE
2022-07-19T18:00:00Z,13.57,beaver_creek_usgs_temp_3,60.65107,-151.09076,US/Alaska (UTC-9 / UTC-8),"west fork beaver creek, upstream of marathon road",Beaver Creek,STREAM,MAIN,TRUE,TRUE,TBD,FALSE
2022-07-19T18:15:00Z,13.57,beaver_creek_usgs_temp_3,60.65107,-151.09076,US/Alaska (UTC-9 / UTC-8),"west fork beaver creek, upstream of marathon road",Beaver Creek,STREAM,MAIN,TRUE,TRUE,TBD,FALSE
2022-07-19T18:30:00Z,13.57,beaver_creek_usgs_temp_3,60.65107,-151.09076,US/Alaska (UTC-9 / UTC-8),"west fork beaver creek, upstream of marathon road",Beaver Creek,STREAM,MAIN,TRUE,TRUE,TBD,FALSE
2022-07-19T18:45:00Z,13.57,beaver_creek_usgs_temp_3,60.65107,-151.09076,US/Alaska (UTC-9 / UTC-8),"west fork beaver creek, upstream of marathon road",Beaver Creek,STREAM,MAIN,TRUE,TRUE,TBD,FALSE
2022-07-19T19:00:00Z,13.57,beaver_creek_usgs_temp_3,60.65107,-151.09076,US/Alaska (UTC-9 / UTC-8),"west fork beaver creek, upstream of marathon road",Beaver Creek,STREAM,MAIN,TRUE,TRUE,TBD,FALSE
2022-07-19T19:15:00Z,13.546,beaver_creek_usgs_temp_3,60.65107,-151.09076,US/Alaska (UTC-9 / UTC-8),"west fork beaver creek, upstream of marathon road",Beaver Creek,STREAM,MAIN,TRUE,TRUE,TBD,FALSE
2022-07-19T19:30:00Z,13.546,beaver_creek_usgs_temp_3,60.65107,-151.09076,US/Alaska (UTC-9 / UTC-8),"west fork beaver creek, upstream of marathon road",Beaver Creek,STREAM,MAIN,TRUE,TRUE,TBD,FALSE
2022-07-19T19:45:00Z,13.522,beaver_creek_usgs_temp_3,60.65107,-151.09076,US/Alaska (UTC-9 / UTC-8),"west fork beaver creek, upstream of marathon road",Beaver Creek,STREAM,MAIN,TRUE,TRUE,TBD,FALSE
2022-07-19T20:00:00Z,13.522,beaver_creek_usgs_temp_3,60.65107,-151.09076,US/Alaska (UTC-9 / UTC-8),"west fork beaver creek, upstream of marathon road",Beaver Creek,STREAM,MAIN,TRUE,TRUE,TBD,FALSE
2022-07-19T20:15:00Z,13.522,beaver_creek_usgs_temp_3,60.65107,-151.09076,US/Alaska (UTC-9 / UTC-8),"west fork beaver creek, upstream of marathon road",Beaver Creek,STREAM,MAIN,TRUE,TRUE,TBD,FALSE
2022-07-19T20:30:00Z,13.522,beaver_creek_usgs_temp_3,60.65107,-151.09076,US/Alaska (UTC-9 / UTC-8),"west fork beaver creek, upstream of marathon road",Beaver Creek,STREAM,MAIN,TRUE,TRUE,TBD,FALSE
2022-07-19T20:45:00Z,13.522,beaver_creek_usgs_temp_3,60.65107,-151.09076,US/Alaska (UTC-9 / UTC-8),"west fork beaver creek, upstream of marathon road",Beaver Creek,STREAM,MAIN,TRUE,TRUE,TBD,FALSE
2022-07-19T21:00:00Z,13.497,beaver_creek_usgs_temp_3,60.65107,-151.09076,US/Alaska (UTC-9 / UTC-8),"west fork beaver creek, upstream of marathon road",Beaver Creek,STREAM,MAIN,TRUE,TRUE,TBD,FALSE
2022-07-19T21:15:00Z,13.497,beaver_creek_usgs_temp_3,60.65107,-151.09076,US/Alaska (UTC-9 / UTC-8),"west fork beaver creek, upstream of marathon road",Beaver Creek,STREAM,MAIN,TRUE,TRUE,TBD,FALSE
2022-07-19T21:30:00Z,13.473,beaver_creek_usgs_temp_3,60.65107,-151.09076,US/Alaska (UTC-9 / UTC-8),"west fork beaver creek, upstream of marathon road",Beaver Creek,STREAM,MAIN,TRUE,TRUE,TBD,FALSE
2022-07-19T21:45:00Z,13.473,beaver_creek_usgs_temp_3,60.65107,-151.09076,US/Alaska (UTC-9 / UTC-8),"west fork beaver creek, upstream of marathon road",Beaver Creek,STREAM,MAIN,TRUE,TRUE,TBD,FALSE
2022-07-19T22:00:00Z,13.449,beaver_creek_usgs_temp_3,60.65107,-151.09076,US/Alaska (UTC-9 / UTC-8),"west fork beaver creek, upstream of marathon road",Beaver Creek,STREAM,MAIN,TRUE,TRUE,TBD,FALSE
2022-07-19T22:15:00Z,13.449,beaver_creek_usgs_temp_3,60.65107,-151.09076,US/Alaska (UTC-9 / UTC-8),"west fork beaver creek, upstream of marathon road",Beaver Creek,STREAM,MAIN,TRUE,TRUE,TBD,FALSE
2022-07-19T22:30:00Z,13.425,beaver_creek_usgs_temp_3,60.65107,-151.09076,US/Alaska (UTC-9 / UTC-8),"west fork beaver creek, upstream of marathon road",Beaver Creek,STREAM,MAIN,TRUE,TRUE,TBD,FALSE
2022-07-19T22:45:00Z,13.425,beaver_creek_usgs_temp_3,60.65107,-151.09076,US/Alaska (UTC-9 / UTC-8),"west fork beaver creek, upstream of marathon road",Beaver Creek,STREAM,MAIN,TRUE,TRUE,TBD,FALSE
2022-07-19T23:00:00Z,13.401,beaver_creek_usgs_temp_3,60.65107,-151.09076,US/Alaska (UTC-9 / UTC-8),"west fork beaver creek, upstream of marathon road",Beaver Creek,STREAM,MAIN,TRUE,TRUE,TBD,FALSE
2022-07-19T23:15:00Z,13.377,beaver_creek_usgs_temp_3,60.65107,-151.09076,US/Alaska (UTC-9 / UTC-8),"west fork beaver creek, upstream of marathon road",Beaver Creek,STREAM,MAIN,TRUE,TRUE,TBD,FALSE
2022-07-19T23:30:00Z,13.377,beaver_creek_usgs_temp_3,60.65107,-151.09076,US/Alaska (UTC-9 / UTC-8),"west fork beaver creek, upstream of marathon road",Beaver Creek,STREAM,MAIN,TRUE,TRUE,TBD,FALSE
2022-07-19T23:45:00Z,13.353,beaver_creek_usgs_temp_3,60.65107,-151.09076,US/Alaska (UTC-9 / UTC-8),"west fork beaver creek, upstream of marathon road",Beaver Creek,STREAM,MAIN,TRUE,TRUE,TBD,FALSE
2022-07-20T00:00:00Z,13.329,beaver_creek_usgs_temp_3,60.65107,-151.09076,US/Alaska (UTC-9 / UTC-8),"west fork beaver creek, upstream of marathon road",Beaver Creek,STREAM,MAIN,TRUE,TRUE,TBD,FALSE
2022-07-20T00:15:00Z,13.329,beaver_creek_usgs_temp_3,60.65107,-151.09076,US/Alaska (UTC-9 / UTC-8),"west fork beaver creek, upstream of marathon road",Beaver Creek,STREAM,MAIN,TRUE,TRUE,TBD,FALSE
2022-07-20T00:30:00Z,13.305,beaver_creek_usgs_temp_3,60.65107,-151.09076,US/Alaska (UTC-9 / UTC-8),"west fork beaver creek, upstream of marathon road",Beaver Creek,STREAM,MAIN,TRUE,TRUE,TBD,FALSE
2022-07-20T00:45:00Z,13.281,beaver_creek_usgs_temp_3,60.65107,-151.09076,US/Alaska (UTC-9 / UTC-8),"west fork beaver creek, upstream of marathon road",Beaver Creek,STREAM,MAIN,TRUE,TRUE,TBD,FALSE
2022-07-20T01:00:00Z,13.257,beaver_creek_usgs_temp_3,60.65107,-151.09076,US/Alaska (UTC-9 / UTC-8),"west fork beaver creek, upstream of marathon road",Beaver Creek,STREAM,MAIN,TRUE,TRUE,TBD,FALSE
2022-07-20T01:15:00Z,13.233,beaver_creek_usgs_temp_3,60.65107,-151.09076,US/Alaska (UTC-9 / UTC-8),"west fork beaver creek, upstream of marathon road",Beaver Creek,STREAM,MAIN,TRUE,TRUE,TBD,FALSE
2022-07-20T01:30:00Z,13.233,beaver_creek_usgs_temp_3,60.65107,-151.09076,US/Alaska (UTC-9 / UTC-8),"west fork beaver creek, upstream of marathon road",Beaver Creek,STREAM,MAIN,TRUE,TRUE,TBD,FALSE
2022-07-20T01:45:00Z,13.209,beaver_creek_usgs_temp_3,60.65107,-151.09076,US/Alaska (UTC-9 / UTC-8),"west fork beaver creek, upstream of marathon road",Beaver Creek,STREAM,MAIN,TRUE,TRUE,TBD,FALSE
2022-07-20T02:00:00Z,13.185,beaver_creek_usgs_temp_3,60.65107,-151.09076,US/Alaska (UTC-9 / UTC-8),"west fork beaver creek, upstream of marathon road",Beaver Creek,STREAM,MAIN,TRUE,TRUE,TBD,FALSE
2022-07-20T02:15:00Z,13.161,beaver_creek_usgs_temp_3,60.65107,-151.09076,US/Alaska (UTC-9 / UTC-8),"west fork beaver creek, upstream of marathon road",Beaver Creek,STREAM,MAIN,TRUE,TRUE,TBD,FALSE
2022-07-20T02:30:00Z,13.161,beaver_creek_usgs_temp_3,60.65107,-151.09076,US/Alaska (UTC-9 / UTC-8),"west fork beaver creek, upstream of marathon road",Beaver Creek,STREAM,MAIN,TRUE,TRUE,TBD,FALSE
2022-07-20T02:45:00Z,13.137,beaver_creek_usgs_temp_3,60.65107,-151.09076,US/Alaska (UTC-9 / UTC-8),"west fork beaver creek, upstream of marathon road",Beaver Creek,STREAM,MAIN,TRUE,TRUE,TBD,FALSE
2022-07-20T03:00:00Z,13.112,beaver_creek_usgs_temp_3,60.65107,-151.09076,US/Alaska (UTC-9 / UTC-8),"west fork beaver creek, upstream of marathon road",Beaver Creek,STREAM,MAIN,TRUE,TRUE,TBD,FALSE
2022-07-20T03:15:00Z,13.088,beaver_creek_usgs_temp_3,60.65107,-151.09076,US/Alaska (UTC-9 / UTC-8),"west fork beaver creek, upstream of marathon road",Beaver Creek,STREAM,MAIN,TRUE,TRUE,TBD,FALSE
2022-07-20T03:30:00Z,13.064,beaver_creek_usgs_temp_3,60.65107,-151.09076,US/Alaska (UTC-9 / UTC-8),"west fork beaver creek, upstream of marathon road",Beaver Creek,STREAM,MAIN,TRUE,TRUE,TBD,FALSE
2022-07-20T03:45:00Z,13.04,beaver_creek_usgs_temp_3,60.65107,-151.09076,US/Alaska (UTC-9 / UTC-8),"west fork beaver creek, upstream of marathon road",Beaver Creek,STREAM,MAIN,TRUE,TRUE,TBD,FALSE
2022-07-20T04:00:00Z,13.016,beaver_creek_usgs_temp_3,60.65107,-151.09076,US/Alaska (UTC-9 / UTC-8),"west fork beaver creek, upstream of marathon road",Beaver Creek,STREAM,MAIN,TRUE,TRUE,TBD,FALSE
2022-07-20T04:15:00Z,12.992,beaver_creek_usgs_temp_3,60.65107,-151.09076,US/Alaska (UTC-9 / UTC-8),"west fork beaver creek, upstream of marathon road",Beaver Creek,STREAM,MAIN,TRUE,TRUE,TBD,FALSE
2022-07-20T04:30:00Z,12.968,beaver_creek_usgs_temp_3,60.65107,-151.09076,US/Alaska (UTC-9 / UTC-8),"west fork beaver creek, upstream of marathon road",Beaver Creek,STREAM,MAIN,TRUE,TRUE,TBD,FALSE
2022-07-20T04:45:00Z,12.944,beaver_creek_usgs_temp_3,60.65107,-151.09076,US/Alaska (UTC-9 / UTC-8),"west fork beaver creek, upstream of marathon road",Beaver Creek,STREAM,MAIN,TRUE,TRUE,TBD,FALSE
2022-07-20T05:00:00Z,12.92,beaver_creek_usgs_temp_3,60.65107,-151.09076,US/Alaska (UTC-9 / UTC-8),"west fork beaver creek, upstream of marathon road",Beaver Creek,STREAM,MAIN,TRUE,TRUE,TBD,FALSE
2022-07-20T05:15:00Z,12.896,beaver_creek_usgs_temp_3,60.65107,-151.09076,US/Alaska (UTC-9 / UTC-8),"west fork beaver creek, upstream of marathon road",Beaver Creek,STREAM,MAIN,TRUE,TRUE,TBD,FALSE
2022-07-20T05:30:00Z,12.871,beaver_creek_usgs_temp_3,60.65107,-151.09076,US/Alaska (UTC-9 / UTC-8),"west fork beaver creek, upstream of marathon road",Beaver Creek,STREAM,MAIN,TRUE,TRUE,TBD,FALSE
2022-07-20T05:45:00Z,12.847,beaver_creek_usgs_temp_3,60.65107,-151.09076,US/Alaska (UTC-9 / UTC-8),"west fork beaver creek, upstream of marathon road",Beaver Creek,STREAM,MAIN,TRUE,TRUE,TBD,FALSE
2022-07-20T06:00:00Z,12.847,beaver_creek_usgs_temp_3,60.65107,-151.09076,US/Alaska (UTC-9 / UTC-8),"west fork beaver creek, upstream of marathon road",Beaver Creek,STREAM,MAIN,TRUE,TRUE,TBD,FALSE
2022-07-20T06:15:00Z,12.823,beaver_creek_usgs_temp_3,60.65107,-151.09076,US/Alaska (UTC-9 / UTC-8),"west fork beaver creek, upstream of marathon road",Beaver Creek,STREAM,MAIN,TRUE,TRUE,TBD,FALSE
2022-07-20T06:30:00Z,12.799,beaver_creek_usgs_temp_3,60.65107,-151.09076,US/Alaska (UTC-9 / UTC-8),"west fork beaver creek, upstream of marathon road",Beaver Creek,STREAM,MAIN,TRUE,TRUE,TBD,FALSE
2022-07-20T06:45:00Z,12.799,beaver_creek_usgs_temp_3,60.65107,-151.09076,US/Alaska (UTC-9 / UTC-8),"west fork beaver creek, upstream of marathon road",Beaver Creek,STREAM,MAIN,TRUE,TRUE,TBD,FALSE
2022-07-20T07:00:00Z,12.775,beaver_creek_usgs_temp_3,60.65107,-151.09076,US/Alaska (UTC-9 / UTC-8),"west fork beaver creek, upstream of marathon road",Beaver Creek,STREAM,MAIN,TRUE,TRUE,TBD,FALSE
2022-07-20T07:15:00Z,12.775,beaver_creek_usgs_temp_3,60.65107,-151.09076,US/Alaska (UTC-9 / UTC-8),"west fork beaver creek, upstream of marathon road",Beaver Creek,STREAM,MAIN,TRUE,TRUE,TBD,FALSE
2022-07-20T07:30:00Z,12.775,beaver_creek_usgs_temp_3,60.65107,-151.09076,US/Alaska (UTC-9 / UTC-8),"west fork beaver creek, upstream of marathon road",Beaver Creek,STREAM,MAIN,TRUE,TRUE,TBD,FALSE
2022-07-20T07:45:00Z,12.775,beaver_creek_usgs_temp_3,60.65107,-151.09076,US/Alaska (UTC-9 / UTC-8),"west fork beaver creek, upstream of marathon road",Beaver Creek,STREAM,MAIN,TRUE,TRUE,TBD,FALSE
2022-07-20T08:00:00Z,12.775,beaver_creek_usgs_temp_3,60.65107,-151.09076,US/Alaska (UTC-9 / UTC-8),"west fork beaver creek, upstream of marathon road",Beaver Creek,STREAM,MAIN,TRUE,TRUE,TBD,FALSE
2022-07-20T08:15:00Z,12.799,beaver_creek_usgs_temp_3,60.65107,-151.09076,US/Alaska (UTC-9 / UTC-8),"west fork beaver creek, upstream of marathon road",Beaver Creek,STREAM,MAIN,TRUE,TRUE,TBD,FALSE
2022-07-20T08:30:00Z,12.799,beaver_creek_usgs_temp_3,60.65107,-151.09076,US/Alaska (UTC-9 / UTC-8),"west fork beaver creek, upstream of marathon road",Beaver Creek,STREAM,MAIN,TRUE,TRUE,TBD,FALSE
2022-07-20T08:45:00Z,12.799,beaver_creek_usgs_temp_3,60.65107,-151.09076,US/Alaska (UTC-9 / UTC-8),"west fork beaver creek, upstream of marathon road",Beaver Creek,STREAM,MAIN,TRUE,TRUE,TBD,FALSE
2022-07-20T09:00:00Z,12.823,beaver_creek_usgs_temp_3,60.65107,-151.09076,US/Alaska (UTC-9 / UTC-8),"west fork beaver creek, upstream of marathon road",Beaver Creek,STREAM,MAIN,TRUE,TRUE,TBD,FALSE
2022-07-20T09:15:00Z,12.847,beaver_creek_usgs_temp_3,60.65107,-151.09076,US/Alaska (UTC-9 / UTC-8),"west fork beaver creek, upstream of marathon road",Beaver Creek,STREAM,MAIN,TRUE,TRUE,TBD,FALSE
2022-07-20T09:30:00Z,12.871,beaver_creek_usgs_temp_3,60.65107,-151.09076,US/Alaska (UTC-9 / UTC-8),"west fork beaver creek, upstream of marathon road",Beaver Creek,STREAM,MAIN,TRUE,TRUE,TBD,FALSE
2022-07-20T09:45:00Z,12.896,beaver_creek_usgs_temp_3,60.65107,-151.09076,US/Alaska (UTC-9 / UTC-8),"west fork beaver creek, upstream of marathon road",Beaver Creek,STREAM,MAIN,TRUE,TRUE,TBD,FALSE
2022-07-20T10:00:00Z,12.944,beaver_creek_usgs_temp_3,60.65107,-151.09076,US/Alaska (UTC-9 / UTC-8),"west fork beaver creek, upstream of marathon road",Beaver Creek,STREAM,MAIN,TRUE,TRUE,TBD,FALSE
2022-07-20T10:15:00Z,12.992,beaver_creek_usgs_temp_3,60.65107,-151.09076,US/Alaska (UTC-9 / UTC-8),"west fork beaver creek, upstream of marathon road",Beaver Creek,STREAM,MAIN,TRUE,TRUE,TBD,FALSE
2022-07-20T10:30:00Z,13.04,beaver_creek_usgs_temp_3,60.65107,-151.09076,US/Alaska (UTC-9 / UTC-8),"west fork beaver creek, upstream of marathon road",Beaver Creek,STREAM,MAIN,TRUE,TRUE,TBD,FALSE
2022-07-20T10:45:00Z,13.088,beaver_creek_usgs_temp_3,60.65107,-151.09076,US/Alaska (UTC-9 / UTC-8),"west fork beaver creek, upstream of marathon road",Beaver Creek,STREAM,MAIN,TRUE,TRUE,TBD,FALSE
2022-07-20T11:00:00Z,13.112,beaver_creek_usgs_temp_3,60.65107,-151.09076,US/Alaska (UTC-9 / UTC-8),"west fork beaver creek, upstream of marathon road",Beaver Creek,STREAM,MAIN,TRUE,TRUE,TBD,FALSE
2022-07-20T11:15:00Z,13.137,beaver_creek_usgs_temp_3,60.65107,-151.09076,US/Alaska (UTC-9 / UTC-8),"west fork beaver creek, upstream of marathon road",Beaver Creek,STREAM,MAIN,TRUE,TRUE,TBD,FALSE
2022-07-20T11:30:00Z,13.161,beaver_creek_usgs_temp_3,60.65107,-151.09076,US/Alaska (UTC-9 / UTC-8),"west fork beaver creek, upstream of marathon road",Beaver Creek,STREAM,MAIN,TRUE,TRUE,TBD,FALSE
2022-07-20T11:45:00Z,13.233,beaver_creek_usgs_temp_3,60.65107,-151.09076,US/Alaska (UTC-9 / UTC-8),"west fork beaver creek, upstream of marathon road",Beaver Creek,STREAM,MAIN,TRUE,TRUE,TBD,FALSE
2022-07-20T12:00:00Z,13.281,beaver_creek_usgs_temp_3,60.65107,-151.09076,US/Alaska (UTC-9 / UTC-8),"west fork beaver creek, upstream of marathon road",Beaver Creek,STREAM,MAIN,TRUE,TRUE,TBD,FALSE
2022-07-20T12:15:00Z,13.329,beaver_creek_usgs_temp_3,60.65107,-151.09076,US/Alaska (UTC-9 / UTC-8),"west fork beaver creek, upstream of marathon road",Beaver Creek,STREAM,MAIN,TRUE,TRUE,TBD,FALSE
2022-07-20T12:30:00Z,13.329,beaver_creek_usgs_temp_3,60.65107,-151.09076,US/Alaska (UTC-9 / UTC-8),"west fork beaver creek, upstream of marathon road",Beaver Creek,STREAM,MAIN,TRUE,TRUE,TBD,FALSE
2022-07-20T12:45:00Z,13.353,beaver_creek_usgs_temp_3,60.65107,-151.09076,US/Alaska (UTC-9 / UTC-8),"west fork beaver creek, upstream of marathon road",Beaver Creek,STREAM,MAIN,TRUE,TRUE,TBD,FALSE
2022-07-20T13:00:00Z,13.425,beaver_creek_usgs_temp_3,60.65107,-151.09076,US/Alaska (UTC-9 / UTC-8),"west fork beaver creek, upstream of marathon road",Beaver Creek,STREAM,MAIN,TRUE,TRUE,TBD,FALSE
2022-07-20T13:15:00Z,13.497,beaver_creek_usgs_temp_3,60.65107,-151.09076,US/Alaska (UTC-9 / UTC-8),"west fork beaver creek, upstream of marathon road",Beaver Creek,STREAM,MAIN,TRUE,TRUE,TBD,FALSE
2022-07-20T13:30:00Z,13.594,beaver_creek_usgs_temp_3,60.65107,-151.09076,US/Alaska (UTC-9 / UTC-8),"west fork beaver creek, upstream of marathon road",Beaver Creek,STREAM,MAIN,TRUE,TRUE,TBD,FALSE
2022-07-20T13:45:00Z,13.666,beaver_creek_usgs_temp_3,60.65107,-151.09076,US/Alaska (UTC-9 / UTC-8),"west fork beaver creek, upstream of marathon road",Beaver Creek,STREAM,MAIN,TRUE,TRUE,TBD,FALSE
2022-07-20T14:00:00Z,13.738,beaver_creek_usgs_temp_3,60.65107,-151.09076,US/Alaska (UTC-9 / UTC-8),"west fork beaver creek, upstream of marathon road",Beaver Creek,STREAM,MAIN,TRUE,TRUE,TBD,FALSE
2022-07-20T14:15:00Z,13.762,beaver_creek_usgs_temp_3,60.65107,-151.09076,US/Alaska (UTC-9 / UTC-8),"west fork beaver creek, upstream of marathon road",Beaver Creek,STREAM,MAIN,TRUE,TRUE,TBD,FALSE
2022-07-20T14:30:00Z,13.762,beaver_creek_usgs_temp_3,60.65107,-151.09076,US/Alaska (UTC-9 / UTC-8),"west fork beaver creek, upstream of marathon road",Beaver Creek,STREAM,MAIN,TRUE,TRUE,TBD,FALSE
2022-07-20T14:45:00Z,13.786,beaver_creek_usgs_temp_3,60.65107,-151.09076,US/Alaska (UTC-9 / UTC-8),"west fork beaver creek, upstream of marathon road",Beaver Creek,STREAM,MAIN,TRUE,TRUE,TBD,FALSE
2022-07-20T15:00:00Z,13.81,beaver_creek_usgs_temp_3,60.65107,-151.09076,US/Alaska (UTC-9 / UTC-8),"west fork beaver creek, upstream of marathon road",Beaver Creek,STREAM,MAIN,TRUE,TRUE,TBD,FALSE
2022-07-20T15:15:00Z,13.858,beaver_creek_usgs_temp_3,60.65107,-151.09076,US/Alaska (UTC-9 / UTC-8),"west fork beaver creek, upstream of marathon road",Beaver Creek,STREAM,MAIN,TRUE,TRUE,TBD,FALSE
2022-07-20T15:30:00Z,13.882,beaver_creek_usgs_temp_3,60.65107,-151.09076,US/Alaska (UTC-9 / UTC-8),"west fork beaver creek, upstream of marathon road",Beaver Creek,STREAM,MAIN,TRUE,TRUE,TBD,FALSE
2022-07-20T15:45:00Z,13.93,beaver_creek_usgs_temp_3,60.65107,-151.09076,US/Alaska (UTC-9 / UTC-8),"west fork beaver creek, upstream of marathon road",Beaver Creek,STREAM,MAIN,TRUE,TRUE,TBD,FALSE
2022-07-20T16:00:00Z,13.954,beaver_creek_usgs_temp_3,60.65107,-151.09076,US/Alaska (UTC-9 / UTC-8),"west fork beaver creek, upstream of marathon road",Beaver Creek,STREAM,MAIN,TRUE,TRUE,TBD,FALSE
2022-07-20T16:15:00Z,13.93,beaver_creek_usgs_temp_3,60.65107,-151.09076,US/Alaska (UTC-9 / UTC-8),"west fork beaver creek, upstream of marathon road",Beaver Creek,STREAM,MAIN,TRUE,TRUE,TBD,FALSE
2022-07-20T16:30:00Z,13.93,beaver_creek_usgs_temp_3,60.65107,-151.09076,US/Alaska (UTC-9 / UTC-8),"west fork beaver creek, upstream of marathon road",Beaver Creek,STREAM,MAIN,TRUE,TRUE,TBD,FALSE
2022-07-20T16:45:00Z,13.954,beaver_creek_usgs_temp_3,60.65107,-151.09076,US/Alaska (UTC-9 / UTC-8),"west fork beaver creek, upstream of marathon road",Beaver Creek,STREAM,MAIN,TRUE,TRUE,TBD,FALSE
2022-07-20T17:00:00Z,13.954,beaver_creek_usgs_temp_3,60.65107,-151.09076,US/Alaska (UTC-9 / UTC-8),"west fork beaver creek, upstream of marathon road",Beaver Creek,STREAM,MAIN,TRUE,TRUE,TBD,FALSE
2022-07-20T17:15:00Z,13.954,beaver_creek_usgs_temp_3,60.65107,-151.09076,US/Alaska (UTC-9 / UTC-8),"west fork beaver creek, upstream of marathon road",Beaver Creek,STREAM,MAIN,TRUE,TRUE,TBD,FALSE
2022-07-20T17:30:00Z,13.954,beaver_creek_usgs_temp_3,60.65107,-151.09076,US/Alaska (UTC-9 / UTC-8),"west fork beaver creek, upstream of marathon road",Beaver Creek,STREAM,MAIN,TRUE,TRUE,TBD,FALSE
2022-07-20T17:45:00Z,13.93,beaver_creek_usgs_temp_3,60.65107,-151.09076,US/Alaska (UTC-9 / UTC-8),"west fork beaver creek, upstream of marathon road",Beaver Creek,STREAM,MAIN,TRUE,TRUE,TBD,FALSE
2022-07-20T18:00:00Z,13.906,beaver_creek_usgs_temp_3,60.65107,-151.09076,US/Alaska (UTC-9 / UTC-8),"west fork beaver creek, upstream of marathon road",Beaver Creek,STREAM,MAIN,TRUE,TRUE,TBD,FALSE
2022-07-20T18:15:00Z,13.906,beaver_creek_usgs_temp_3,60.65107,-151.09076,US/Alaska (UTC-9 / UTC-8),"west fork beaver creek, upstream of marathon road",Beaver Creek,STREAM,MAIN,TRUE,TRUE,TBD,FALSE
2022-07-20T18:30:00Z,13.882,beaver_creek_usgs_temp_3,60.65107,-151.09076,US/Alaska (UTC-9 / UTC-8),"west fork beaver creek, upstream of marathon road",Beaver Creek,STREAM,MAIN,TRUE,TRUE,TBD,FALSE
2022-07-20T18:45:00Z,13.882,beaver_creek_usgs_temp_3,60.65107,-151.09076,US/Alaska (UTC-9 / UTC-8),"west fork beaver creek, upstream of marathon road",Beaver Creek,STREAM,MAIN,TRUE,TRUE,TBD,FALSE
2022-07-20T19:00:00Z,13.858,beaver_creek_usgs_temp_3,60.65107,-151.09076,US/Alaska (UTC-9 / UTC-8),"west fork beaver creek, upstream of marathon road",Beaver Creek,STREAM,MAIN,TRUE,TRUE,TBD,FALSE
2022-07-20T19:15:00Z,13.858,beaver_creek_usgs_temp_3,60.65107,-151.09076,US/Alaska (UTC-9 / UTC-8),"west fork beaver creek, upstream of marathon road",Beaver Creek,STREAM,MAIN,TRUE,TRUE,TBD,FALSE
2022-07-20T19:30:00Z,13.858,beaver_creek_usgs_temp_3,60.65107,-151.09076,US/Alaska (UTC-9 / UTC-8),"west fork beaver creek, upstream of marathon road",Beaver Creek,STREAM,MAIN,TRUE,TRUE,TBD,FALSE
2022-07-20T19:45:00Z,13.858,beaver_creek_usgs_temp_3,60.65107,-151.09076,US/Alaska (UTC-9 / UTC-8),"west fork beaver creek, upstream of marathon road",Beaver Creek,STREAM,MAIN,TRUE,TRUE,TBD,FALSE
2022-07-20T20:00:00Z,13.858,beaver_creek_usgs_temp_3,60.65107,-151.09076,US/Alaska (UTC-9 / UTC-8),"west fork beaver creek, upstream of marathon road",Beaver Creek,STREAM,MAIN,TRUE,TRUE,TBD,FALSE
2022-07-20T20:15:00Z,13.858,beaver_creek_usgs_temp_3,60.65107,-151.09076,US/Alaska (UTC-9 / UTC-8),"west fork beaver creek, upstream of marathon road",Beaver Creek,STREAM,MAIN,TRUE,TRUE,TBD,FALSE
2022-07-20T20:30:00Z,13.858,beaver_creek_usgs_temp_3,60.65107,-151.09076,US/Alaska (UTC-9 / UTC-8),"west fork beaver creek, upstream of marathon road",Beaver Creek,STREAM,MAIN,TRUE,TRUE,TBD,FALSE
2022-07-20T20:45:00Z,13.858,beaver_creek_usgs_temp_3,60.65107,-151.09076,US/Alaska (UTC-9 / UTC-8),"west fork beaver creek, upstream of marathon road",Beaver Creek,STREAM,MAIN,TRUE,TRUE,TBD,FALSE
2022-07-20T21:00:00Z,13.858,beaver_creek_usgs_temp_3,60.65107,-151.09076,US/Alaska (UTC-9 / UTC-8),"west fork beaver creek, upstream of marathon road",Beaver Creek,STREAM,MAIN,TRUE,TRUE,TBD,FALSE
2022-07-20T21:15:00Z,13.834,beaver_creek_usgs_temp_3,60.65107,-151.09076,US/Alaska (UTC-9 / UTC-8),"west fork beaver creek, upstream of marathon road",Beaver Creek,STREAM,MAIN,TRUE,TRUE,TBD,FALSE
2022-07-20T21:30:00Z,13.81,beaver_creek_usgs_temp_3,60.65107,-151.09076,US/Alaska (UTC-9 / UTC-8),"west fork beaver creek, upstream of marathon road",Beaver Creek,STREAM,MAIN,TRUE,TRUE,TBD,FALSE
2022-07-20T21:45:00Z,13.81,beaver_creek_usgs_temp_3,60.65107,-151.09076,US/Alaska (UTC-9 / UTC-8),"west fork beaver creek, upstream of marathon road",Beaver Creek,STREAM,MAIN,TRUE,TRUE,TBD,FALSE
2022-07-20T22:00:00Z,13.786,beaver_creek_usgs_temp_3,60.65107,-151.09076,US/Alaska (UTC-9 / UTC-8),"west fork beaver creek, upstream of marathon road",Beaver Creek,STREAM,MAIN,TRUE,TRUE,TBD,FALSE
2022-07-20T22:15:00Z,13.762,beaver_creek_usgs_temp_3,60.65107,-151.09076,US/Alaska (UTC-9 / UTC-8),"west fork beaver creek, upstream of marathon road",Beaver Creek,STREAM,MAIN,TRUE,TRUE,TBD,FALSE
2022-07-20T22:30:00Z,13.738,beaver_creek_usgs_temp_3,60.65107,-151.09076,US/Alaska (UTC-9 / UTC-8),"west fork beaver creek, upstream of marathon road",Beaver Creek,STREAM,MAIN,TRUE,TRUE,TBD,FALSE
2022-07-20T22:45:00Z,13.714,beaver_creek_usgs_temp_3,60.65107,-151.09076,US/Alaska (UTC-9 / UTC-8),"west fork beaver creek, upstream of marathon road",Beaver Creek,STREAM,MAIN,TRUE,TRUE,TBD,FALSE
2022-07-20T23:00:00Z,13.714,beaver_creek_usgs_temp_3,60.65107,-151.09076,US/Alaska (UTC-9 / UTC-8),"west fork beaver creek, upstream of marathon road",Beaver Creek,STREAM,MAIN,TRUE,TRUE,TBD,FALSE
2022-07-20T23:15:00Z,13.666,beaver_creek_usgs_temp_3,60.65107,-151.09076,US/Alaska (UTC-9 / UTC-8),"west fork beaver creek, upstream of marathon road",Beaver Creek,STREAM,MAIN,TRUE,TRUE,TBD,FALSE
2022-07-20T23:30:00Z,13.642,beaver_creek_usgs_temp_3,60.65107,-151.09076,US/Alaska (UTC-9 / UTC-8),"west fork beaver creek, upstream of marathon road",Beaver Creek,STREAM,MAIN,TRUE,TRUE,TBD,FALSE
2022-07-20T23:45:00Z,13.618,beaver_creek_usgs_temp_3,60.65107,-151.09076,US/Alaska (UTC-9 / UTC-8),"west fork beaver creek, upstream of marathon road",Beaver Creek,STREAM,MAIN,TRUE,TRUE,TBD,FALSE
2022-07-21T00:00:00Z,13.618,beaver_creek_usgs_temp_3,60.65107,-151.09076,US/Alaska (UTC-9 / UTC-8),"west fork beaver creek, upstream of marathon road",Beaver Creek,STREAM,MAIN,TRUE,TRUE,TBD,FALSE
2022-07-21T00:15:00Z,13.57,beaver_creek_usgs_temp_3,60.65107,-151.09076,US/Alaska (UTC-9 / UTC-8),"west fork beaver creek, upstream of marathon road",Beaver Creek,STREAM,MAIN,TRUE,TRUE,TBD,FALSE
2022-07-21T00:30:00Z,13.546,beaver_creek_usgs_temp_3,60.65107,-151.09076,US/Alaska (UTC-9 / UTC-8),"west fork beaver creek, upstream of marathon road",Beaver Creek,STREAM,MAIN,TRUE,TRUE,TBD,FALSE
2022-07-21T00:45:00Z,13.522,beaver_creek_usgs_temp_3,60.65107,-151.09076,US/Alaska (UTC-9 / UTC-8),"west fork beaver creek, upstream of marathon road",Beaver Creek,STREAM,MAIN,TRUE,TRUE,TBD,FALSE
2022-07-21T01:00:00Z,13.473,beaver_creek_usgs_temp_3,60.65107,-151.09076,US/Alaska (UTC-9 / UTC-8),"west fork beaver creek, upstream of marathon road",Beaver Creek,STREAM,MAIN,TRUE,TRUE,TBD,FALSE
2022-07-21T01:15:00Z,13.449,beaver_creek_usgs_temp_3,60.65107,-151.09076,US/Alaska (UTC-9 / UTC-8),"west fork beaver creek, upstream of marathon road",Beaver Creek,STREAM,MAIN,TRUE,TRUE,TBD,FALSE
2022-07-21T01:30:00Z,13.425,beaver_creek_usgs_temp_3,60.65107,-151.09076,US/Alaska (UTC-9 / UTC-8),"west fork beaver creek, upstream of marathon road",Beaver Creek,STREAM,MAIN,TRUE,TRUE,TBD,FALSE
2022-07-21T01:45:00Z,13.377,beaver_creek_usgs_temp_3,60.65107,-151.09076,US/Alaska (UTC-9 / UTC-8),"west fork beaver creek, upstream of marathon road",Beaver Creek,STREAM,MAIN,TRUE,TRUE,TBD,FALSE
2022-07-21T02:00:00Z,13.353,beaver_creek_usgs_temp_3,60.65107,-151.09076,US/Alaska (UTC-9 / UTC-8),"west fork beaver creek, upstream of marathon road",Beaver Creek,STREAM,MAIN,TRUE,TRUE,TBD,FALSE
2022-07-21T02:15:00Z,13.329,beaver_creek_usgs_temp_3,60.65107,-151.09076,US/Alaska (UTC-9 / UTC-8),"west fork beaver creek, upstream of marathon road",Beaver Creek,STREAM,MAIN,TRUE,TRUE,TBD,FALSE
2022-07-21T02:30:00Z,13.281,beaver_creek_usgs_temp_3,60.65107,-151.09076,US/Alaska (UTC-9 / UTC-8),"west fork beaver creek, upstream of marathon road",Beaver Creek,STREAM,MAIN,TRUE,TRUE,TBD,FALSE
2022-07-21T02:45:00Z,13.257,beaver_creek_usgs_temp_3,60.65107,-151.09076,US/Alaska (UTC-9 / UTC-8),"west fork beaver creek, upstream of marathon road",Beaver Creek,STREAM,MAIN,TRUE,TRUE,TBD,FALSE
2022-07-21T03:00:00Z,13.233,beaver_creek_usgs_temp_3,60.65107,-151.09076,US/Alaska (UTC-9 / UTC-8),"west fork beaver creek, upstream of marathon road",Beaver Creek,STREAM,MAIN,TRUE,TRUE,TBD,FALSE
2022-07-21T03:15:00Z,13.185,beaver_creek_usgs_temp_3,60.65107,-151.09076,US/Alaska (UTC-9 / UTC-8),"west fork beaver creek, upstream of marathon road",Beaver Creek,STREAM,MAIN,TRUE,TRUE,TBD,FALSE
2022-07-21T03:30:00Z,13.161,beaver_creek_usgs_temp_3,60.65107,-151.09076,US/Alaska (UTC-9 / UTC-8),"west fork beaver creek, upstream of marathon road",Beaver Creek,STREAM,MAIN,TRUE,TRUE,TBD,FALSE
2022-07-21T03:45:00Z,13.137,beaver_creek_usgs_temp_3,60.65107,-151.09076,US/Alaska (UTC-9 / UTC-8),"west fork beaver creek, upstream of marathon road",Beaver Creek,STREAM,MAIN,TRUE,TRUE,TBD,FALSE
2022-07-21T04:00:00Z,13.088,beaver_creek_usgs_temp_3,60.65107,-151.09076,US/Alaska (UTC-9 / UTC-8),"west fork beaver creek, upstream of marathon road",Beaver Creek,STREAM,MAIN,TRUE,TRUE,TBD,FALSE
2022-07-21T04:15:00Z,13.064,beaver_creek_usgs_temp_3,60.65107,-151.09076,US/Alaska (UTC-9 / UTC-8),"west fork beaver creek, upstream of marathon road",Beaver Creek,STREAM,MAIN,TRUE,TRUE,TBD,FALSE
2022-07-21T04:30:00Z,13.04,beaver_creek_usgs_temp_3,60.65107,-151.09076,US/Alaska (UTC-9 / UTC-8),"west fork beaver creek, upstream of marathon road",Beaver Creek,STREAM,MAIN,TRUE,TRUE,TBD,FALSE
2022-07-21T04:45:00Z,12.992,beaver_creek_usgs_temp_3,60.65107,-151.09076,US/Alaska (UTC-9 / UTC-8),"west fork beaver creek, upstream of marathon road",Beaver Creek,STREAM,MAIN,TRUE,TRUE,TBD,FALSE
2022-07-21T05:00:00Z,12.968,beaver_creek_usgs_temp_3,60.65107,-151.09076,US/Alaska (UTC-9 / UTC-8),"west fork beaver creek, upstream of marathon road",Beaver Creek,STREAM,MAIN,TRUE,TRUE,TBD,FALSE
2022-07-21T05:15:00Z,12.944,beaver_creek_usgs_temp_3,60.65107,-151.09076,US/Alaska (UTC-9 / UTC-8),"west fork beaver creek, upstream of marathon road",Beaver Creek,STREAM,MAIN,TRUE,TRUE,TBD,FALSE
2022-07-21T05:30:00Z,12.92,beaver_creek_usgs_temp_3,60.65107,-151.09076,US/Alaska (UTC-9 / UTC-8),"west fork beaver creek, upstream of marathon road",Beaver Creek,STREAM,MAIN,TRUE,TRUE,TBD,FALSE
2022-07-21T05:45:00Z,12.896,beaver_creek_usgs_temp_3,60.65107,-151.09076,US/Alaska (UTC-9 / UTC-8),"west fork beaver creek, upstream of marathon road",Beaver Creek,STREAM,MAIN,TRUE,TRUE,TBD,FALSE
2022-07-21T06:00:00Z,12.871,beaver_creek_usgs_temp_3,60.65107,-151.09076,US/Alaska (UTC-9 / UTC-8),"west fork beaver creek, upstream of marathon road",Beaver Creek,STREAM,MAIN,TRUE,TRUE,TBD,FALSE
2022-07-21T06:15:00Z,12.847,beaver_creek_usgs_temp_3,60.65107,-151.09076,US/Alaska (UTC-9 / UTC-8),"west fork beaver creek, upstream of marathon road",Beaver Creek,STREAM,MAIN,TRUE,TRUE,TBD,FALSE
2022-07-21T06:30:00Z,12.823,beaver_creek_usgs_temp_3,60.65107,-151.09076,US/Alaska (UTC-9 / UTC-8),"west fork beaver creek, upstream of marathon road",Beaver Creek,STREAM,MAIN,TRUE,TRUE,TBD,FALSE
2022-07-21T06:45:00Z,12.799,beaver_creek_usgs_temp_3,60.65107,-151.09076,US/Alaska (UTC-9 / UTC-8),"west fork beaver creek, upstream of marathon road",Beaver Creek,STREAM,MAIN,TRUE,TRUE,TBD,FALSE
2022-07-21T07:00:00Z,12.775,beaver_creek_usgs_temp_3,60.65107,-151.09076,US/Alaska (UTC-9 / UTC-8),"west fork beaver creek, upstream of marathon road",Beaver Creek,STREAM,MAIN,TRUE,TRUE,TBD,FALSE
2022-07-21T07:15:00Z,12.751,beaver_creek_usgs_temp_3,60.65107,-151.09076,US/Alaska (UTC-9 / UTC-8),"west fork beaver creek, upstream of marathon road",Beaver Creek,STREAM,MAIN,TRUE,TRUE,TBD,FALSE
2022-07-21T07:30:00Z,12.751,beaver_creek_usgs_temp_3,60.65107,-151.09076,US/Alaska (UTC-9 / UTC-8),"west fork beaver creek, upstream of marathon road",Beaver Creek,STREAM,MAIN,TRUE,TRUE,TBD,FALSE
2022-07-21T07:45:00Z,12.751,beaver_creek_usgs_temp_3,60.65107,-151.09076,US/Alaska (UTC-9 / UTC-8),"west fork beaver creek, upstream of marathon road",Beaver Creek,STREAM,MAIN,TRUE,TRUE,TBD,FALSE
2022-07-21T08:00:00Z,12.751,beaver_creek_usgs_temp_3,60.65107,-151.09076,US/Alaska (UTC-9 / UTC-8),"west fork beaver creek, upstream of marathon road",Beaver Creek,STREAM,MAIN,TRUE,TRUE,TBD,FALSE
2022-07-21T08:15:00Z,12.727,beaver_creek_usgs_temp_3,60.65107,-151.09076,US/Alaska (UTC-9 / UTC-8),"west fork beaver creek, upstream of marathon road",Beaver Creek,STREAM,MAIN,TRUE,TRUE,TBD,FALSE
2022-07-21T08:30:00Z,12.703,beaver_creek_usgs_temp_3,60.65107,-151.09076,US/Alaska (UTC-9 / UTC-8),"west fork beaver creek, upstream of marathon road",Beaver Creek,STREAM,MAIN,TRUE,TRUE,TBD,FALSE
2022-07-21T08:45:00Z,12.703,beaver_creek_usgs_temp_3,60.65107,-151.09076,US/Alaska (UTC-9 / UTC-8),"west fork beaver creek, upstream of marathon road",Beaver Creek,STREAM,MAIN,TRUE,TRUE,TBD,FALSE
2022-07-21T09:00:00Z,12.703,beaver_creek_usgs_temp_3,60.65107,-151.09076,US/Alaska (UTC-9 / UTC-8),"west fork beaver creek, upstream of marathon road",Beaver Creek,STREAM,MAIN,TRUE,TRUE,TBD,FALSE
2022-07-21T09:15:00Z,12.703,beaver_creek_usgs_temp_3,60.65107,-151.09076,US/Alaska (UTC-9 / UTC-8),"west fork beaver creek, upstream of marathon road",Beaver Creek,STREAM,MAIN,TRUE,TRUE,TBD,FALSE
2022-07-21T09:30:00Z,12.703,beaver_creek_usgs_temp_3,60.65107,-151.09076,US/Alaska (UTC-9 / UTC-8),"west fork beaver creek, upstream of marathon road",Beaver Creek,STREAM,MAIN,TRUE,TRUE,TBD,FALSE
2022-07-21T09:45:00Z,12.703,beaver_creek_usgs_temp_3,60.65107,-151.09076,US/Alaska (UTC-9 / UTC-8),"west fork beaver creek, upstream of marathon road",Beaver Creek,STREAM,MAIN,TRUE,TRUE,TBD,FALSE
2022-07-21T10:00:00Z,12.703,beaver_creek_usgs_temp_3,60.65107,-151.09076,US/Alaska (UTC-9 / UTC-8),"west fork beaver creek, upstream of marathon road",Beaver Creek,STREAM,MAIN,TRUE,TRUE,TBD,FALSE
2022-07-21T10:15:00Z,12.703,beaver_creek_usgs_temp_3,60.65107,-151.09076,US/Alaska (UTC-9 / UTC-8),"west fork beaver creek, upstream of marathon road",Beaver Creek,STREAM,MAIN,TRUE,TRUE,TBD,FALSE
2022-07-21T10:30:00Z,12.703,beaver_creek_usgs_temp_3,60.65107,-151.09076,US/Alaska (UTC-9 / UTC-8),"west fork beaver creek, upstream of marathon road",Beaver Creek,STREAM,MAIN,TRUE,TRUE,TBD,FALSE
2022-07-21T10:45:00Z,12.751,beaver_creek_usgs_temp_3,60.65107,-151.09076,US/Alaska (UTC-9 / UTC-8),"west fork beaver creek, upstream of marathon road",Beaver Creek,STREAM,MAIN,TRUE,TRUE,TBD,FALSE
2022-07-21T11:00:00Z,12.775,beaver_creek_usgs_temp_3,60.65107,-151.09076,US/Alaska (UTC-9 / UTC-8),"west fork beaver creek, upstream of marathon road",Beaver Creek,STREAM,MAIN,TRUE,TRUE,TBD,FALSE
2022-07-21T11:15:00Z,12.823,beaver_creek_usgs_temp_3,60.65107,-151.09076,US/Alaska (UTC-9 / UTC-8),"west fork beaver creek, upstream of marathon road",Beaver Creek,STREAM,MAIN,TRUE,TRUE,TBD,FALSE
2022-07-21T11:30:00Z,12.871,beaver_creek_usgs_temp_3,60.65107,-151.09076,US/Alaska (UTC-9 / UTC-8),"west fork beaver creek, upstream of marathon road",Beaver Creek,STREAM,MAIN,TRUE,TRUE,TBD,FALSE
2022-07-21T11:45:00Z,12.92,beaver_creek_usgs_temp_3,60.65107,-151.09076,US/Alaska (UTC-9 / UTC-8),"west fork beaver creek, upstream of marathon road",Beaver Creek,STREAM,MAIN,TRUE,TRUE,TBD,FALSE
2022-07-21T12:00:00Z,12.944,beaver_creek_usgs_temp_3,60.65107,-151.09076,US/Alaska (UTC-9 / UTC-8),"west fork beaver creek, upstream of marathon road",Beaver Creek,STREAM,MAIN,TRUE,TRUE,TBD,FALSE
2022-07-21T12:15:00Z,12.992,beaver_creek_usgs_temp_3,60.65107,-151.09076,US/Alaska (UTC-9 / UTC-8),"west fork beaver creek, upstream of marathon road",Beaver Creek,STREAM,MAIN,TRUE,TRUE,TBD,FALSE
2022-07-21T12:30:00Z,12.992,beaver_creek_usgs_temp_3,60.65107,-151.09076,US/Alaska (UTC-9 / UTC-8),"west fork beaver creek, upstream of marathon road",Beaver Creek,STREAM,MAIN,TRUE,TRUE,TBD,FALSE
2022-07-21T12:45:00Z,13.016,beaver_creek_usgs_temp_3,60.65107,-151.09076,US/Alaska (UTC-9 / UTC-8),"west fork beaver creek, upstream of marathon road",Beaver Creek,STREAM,MAIN,TRUE,TRUE,TBD,FALSE
2022-07-21T13:00:00Z,13.04,beaver_creek_usgs_temp_3,60.65107,-151.09076,US/Alaska (UTC-9 / UTC-8),"west fork beaver creek, upstream of marathon road",Beaver Creek,STREAM,MAIN,TRUE,TRUE,TBD,FALSE
2022-07-21T13:15:00Z,13.088,beaver_creek_usgs_temp_3,60.65107,-151.09076,US/Alaska (UTC-9 / UTC-8),"west fork beaver creek, upstream of marathon road",Beaver Creek,STREAM,MAIN,TRUE,TRUE,TBD,FALSE
2022-07-21T13:30:00Z,13.137,beaver_creek_usgs_temp_3,60.65107,-151.09076,US/Alaska (UTC-9 / UTC-8),"west fork beaver creek, upstream of marathon road",Beaver Creek,STREAM,MAIN,TRUE,TRUE,TBD,FALSE
2022-07-21T13:45:00Z,13.185,beaver_creek_usgs_temp_3,60.65107,-151.09076,US/Alaska (UTC-9 / UTC-8),"west fork beaver creek, upstream of marathon road",Beaver Creek,STREAM,MAIN,TRUE,TRUE,TBD,FALSE
2022-07-21T14:00:00Z,13.233,beaver_creek_usgs_temp_3,60.65107,-151.09076,US/Alaska (UTC-9 / UTC-8),"west fork beaver creek, upstream of marathon road",Beaver Creek,STREAM,MAIN,TRUE,TRUE,TBD,FALSE
2022-07-21T14:15:00Z,13.281,beaver_creek_usgs_temp_3,60.65107,-151.09076,US/Alaska (UTC-9 / UTC-8),"west fork beaver creek, upstream of marathon road",Beaver Creek,STREAM,MAIN,TRUE,TRUE,TBD,FALSE
2022-07-21T14:30:00Z,13.377,beaver_creek_usgs_temp_3,60.65107,-151.09076,US/Alaska (UTC-9 / UTC-8),"west fork beaver creek, upstream of marathon road",Beaver Creek,STREAM,MAIN,TRUE,TRUE,TBD,FALSE
2022-07-21T14:45:00Z,13.425,beaver_creek_usgs_temp_3,60.65107,-151.09076,US/Alaska (UTC-9 / UTC-8),"west fork beaver creek, upstream of marathon road",Beaver Creek,STREAM,MAIN,TRUE,TRUE,TBD,FALSE
2022-07-21T15:00:00Z,13.449,beaver_creek_usgs_temp_3,60.65107,-151.09076,US/Alaska (UTC-9 / UTC-8),"west fork beaver creek, upstream of marathon road",Beaver Creek,STREAM,MAIN,TRUE,TRUE,TBD,FALSE
2022-07-21T15:15:00Z,13.473,beaver_creek_usgs_temp_3,60.65107,-151.09076,US/Alaska (UTC-9 / UTC-8),"west fork beaver creek, upstream of marathon road",Beaver Creek,STREAM,MAIN,TRUE,TRUE,TBD,FALSE
2022-07-21T15:30:00Z,13.497,beaver_creek_usgs_temp_3,60.65107,-151.09076,US/Alaska (UTC-9 / UTC-8),"west fork beaver creek, upstream of marathon road",Beaver Creek,STREAM,MAIN,TRUE,TRUE,TBD,FALSE
2022-07-21T15:45:00Z,13.497,beaver_creek_usgs_temp_3,60.65107,-151.09076,US/Alaska (UTC-9 / UTC-8),"west fork beaver creek, upstream of marathon road",Beaver Creek,STREAM,MAIN,TRUE,TRUE,TBD,FALSE
2022-07-21T16:00:00Z,13.522,beaver_creek_usgs_temp_3,60.65107,-151.09076,US/Alaska (UTC-9 / UTC-8),"west fork beaver creek, upstream of marathon road",Beaver Creek,STREAM,MAIN,TRUE,TRUE,TBD,FALSE
2022-07-21T16:15:00Z,13.522,beaver_creek_usgs_temp_3,60.65107,-151.09076,US/Alaska (UTC-9 / UTC-8),"west fork beaver creek, upstream of marathon road",Beaver Creek,STREAM,MAIN,TRUE,TRUE,TBD,FALSE
2022-07-21T16:30:00Z,13.522,beaver_creek_usgs_temp_3,60.65107,-151.09076,US/Alaska (UTC-9 / UTC-8),"west fork beaver creek, upstream of marathon road",Beaver Creek,STREAM,MAIN,TRUE,TRUE,TBD,FALSE
2022-07-21T16:45:00Z,13.546,beaver_creek_usgs_temp_3,60.65107,-151.09076,US/Alaska (UTC-9 / UTC-8),"west fork beaver creek, upstream of marathon road",Beaver Creek,STREAM,MAIN,TRUE,TRUE,TBD,FALSE
2022-07-21T17:00:00Z,13.594,beaver_creek_usgs_temp_3,60.65107,-151.09076,US/Alaska (UTC-9 / UTC-8),"west fork beaver creek, upstream of marathon road",Beaver Creek,STREAM,MAIN,TRUE,TRUE,TBD,FALSE
2022-07-21T17:15:00Z,13.642,beaver_creek_usgs_temp_3,60.65107,-151.09076,US/Alaska (UTC-9 / UTC-8),"west fork beaver creek, upstream of marathon road",Beaver Creek,STREAM,MAIN,TRUE,TRUE,TBD,FALSE
2022-07-21T17:30:00Z,13.666,beaver_creek_usgs_temp_3,60.65107,-151.09076,US/Alaska (UTC-9 / UTC-8),"west fork beaver creek, upstream of marathon road",Beaver Creek,STREAM,MAIN,TRUE,TRUE,TBD,FALSE
2022-07-21T17:45:00Z,13.666,beaver_creek_usgs_temp_3,60.65107,-151.09076,US/Alaska (UTC-9 / UTC-8),"west fork beaver creek, upstream of marathon road",Beaver Creek,STREAM,MAIN,TRUE,TRUE,TBD,FALSE
2022-07-21T18:00:00Z,13.714,beaver_creek_usgs_temp_3,60.65107,-151.09076,US/Alaska (UTC-9 / UTC-8),"west fork beaver creek, upstream of marathon road",Beaver Creek,STREAM,MAIN,TRUE,TRUE,TBD,FALSE
2022-07-21T18:15:00Z,13.714,beaver_creek_usgs_temp_3,60.65107,-151.09076,US/Alaska (UTC-9 / UTC-8),"west fork beaver creek, upstream of marathon road",Beaver Creek,STREAM,MAIN,TRUE,TRUE,TBD,FALSE
2022-07-21T18:30:00Z,13.738,beaver_creek_usgs_temp_3,60.65107,-151.09076,US/Alaska (UTC-9 / UTC-8),"west fork beaver creek, upstream of marathon road",Beaver Creek,STREAM,MAIN,TRUE,TRUE,TBD,FALSE
2022-07-21T18:45:00Z,13.738,beaver_creek_usgs_temp_3,60.65107,-151.09076,US/Alaska (UTC-9 / UTC-8),"west fork beaver creek, upstream of marathon road",Beaver Creek,STREAM,MAIN,TRUE,TRUE,TBD,FALSE
2022-07-21T19:00:00Z,13.738,beaver_creek_usgs_temp_3,60.65107,-151.09076,US/Alaska (UTC-9 / UTC-8),"west fork beaver creek, upstream of marathon road",Beaver Creek,STREAM,MAIN,TRUE,TRUE,TBD,FALSE
2022-07-21T19:15:00Z,13.738,beaver_creek_usgs_temp_3,60.65107,-151.09076,US/Alaska (UTC-9 / UTC-8),"west fork beaver creek, upstream of marathon road",Beaver Creek,STREAM,MAIN,TRUE,TRUE,TBD,FALSE
2022-07-21T19:30:00Z,13.738,beaver_creek_usgs_temp_3,60.65107,-151.09076,US/Alaska (UTC-9 / UTC-8),"west fork beaver creek, upstream of marathon road",Beaver Creek,STREAM,MAIN,TRUE,TRUE,TBD,FALSE
2022-07-21T19:45:00Z,13.738,beaver_creek_usgs_temp_3,60.65107,-151.09076,US/Alaska (UTC-9 / UTC-8),"west fork beaver creek, upstream of marathon road",Beaver Creek,STREAM,MAIN,TRUE,TRUE,TBD,FALSE
2022-07-21T20:00:00Z,13.738,beaver_creek_usgs_temp_3,60.65107,-151.09076,US/Alaska (UTC-9 / UTC-8),"west fork beaver creek, upstream of marathon road",Beaver Creek,STREAM,MAIN,TRUE,TRUE,TBD,FALSE
2022-07-21T20:15:00Z,13.738,beaver_creek_usgs_temp_3,60.65107,-151.09076,US/Alaska (UTC-9 / UTC-8),"west fork beaver creek, upstream of marathon road",Beaver Creek,STREAM,MAIN,TRUE,TRUE,TBD,FALSE
2022-07-21T20:30:00Z,13.738,beaver_creek_usgs_temp_3,60.65107,-151.09076,US/Alaska (UTC-9 / UTC-8),"west fork beaver creek, upstream of marathon road",Beaver Creek,STREAM,MAIN,TRUE,TRUE,TBD,FALSE
2022-07-21T20:45:00Z,13.714,beaver_creek_usgs_temp_3,60.65107,-151.09076,US/Alaska (UTC-9 / UTC-8),"west fork beaver creek, upstream of marathon road",Beaver Creek,STREAM,MAIN,TRUE,TRUE,TBD,FALSE
2022-07-21T21:00:00Z,13.714,beaver_creek_usgs_temp_3,60.65107,-151.09076,US/Alaska (UTC-9 / UTC-8),"west fork beaver creek, upstream of marathon road",Beaver Creek,STREAM,MAIN,TRUE,TRUE,TBD,FALSE
2022-07-21T21:15:00Z,13.69,beaver_creek_usgs_temp_3,60.65107,-151.09076,US/Alaska (UTC-9 / UTC-8),"west fork beaver creek, upstream of marathon road",Beaver Creek,STREAM,MAIN,TRUE,TRUE,TBD,FALSE
2022-07-21T21:30:00Z,13.69,beaver_creek_usgs_temp_3,60.65107,-151.09076,US/Alaska (UTC-9 / UTC-8),"west fork beaver creek, upstream of marathon road",Beaver Creek,STREAM,MAIN,TRUE,TRUE,TBD,FALSE
2022-07-21T21:45:00Z,13.666,beaver_creek_usgs_temp_3,60.65107,-151.09076,US/Alaska (UTC-9 / UTC-8),"west fork beaver creek, upstream of marathon road",Beaver Creek,STREAM,MAIN,TRUE,TRUE,TBD,FALSE
2022-07-21T22:00:00Z,13.642,beaver_creek_usgs_temp_3,60.65107,-151.09076,US/Alaska (UTC-9 / UTC-8),"west fork beaver creek, upstream of marathon road",Beaver Creek,STREAM,MAIN,TRUE,TRUE,TBD,FALSE
2022-07-21T22:15:00Z,13.642,beaver_creek_usgs_temp_3,60.65107,-151.09076,US/Alaska (UTC-9 / UTC-8),"west fork beaver creek, upstream of marathon road",Beaver Creek,STREAM,MAIN,TRUE,TRUE,TBD,FALSE
2022-07-21T22:30:00Z,13.618,beaver_creek_usgs_temp_3,60.65107,-151.09076,US/Alaska (UTC-9 / UTC-8),"west fork beaver creek, upstream of marathon road",Beaver Creek,STREAM,MAIN,TRUE,TRUE,TBD,FALSE
2022-07-21T22:45:00Z,13.618,beaver_creek_usgs_temp_3,60.65107,-151.09076,US/Alaska (UTC-9 / UTC-8),"west fork beaver creek, upstream of marathon road",Beaver Creek,STREAM,MAIN,TRUE,TRUE,TBD,FALSE
2022-07-21T23:00:00Z,13.618,beaver_creek_usgs_temp_3,60.65107,-151.09076,US/Alaska (UTC-9 / UTC-8),"west fork beaver creek, upstream of marathon road",Beaver Creek,STREAM,MAIN,TRUE,TRUE,TBD,FALSE
2022-07-21T23:15:00Z,13.594,beaver_creek_usgs_temp_3,60.65107,-151.09076,US/Alaska (UTC-9 / UTC-8),"west fork beaver creek, upstream of marathon road",Beaver Creek,STREAM,MAIN,TRUE,TRUE,TBD,FALSE
2022-07-21T23:30:00Z,13.57,beaver_creek_usgs_temp_3,60.65107,-151.09076,US/Alaska (UTC-9 / UTC-8),"west fork beaver creek, upstream of marathon road",Beaver Creek,STREAM,MAIN,TRUE,TRUE,TBD,FALSE
2022-07-21T23:45:00Z,13.546,beaver_creek_usgs_temp_3,60.65107,-151.09076,US/Alaska (UTC-9 / UTC-8),"west fork beaver creek, upstream of marathon road",Beaver Creek,STREAM,MAIN,TRUE,TRUE,TBD,FALSE
2022-07-22T00:00:00Z,13.522,beaver_creek_usgs_temp_3,60.65107,-151.09076,US/Alaska (UTC-9 / UTC-8),"west fork beaver creek, upstream of marathon road",Beaver Creek,STREAM,MAIN,TRUE,TRUE,TBD,FALSE
2022-07-22T00:15:00Z,13.497,beaver_creek_usgs_temp_3,60.65107,-151.09076,US/Alaska (UTC-9 / UTC-8),"west fork beaver creek, upstream of marathon road",Beaver Creek,STREAM,MAIN,TRUE,TRUE,TBD,FALSE
2022-07-22T00:30:00Z,13.473,beaver_creek_usgs_temp_3,60.65107,-151.09076,US/Alaska (UTC-9 / UTC-8),"west fork beaver creek, upstream of marathon road",Beaver Creek,STREAM,MAIN,TRUE,TRUE,TBD,FALSE
2022-07-22T00:45:00Z,13.449,beaver_creek_usgs_temp_3,60.65107,-151.09076,US/Alaska (UTC-9 / UTC-8),"west fork beaver creek, upstream of marathon road",Beaver Creek,STREAM,MAIN,TRUE,TRUE,TBD,FALSE
2022-07-22T01:00:00Z,13.425,beaver_creek_usgs_temp_3,60.65107,-151.09076,US/Alaska (UTC-9 / UTC-8),"west fork beaver creek, upstream of marathon road",Beaver Creek,STREAM,MAIN,TRUE,TRUE,TBD,FALSE
2022-07-22T01:15:00Z,13.377,beaver_creek_usgs_temp_3,60.65107,-151.09076,US/Alaska (UTC-9 / UTC-8),"west fork beaver creek, upstream of marathon road",Beaver Creek,STREAM,MAIN,TRUE,TRUE,TBD,FALSE
2022-07-22T01:30:00Z,13.353,beaver_creek_usgs_temp_3,60.65107,-151.09076,US/Alaska (UTC-9 / UTC-8),"west fork beaver creek, upstream of marathon road",Beaver Creek,STREAM,MAIN,TRUE,TRUE,TBD,FALSE
2022-07-22T01:45:00Z,13.329,beaver_creek_usgs_temp_3,60.65107,-151.09076,US/Alaska (UTC-9 / UTC-8),"west fork beaver creek, upstream of marathon road",Beaver Creek,STREAM,MAIN,TRUE,TRUE,TBD,FALSE
2022-07-22T02:00:00Z,13.305,beaver_creek_usgs_temp_3,60.65107,-151.09076,US/Alaska (UTC-9 / UTC-8),"west fork beaver creek, upstream of marathon road",Beaver Creek,STREAM,MAIN,TRUE,TRUE,TBD,FALSE
2022-07-22T02:15:00Z,13.257,beaver_creek_usgs_temp_3,60.65107,-151.09076,US/Alaska (UTC-9 / UTC-8),"west fork beaver creek, upstream of marathon road",Beaver Creek,STREAM,MAIN,TRUE,TRUE,TBD,FALSE
2022-07-22T02:30:00Z,13.233,beaver_creek_usgs_temp_3,60.65107,-151.09076,US/Alaska (UTC-9 / UTC-8),"west fork beaver creek, upstream of marathon road",Beaver Creek,STREAM,MAIN,TRUE,TRUE,TBD,FALSE
2022-07-22T02:45:00Z,13.185,beaver_creek_usgs_temp_3,60.65107,-151.09076,US/Alaska (UTC-9 / UTC-8),"west fork beaver creek, upstream of marathon road",Beaver Creek,STREAM,MAIN,TRUE,TRUE,TBD,FALSE
2022-07-22T03:00:00Z,13.161,beaver_creek_usgs_temp_3,60.65107,-151.09076,US/Alaska (UTC-9 / UTC-8),"west fork beaver creek, upstream of marathon road",Beaver Creek,STREAM,MAIN,TRUE,TRUE,TBD,FALSE
2022-07-22T03:15:00Z,13.137,beaver_creek_usgs_temp_3,60.65107,-151.09076,US/Alaska (UTC-9 / UTC-8),"west fork beaver creek, upstream of marathon road",Beaver Creek,STREAM,MAIN,TRUE,TRUE,TBD,FALSE
2022-07-22T03:30:00Z,13.088,beaver_creek_usgs_temp_3,60.65107,-151.09076,US/Alaska (UTC-9 / UTC-8),"west fork beaver creek, upstream of marathon road",Beaver Creek,STREAM,MAIN,TRUE,TRUE,TBD,FALSE
2022-07-22T03:45:00Z,13.04,beaver_creek_usgs_temp_3,60.65107,-151.09076,US/Alaska (UTC-9 / UTC-8),"west fork beaver creek, upstream of marathon road",Beaver Creek,STREAM,MAIN,TRUE,TRUE,TBD,FALSE
2022-07-22T04:00:00Z,13.016,beaver_creek_usgs_temp_3,60.65107,-151.09076,US/Alaska (UTC-9 / UTC-8),"west fork beaver creek, upstream of marathon road",Beaver Creek,STREAM,MAIN,TRUE,TRUE,TBD,FALSE
2022-07-22T04:15:00Z,12.992,beaver_creek_usgs_temp_3,60.65107,-151.09076,US/Alaska (UTC-9 / UTC-8),"west fork beaver creek, upstream of marathon road",Beaver Creek,STREAM,MAIN,TRUE,TRUE,TBD,FALSE
2022-07-22T04:30:00Z,12.944,beaver_creek_usgs_temp_3,60.65107,-151.09076,US/Alaska (UTC-9 / UTC-8),"west fork beaver creek, upstream of marathon road",Beaver Creek,STREAM,MAIN,TRUE,TRUE,TBD,FALSE
2022-07-22T04:45:00Z,12.896,beaver_creek_usgs_temp_3,60.65107,-151.09076,US/Alaska (UTC-9 / UTC-8),"west fork beaver creek, upstream of marathon road",Beaver Creek,STREAM,MAIN,TRUE,TRUE,TBD,FALSE
2022-07-22T05:00:00Z,12.871,beaver_creek_usgs_temp_3,60.65107,-151.09076,US/Alaska (UTC-9 / UTC-8),"west fork beaver creek, upstream of marathon road",Beaver Creek,STREAM,MAIN,TRUE,TRUE,TBD,FALSE
2022-07-22T05:15:00Z,12.847,beaver_creek_usgs_temp_3,60.65107,-151.09076,US/Alaska (UTC-9 / UTC-8),"west fork beaver creek, upstream of marathon road",Beaver Creek,STREAM,MAIN,TRUE,TRUE,TBD,FALSE
2022-07-22T05:30:00Z,12.799,beaver_creek_usgs_temp_3,60.65107,-151.09076,US/Alaska (UTC-9 / UTC-8),"west fork beaver creek, upstream of marathon road",Beaver Creek,STREAM,MAIN,TRUE,TRUE,TBD,FALSE
2022-07-22T05:45:00Z,12.775,beaver_creek_usgs_temp_3,60.65107,-151.09076,US/Alaska (UTC-9 / UTC-8),"west fork beaver creek, upstream of marathon road",Beaver Creek,STREAM,MAIN,TRUE,TRUE,TBD,FALSE
2022-07-22T06:00:00Z,12.751,beaver_creek_usgs_temp_3,60.65107,-151.09076,US/Alaska (UTC-9 / UTC-8),"west fork beaver creek, upstream of marathon road",Beaver Creek,STREAM,MAIN,TRUE,TRUE,TBD,FALSE
2022-07-22T06:15:00Z,12.703,beaver_creek_usgs_temp_3,60.65107,-151.09076,US/Alaska (UTC-9 / UTC-8),"west fork beaver creek, upstream of marathon road",Beaver Creek,STREAM,MAIN,TRUE,TRUE,TBD,FALSE
2022-07-22T06:30:00Z,12.678,beaver_creek_usgs_temp_3,60.65107,-151.09076,US/Alaska (UTC-9 / UTC-8),"west fork beaver creek, upstream of marathon road",Beaver Creek,STREAM,MAIN,TRUE,TRUE,TBD,FALSE
2022-07-22T06:45:00Z,12.654,beaver_creek_usgs_temp_3,60.65107,-151.09076,US/Alaska (UTC-9 / UTC-8),"west fork beaver creek, upstream of marathon road",Beaver Creek,STREAM,MAIN,TRUE,TRUE,TBD,FALSE
2022-07-22T07:00:00Z,12.63,beaver_creek_usgs_temp_3,60.65107,-151.09076,US/Alaska (UTC-9 / UTC-8),"west fork beaver creek, upstream of marathon road",Beaver Creek,STREAM,MAIN,TRUE,TRUE,TBD,FALSE
2022-07-22T07:15:00Z,12.63,beaver_creek_usgs_temp_3,60.65107,-151.09076,US/Alaska (UTC-9 / UTC-8),"west fork beaver creek, upstream of marathon road",Beaver Creek,STREAM,MAIN,TRUE,TRUE,TBD,FALSE
2022-07-22T07:30:00Z,12.63,beaver_creek_usgs_temp_3,60.65107,-151.09076,US/Alaska (UTC-9 / UTC-8),"west fork beaver creek, upstream of marathon road",Beaver Creek,STREAM,MAIN,TRUE,TRUE,TBD,FALSE
2022-07-22T07:45:00Z,12.606,beaver_creek_usgs_temp_3,60.65107,-151.09076,US/Alaska (UTC-9 / UTC-8),"west fork beaver creek, upstream of marathon road",Beaver Creek,STREAM,MAIN,TRUE,TRUE,TBD,FALSE
2022-07-22T08:00:00Z,12.606,beaver_creek_usgs_temp_3,60.65107,-151.09076,US/Alaska (UTC-9 / UTC-8),"west fork beaver creek, upstream of marathon road",Beaver Creek,STREAM,MAIN,TRUE,TRUE,TBD,FALSE
2022-07-22T08:15:00Z,12.63,beaver_creek_usgs_temp_3,60.65107,-151.09076,US/Alaska (UTC-9 / UTC-8),"west fork beaver creek, upstream of marathon road",Beaver Creek,STREAM,MAIN,TRUE,TRUE,TBD,FALSE
2022-07-22T08:30:00Z,12.654,beaver_creek_usgs_temp_3,60.65107,-151.09076,US/Alaska (UTC-9 / UTC-8),"west fork beaver creek, upstream of marathon road",Beaver Creek,STREAM,MAIN,TRUE,TRUE,TBD,FALSE
2022-07-22T08:45:00Z,12.654,beaver_creek_usgs_temp_3,60.65107,-151.09076,US/Alaska (UTC-9 / UTC-8),"west fork beaver creek, upstream of marathon road",Beaver Creek,STREAM,MAIN,TRUE,TRUE,TBD,FALSE
2022-07-22T09:00:00Z,12.703,beaver_creek_usgs_temp_3,60.65107,-151.09076,US/Alaska (UTC-9 / UTC-8),"west fork beaver creek, upstream of marathon road",Beaver Creek,STREAM,MAIN,TRUE,TRUE,TBD,FALSE
2022-07-22T09:15:00Z,12.727,beaver_creek_usgs_temp_3,60.65107,-151.09076,US/Alaska (UTC-9 / UTC-8),"west fork beaver creek, upstream of marathon road",Beaver Creek,STREAM,MAIN,TRUE,TRUE,TBD,FALSE
2022-07-22T09:30:00Z,12.751,beaver_creek_usgs_temp_3,60.65107,-151.09076,US/Alaska (UTC-9 / UTC-8),"west fork beaver creek, upstream of marathon road",Beaver Creek,STREAM,MAIN,TRUE,TRUE,TBD,FALSE
2022-07-22T09:45:00Z,12.775,beaver_creek_usgs_temp_3,60.65107,-151.09076,US/Alaska (UTC-9 / UTC-8),"west fork beaver creek, upstream of marathon road",Beaver Creek,STREAM,MAIN,TRUE,TRUE,TBD,FALSE
2022-07-22T10:00:00Z,12.823,beaver_creek_usgs_temp_3,60.65107,-151.09076,US/Alaska (UTC-9 / UTC-8),"west fork beaver creek, upstream of marathon road",Beaver Creek,STREAM,MAIN,TRUE,TRUE,TBD,FALSE
2022-07-22T10:15:00Z,12.871,beaver_creek_usgs_temp_3,60.65107,-151.09076,US/Alaska (UTC-9 / UTC-8),"west fork beaver creek, upstream of marathon road",Beaver Creek,STREAM,MAIN,TRUE,TRUE,TBD,FALSE
2022-07-22T10:30:00Z,12.92,beaver_creek_usgs_temp_3,60.65107,-151.09076,US/Alaska (UTC-9 / UTC-8),"west fork beaver creek, upstream of marathon road",Beaver Creek,STREAM,MAIN,TRUE,TRUE,TBD,FALSE
2022-07-22T10:45:00Z,12.992,beaver_creek_usgs_temp_3,60.65107,-151.09076,US/Alaska (UTC-9 / UTC-8),"west fork beaver creek, upstream of marathon road",Beaver Creek,STREAM,MAIN,TRUE,TRUE,TBD,FALSE
2022-07-22T11:00:00Z,13.137,beaver_creek_usgs_temp_3,60.65107,-151.09076,US/Alaska (UTC-9 / UTC-8),"west fork beaver creek, upstream of marathon road",Beaver Creek,STREAM,MAIN,TRUE,TRUE,TBD,FALSE
2022-07-22T11:15:00Z,13.161,beaver_creek_usgs_temp_3,60.65107,-151.09076,US/Alaska (UTC-9 / UTC-8),"west fork beaver creek, upstream of marathon road",Beaver Creek,STREAM,MAIN,TRUE,TRUE,TBD,FALSE
2022-07-22T11:30:00Z,13.233,beaver_creek_usgs_temp_3,60.65107,-151.09076,US/Alaska (UTC-9 / UTC-8),"west fork beaver creek, upstream of marathon road",Beaver Creek,STREAM,MAIN,TRUE,TRUE,TBD,FALSE
2022-07-22T11:45:00Z,13.281,beaver_creek_usgs_temp_3,60.65107,-151.09076,US/Alaska (UTC-9 / UTC-8),"west fork beaver creek, upstream of marathon road",Beaver Creek,STREAM,MAIN,TRUE,TRUE,TBD,FALSE
2022-07-22T12:00:00Z,13.353,beaver_creek_usgs_temp_3,60.65107,-151.09076,US/Alaska (UTC-9 / UTC-8),"west fork beaver creek, upstream of marathon road",Beaver Creek,STREAM,MAIN,TRUE,TRUE,TBD,FALSE
2022-07-22T12:15:00Z,13.522,beaver_creek_usgs_temp_3,60.65107,-151.09076,US/Alaska (UTC-9 / UTC-8),"west fork beaver creek, upstream of marathon road",Beaver Creek,STREAM,MAIN,TRUE,TRUE,TBD,FALSE
2022-07-22T12:30:00Z,13.69,beaver_creek_usgs_temp_3,60.65107,-151.09076,US/Alaska (UTC-9 / UTC-8),"west fork beaver creek, upstream of marathon road",Beaver Creek,STREAM,MAIN,TRUE,TRUE,TBD,FALSE
2022-07-22T12:45:00Z,13.834,beaver_creek_usgs_temp_3,60.65107,-151.09076,US/Alaska (UTC-9 / UTC-8),"west fork beaver creek, upstream of marathon road",Beaver Creek,STREAM,MAIN,TRUE,TRUE,TBD,FALSE
2022-07-22T13:00:00Z,14.002,beaver_creek_usgs_temp_3,60.65107,-151.09076,US/Alaska (UTC-9 / UTC-8),"west fork beaver creek, upstream of marathon road",Beaver Creek,STREAM,MAIN,TRUE,TRUE,TBD,FALSE
2022-07-22T13:15:00Z,14.122,beaver_creek_usgs_temp_3,60.65107,-151.09076,US/Alaska (UTC-9 / UTC-8),"west fork beaver creek, upstream of marathon road",Beaver Creek,STREAM,MAIN,TRUE,TRUE,TBD,FALSE
2022-07-22T13:30:00Z,14.29,beaver_creek_usgs_temp_3,60.65107,-151.09076,US/Alaska (UTC-9 / UTC-8),"west fork beaver creek, upstream of marathon road",Beaver Creek,STREAM,MAIN,TRUE,TRUE,TBD,FALSE
2022-07-22T13:45:00Z,14.409,beaver_creek_usgs_temp_3,60.65107,-151.09076,US/Alaska (UTC-9 / UTC-8),"west fork beaver creek, upstream of marathon road",Beaver Creek,STREAM,MAIN,TRUE,TRUE,TBD,FALSE
2022-07-22T14:00:00Z,14.553,beaver_creek_usgs_temp_3,60.65107,-151.09076,US/Alaska (UTC-9 / UTC-8),"west fork beaver creek, upstream of marathon road",Beaver Creek,STREAM,MAIN,TRUE,TRUE,TBD,FALSE
2022-07-22T14:15:00Z,14.697,beaver_creek_usgs_temp_3,60.65107,-151.09076,US/Alaska (UTC-9 / UTC-8),"west fork beaver creek, upstream of marathon road",Beaver Creek,STREAM,MAIN,TRUE,TRUE,TBD,FALSE
2022-07-22T14:30:00Z,14.816,beaver_creek_usgs_temp_3,60.65107,-151.09076,US/Alaska (UTC-9 / UTC-8),"west fork beaver creek, upstream of marathon road",Beaver Creek,STREAM,MAIN,TRUE,TRUE,TBD,FALSE
2022-07-22T14:45:00Z,14.96,beaver_creek_usgs_temp_3,60.65107,-151.09076,US/Alaska (UTC-9 / UTC-8),"west fork beaver creek, upstream of marathon road",Beaver Creek,STREAM,MAIN,TRUE,TRUE,TBD,FALSE
2022-07-22T15:00:00Z,15.079,beaver_creek_usgs_temp_3,60.65107,-151.09076,US/Alaska (UTC-9 / UTC-8),"west fork beaver creek, upstream of marathon road",Beaver Creek,STREAM,MAIN,TRUE,TRUE,TBD,FALSE
2022-07-22T15:15:00Z,15.199,beaver_creek_usgs_temp_3,60.65107,-151.09076,US/Alaska (UTC-9 / UTC-8),"west fork beaver creek, upstream of marathon road",Beaver Creek,STREAM,MAIN,TRUE,TRUE,TBD,FALSE
2022-07-22T15:30:00Z,15.342,beaver_creek_usgs_temp_3,60.65107,-151.09076,US/Alaska (UTC-9 / UTC-8),"west fork beaver creek, upstream of marathon road",Beaver Creek,STREAM,MAIN,TRUE,TRUE,TBD,FALSE
2022-07-22T15:45:00Z,15.461,beaver_creek_usgs_temp_3,60.65107,-151.09076,US/Alaska (UTC-9 / UTC-8),"west fork beaver creek, upstream of marathon road",Beaver Creek,STREAM,MAIN,TRUE,TRUE,TBD,FALSE
2022-07-22T16:00:00Z,15.581,beaver_creek_usgs_temp_3,60.65107,-151.09076,US/Alaska (UTC-9 / UTC-8),"west fork beaver creek, upstream of marathon road",Beaver Creek,STREAM,MAIN,TRUE,TRUE,TBD,FALSE
2022-07-22T16:15:00Z,15.676,beaver_creek_usgs_temp_3,60.65107,-151.09076,US/Alaska (UTC-9 / UTC-8),"west fork beaver creek, upstream of marathon road",Beaver Creek,STREAM,MAIN,TRUE,TRUE,TBD,FALSE
2022-07-22T16:30:00Z,15.772,beaver_creek_usgs_temp_3,60.65107,-151.09076,US/Alaska (UTC-9 / UTC-8),"west fork beaver creek, upstream of marathon road",Beaver Creek,STREAM,MAIN,TRUE,TRUE,TBD,FALSE
2022-07-22T16:45:00Z,15.843,beaver_creek_usgs_temp_3,60.65107,-151.09076,US/Alaska (UTC-9 / UTC-8),"west fork beaver creek, upstream of marathon road",Beaver Creek,STREAM,MAIN,TRUE,TRUE,TBD,FALSE
2022-07-22T17:00:00Z,15.915,beaver_creek_usgs_temp_3,60.65107,-151.09076,US/Alaska (UTC-9 / UTC-8),"west fork beaver creek, upstream of marathon road",Beaver Creek,STREAM,MAIN,TRUE,TRUE,TBD,FALSE
2022-07-22T17:15:00Z,15.986,beaver_creek_usgs_temp_3,60.65107,-151.09076,US/Alaska (UTC-9 / UTC-8),"west fork beaver creek, upstream of marathon road",Beaver Creek,STREAM,MAIN,TRUE,TRUE,TBD,FALSE
2022-07-22T17:30:00Z,16.034,beaver_creek_usgs_temp_3,60.65107,-151.09076,US/Alaska (UTC-9 / UTC-8),"west fork beaver creek, upstream of marathon road",Beaver Creek,STREAM,MAIN,TRUE,TRUE,TBD,FALSE
2022-07-22T17:45:00Z,16.106,beaver_creek_usgs_temp_3,60.65107,-151.09076,US/Alaska (UTC-9 / UTC-8),"west fork beaver creek, upstream of marathon road",Beaver Creek,STREAM,MAIN,TRUE,TRUE,TBD,FALSE
2022-07-22T18:00:00Z,16.129,beaver_creek_usgs_temp_3,60.65107,-151.09076,US/Alaska (UTC-9 / UTC-8),"west fork beaver creek, upstream of marathon road",Beaver Creek,STREAM,MAIN,TRUE,TRUE,TBD,FALSE
2022-07-22T18:15:00Z,16.153,beaver_creek_usgs_temp_3,60.65107,-151.09076,US/Alaska (UTC-9 / UTC-8),"west fork beaver creek, upstream of marathon road",Beaver Creek,STREAM,MAIN,TRUE,TRUE,TBD,FALSE
2022-07-22T18:30:00Z,16.153,beaver_creek_usgs_temp_3,60.65107,-151.09076,US/Alaska (UTC-9 / UTC-8),"west fork beaver creek, upstream of marathon road",Beaver Creek,STREAM,MAIN,TRUE,TRUE,TBD,FALSE
2022-07-22T18:45:00Z,16.153,beaver_creek_usgs_temp_3,60.65107,-151.09076,US/Alaska (UTC-9 / UTC-8),"west fork beaver creek, upstream of marathon road",Beaver Creek,STREAM,MAIN,TRUE,TRUE,TBD,FALSE
2022-07-22T19:00:00Z,16.153,beaver_creek_usgs_temp_3,60.65107,-151.09076,US/Alaska (UTC-9 / UTC-8),"west fork beaver creek, upstream of marathon road",Beaver Creek,STREAM,MAIN,TRUE,TRUE,TBD,FALSE
2022-07-22T19:15:00Z,16.129,beaver_creek_usgs_temp_3,60.65107,-151.09076,US/Alaska (UTC-9 / UTC-8),"west fork beaver creek, upstream of marathon road",Beaver Creek,STREAM,MAIN,TRUE,TRUE,TBD,FALSE
2022-07-22T19:30:00Z,16.106,beaver_creek_usgs_temp_3,60.65107,-151.09076,US/Alaska (UTC-9 / UTC-8),"west fork beaver creek, upstream of marathon road",Beaver Creek,STREAM,MAIN,TRUE,TRUE,TBD,FALSE
2022-07-22T19:45:00Z,16.106,beaver_creek_usgs_temp_3,60.65107,-151.09076,US/Alaska (UTC-9 / UTC-8),"west fork beaver creek, upstream of marathon road",Beaver Creek,STREAM,MAIN,TRUE,TRUE,TBD,FALSE
2022-07-22T20:00:00Z,16.058,beaver_creek_usgs_temp_3,60.65107,-151.09076,US/Alaska (UTC-9 / UTC-8),"west fork beaver creek, upstream of marathon road",Beaver Creek,STREAM,MAIN,TRUE,TRUE,TBD,FALSE
2022-07-22T20:15:00Z,16.01,beaver_creek_usgs_temp_3,60.65107,-151.09076,US/Alaska (UTC-9 / UTC-8),"west fork beaver creek, upstream of marathon road",Beaver Creek,STREAM,MAIN,TRUE,TRUE,TBD,FALSE
2022-07-22T20:30:00Z,15.963,beaver_creek_usgs_temp_3,60.65107,-151.09076,US/Alaska (UTC-9 / UTC-8),"west fork beaver creek, upstream of marathon road",Beaver Creek,STREAM,MAIN,TRUE,TRUE,TBD,FALSE
2022-07-22T20:45:00Z,15.915,beaver_creek_usgs_temp_3,60.65107,-151.09076,US/Alaska (UTC-9 / UTC-8),"west fork beaver creek, upstream of marathon road",Beaver Creek,STREAM,MAIN,TRUE,TRUE,TBD,FALSE
2022-07-22T21:00:00Z,15.867,beaver_creek_usgs_temp_3,60.65107,-151.09076,US/Alaska (UTC-9 / UTC-8),"west fork beaver creek, upstream of marathon road",Beaver Creek,STREAM,MAIN,TRUE,TRUE,TBD,FALSE
2022-07-22T21:15:00Z,15.819,beaver_creek_usgs_temp_3,60.65107,-151.09076,US/Alaska (UTC-9 / UTC-8),"west fork beaver creek, upstream of marathon road",Beaver Creek,STREAM,MAIN,TRUE,TRUE,TBD,FALSE
2022-07-22T21:30:00Z,15.724,beaver_creek_usgs_temp_3,60.65107,-151.09076,US/Alaska (UTC-9 / UTC-8),"west fork beaver creek, upstream of marathon road",Beaver Creek,STREAM,MAIN,TRUE,TRUE,TBD,FALSE
2022-07-22T21:45:00Z,15.676,beaver_creek_usgs_temp_3,60.65107,-151.09076,US/Alaska (UTC-9 / UTC-8),"west fork beaver creek, upstream of marathon road",Beaver Creek,STREAM,MAIN,TRUE,TRUE,TBD,FALSE
2022-07-22T22:00:00Z,15.629,beaver_creek_usgs_temp_3,60.65107,-151.09076,US/Alaska (UTC-9 / UTC-8),"west fork beaver creek, upstream of marathon road",Beaver Creek,STREAM,MAIN,TRUE,TRUE,TBD,FALSE
2022-07-22T22:15:00Z,15.557,beaver_creek_usgs_temp_3,60.65107,-151.09076,US/Alaska (UTC-9 / UTC-8),"west fork beaver creek, upstream of marathon road",Beaver Creek,STREAM,MAIN,TRUE,TRUE,TBD,FALSE
2022-07-22T22:30:00Z,15.485,beaver_creek_usgs_temp_3,60.65107,-151.09076,US/Alaska (UTC-9 / UTC-8),"west fork beaver creek, upstream of marathon road",Beaver Creek,STREAM,MAIN,TRUE,TRUE,TBD,FALSE
2022-07-22T22:45:00Z,15.414,beaver_creek_usgs_temp_3,60.65107,-151.09076,US/Alaska (UTC-9 / UTC-8),"west fork beaver creek, upstream of marathon road",Beaver Creek,STREAM,MAIN,TRUE,TRUE,TBD,FALSE
2022-07-22T23:00:00Z,15.342,beaver_creek_usgs_temp_3,60.65107,-151.09076,US/Alaska (UTC-9 / UTC-8),"west fork beaver creek, upstream of marathon road",Beaver Creek,STREAM,MAIN,TRUE,TRUE,TBD,FALSE
2022-07-22T23:15:00Z,15.223,beaver_creek_usgs_temp_3,60.65107,-151.09076,US/Alaska (UTC-9 / UTC-8),"west fork beaver creek, upstream of marathon road",Beaver Creek,STREAM,MAIN,TRUE,TRUE,TBD,FALSE
2022-07-22T23:30:00Z,15.103,beaver_creek_usgs_temp_3,60.65107,-151.09076,US/Alaska (UTC-9 / UTC-8),"west fork beaver creek, upstream of marathon road",Beaver Creek,STREAM,MAIN,TRUE,TRUE,TBD,FALSE
2022-07-22T23:45:00Z,14.984,beaver_creek_usgs_temp_3,60.65107,-151.09076,US/Alaska (UTC-9 / UTC-8),"west fork beaver creek, upstream of marathon road",Beaver Creek,STREAM,MAIN,TRUE,TRUE,TBD,FALSE
2022-07-23T00:00:00Z,14.888,beaver_creek_usgs_temp_3,60.65107,-151.09076,US/Alaska (UTC-9 / UTC-8),"west fork beaver creek, upstream of marathon road",Beaver Creek,STREAM,MAIN,TRUE,TRUE,TBD,FALSE
2022-07-23T00:15:00Z,14.768,beaver_creek_usgs_temp_3,60.65107,-151.09076,US/Alaska (UTC-9 / UTC-8),"west fork beaver creek, upstream of marathon road",Beaver Creek,STREAM,MAIN,TRUE,TRUE,TBD,FALSE
2022-07-23T00:30:00Z,14.673,beaver_creek_usgs_temp_3,60.65107,-151.09076,US/Alaska (UTC-9 / UTC-8),"west fork beaver creek, upstream of marathon road",Beaver Creek,STREAM,MAIN,TRUE,TRUE,TBD,FALSE
2022-07-23T00:45:00Z,14.553,beaver_creek_usgs_temp_3,60.65107,-151.09076,US/Alaska (UTC-9 / UTC-8),"west fork beaver creek, upstream of marathon road",Beaver Creek,STREAM,MAIN,TRUE,TRUE,TBD,FALSE
2022-07-23T01:00:00Z,14.433,beaver_creek_usgs_temp_3,60.65107,-151.09076,US/Alaska (UTC-9 / UTC-8),"west fork beaver creek, upstream of marathon road",Beaver Creek,STREAM,MAIN,TRUE,TRUE,TBD,FALSE
2022-07-23T01:15:00Z,14.314,beaver_creek_usgs_temp_3,60.65107,-151.09076,US/Alaska (UTC-9 / UTC-8),"west fork beaver creek, upstream of marathon road",Beaver Creek,STREAM,MAIN,TRUE,TRUE,TBD,FALSE
2022-07-23T01:30:00Z,14.218,beaver_creek_usgs_temp_3,60.65107,-151.09076,US/Alaska (UTC-9 / UTC-8),"west fork beaver creek, upstream of marathon road",Beaver Creek,STREAM,MAIN,TRUE,TRUE,TBD,FALSE
2022-07-23T01:45:00Z,14.074,beaver_creek_usgs_temp_3,60.65107,-151.09076,US/Alaska (UTC-9 / UTC-8),"west fork beaver creek, upstream of marathon road",Beaver Creek,STREAM,MAIN,TRUE,TRUE,TBD,FALSE
2022-07-23T02:00:00Z,13.954,beaver_creek_usgs_temp_3,60.65107,-151.09076,US/Alaska (UTC-9 / UTC-8),"west fork beaver creek, upstream of marathon road",Beaver Creek,STREAM,MAIN,TRUE,TRUE,TBD,FALSE
2022-07-23T02:15:00Z,13.858,beaver_creek_usgs_temp_3,60.65107,-151.09076,US/Alaska (UTC-9 / UTC-8),"west fork beaver creek, upstream of marathon road",Beaver Creek,STREAM,MAIN,TRUE,TRUE,TBD,FALSE
2022-07-23T02:30:00Z,13.714,beaver_creek_usgs_temp_3,60.65107,-151.09076,US/Alaska (UTC-9 / UTC-8),"west fork beaver creek, upstream of marathon road",Beaver Creek,STREAM,MAIN,TRUE,TRUE,TBD,FALSE
2022-07-23T02:45:00Z,13.618,beaver_creek_usgs_temp_3,60.65107,-151.09076,US/Alaska (UTC-9 / UTC-8),"west fork beaver creek, upstream of marathon road",Beaver Creek,STREAM,MAIN,TRUE,TRUE,TBD,FALSE
2022-07-23T03:00:00Z,13.497,beaver_creek_usgs_temp_3,60.65107,-151.09076,US/Alaska (UTC-9 / UTC-8),"west fork beaver creek, upstream of marathon road",Beaver Creek,STREAM,MAIN,TRUE,TRUE,TBD,FALSE
2022-07-23T03:15:00Z,13.377,beaver_creek_usgs_temp_3,60.65107,-151.09076,US/Alaska (UTC-9 / UTC-8),"west fork beaver creek, upstream of marathon road",Beaver Creek,STREAM,MAIN,TRUE,TRUE,TBD,FALSE
2022-07-23T03:30:00Z,13.233,beaver_creek_usgs_temp_3,60.65107,-151.09076,US/Alaska (UTC-9 / UTC-8),"west fork beaver creek, upstream of marathon road",Beaver Creek,STREAM,MAIN,TRUE,TRUE,TBD,FALSE
2022-07-23T03:45:00Z,13.137,beaver_creek_usgs_temp_3,60.65107,-151.09076,US/Alaska (UTC-9 / UTC-8),"west fork beaver creek, upstream of marathon road",Beaver Creek,STREAM,MAIN,TRUE,TRUE,TBD,FALSE
2022-07-23T04:00:00Z,12.992,beaver_creek_usgs_temp_3,60.65107,-151.09076,US/Alaska (UTC-9 / UTC-8),"west fork beaver creek, upstream of marathon road",Beaver Creek,STREAM,MAIN,TRUE,TRUE,TBD,FALSE
2022-07-23T04:15:00Z,12.896,beaver_creek_usgs_temp_3,60.65107,-151.09076,US/Alaska (UTC-9 / UTC-8),"west fork beaver creek, upstream of marathon road",Beaver Creek,STREAM,MAIN,TRUE,TRUE,TBD,FALSE
2022-07-23T04:30:00Z,12.775,beaver_creek_usgs_temp_3,60.65107,-151.09076,US/Alaska (UTC-9 / UTC-8),"west fork beaver creek, upstream of marathon road",Beaver Creek,STREAM,MAIN,TRUE,TRUE,TBD,FALSE
2022-07-23T04:45:00Z,12.654,beaver_creek_usgs_temp_3,60.65107,-151.09076,US/Alaska (UTC-9 / UTC-8),"west fork beaver creek, upstream of marathon road",Beaver Creek,STREAM,MAIN,TRUE,TRUE,TBD,FALSE
2022-07-23T05:00:00Z,12.558,beaver_creek_usgs_temp_3,60.65107,-151.09076,US/Alaska (UTC-9 / UTC-8),"west fork beaver creek, upstream of marathon road",Beaver Creek,STREAM,MAIN,TRUE,TRUE,TBD,FALSE
2022-07-23T05:15:00Z,12.461,beaver_creek_usgs_temp_3,60.65107,-151.09076,US/Alaska (UTC-9 / UTC-8),"west fork beaver creek, upstream of marathon road",Beaver Creek,STREAM,MAIN,TRUE,TRUE,TBD,FALSE
2022-07-23T05:30:00Z,12.34,beaver_creek_usgs_temp_3,60.65107,-151.09076,US/Alaska (UTC-9 / UTC-8),"west fork beaver creek, upstream of marathon road",Beaver Creek,STREAM,MAIN,TRUE,TRUE,TBD,FALSE
2022-07-23T05:45:00Z,12.243,beaver_creek_usgs_temp_3,60.65107,-151.09076,US/Alaska (UTC-9 / UTC-8),"west fork beaver creek, upstream of marathon road",Beaver Creek,STREAM,MAIN,TRUE,TRUE,TBD,FALSE
2022-07-23T06:00:00Z,12.195,beaver_creek_usgs_temp_3,60.65107,-151.09076,US/Alaska (UTC-9 / UTC-8),"west fork beaver creek, upstream of marathon road",Beaver Creek,STREAM,MAIN,TRUE,TRUE,TBD,FALSE
2022-07-23T06:15:00Z,12.122,beaver_creek_usgs_temp_3,60.65107,-151.09076,US/Alaska (UTC-9 / UTC-8),"west fork beaver creek, upstream of marathon road",Beaver Creek,STREAM,MAIN,TRUE,TRUE,TBD,FALSE
2022-07-23T06:30:00Z,12.025,beaver_creek_usgs_temp_3,60.65107,-151.09076,US/Alaska (UTC-9 / UTC-8),"west fork beaver creek, upstream of marathon road",Beaver Creek,STREAM,MAIN,TRUE,TRUE,TBD,FALSE
2022-07-23T06:45:00Z,11.977,beaver_creek_usgs_temp_3,60.65107,-151.09076,US/Alaska (UTC-9 / UTC-8),"west fork beaver creek, upstream of marathon road",Beaver Creek,STREAM,MAIN,TRUE,TRUE,TBD,FALSE
2022-07-23T07:00:00Z,11.929,beaver_creek_usgs_temp_3,60.65107,-151.09076,US/Alaska (UTC-9 / UTC-8),"west fork beaver creek, upstream of marathon road",Beaver Creek,STREAM,MAIN,TRUE,TRUE,TBD,FALSE
2022-07-23T07:15:00Z,11.904,beaver_creek_usgs_temp_3,60.65107,-151.09076,US/Alaska (UTC-9 / UTC-8),"west fork beaver creek, upstream of marathon road",Beaver Creek,STREAM,MAIN,TRUE,TRUE,TBD,FALSE
2022-07-23T07:30:00Z,11.929,beaver_creek_usgs_temp_3,60.65107,-151.09076,US/Alaska (UTC-9 / UTC-8),"west fork beaver creek, upstream of marathon road",Beaver Creek,STREAM,MAIN,TRUE,TRUE,TBD,FALSE
2022-07-23T07:45:00Z,11.904,beaver_creek_usgs_temp_3,60.65107,-151.09076,US/Alaska (UTC-9 / UTC-8),"west fork beaver creek, upstream of marathon road",Beaver Creek,STREAM,MAIN,TRUE,TRUE,TBD,FALSE
2022-07-23T08:00:00Z,11.904,beaver_creek_usgs_temp_3,60.65107,-151.09076,US/Alaska (UTC-9 / UTC-8),"west fork beaver creek, upstream of marathon road",Beaver Creek,STREAM,MAIN,TRUE,TRUE,TBD,FALSE
2022-07-23T08:15:00Z,11.904,beaver_creek_usgs_temp_3,60.65107,-151.09076,US/Alaska (UTC-9 / UTC-8),"west fork beaver creek, upstream of marathon road",Beaver Creek,STREAM,MAIN,TRUE,TRUE,TBD,FALSE
2022-07-23T08:30:00Z,11.929,beaver_creek_usgs_temp_3,60.65107,-151.09076,US/Alaska (UTC-9 / UTC-8),"west fork beaver creek, upstream of marathon road",Beaver Creek,STREAM,MAIN,TRUE,TRUE,TBD,FALSE
2022-07-23T08:45:00Z,11.953,beaver_creek_usgs_temp_3,60.65107,-151.09076,US/Alaska (UTC-9 / UTC-8),"west fork beaver creek, upstream of marathon road",Beaver Creek,STREAM,MAIN,TRUE,TRUE,TBD,FALSE
2022-07-23T09:00:00Z,11.977,beaver_creek_usgs_temp_3,60.65107,-151.09076,US/Alaska (UTC-9 / UTC-8),"west fork beaver creek, upstream of marathon road",Beaver Creek,STREAM,MAIN,TRUE,TRUE,TBD,FALSE
2022-07-23T09:15:00Z,12.025,beaver_creek_usgs_temp_3,60.65107,-151.09076,US/Alaska (UTC-9 / UTC-8),"west fork beaver creek, upstream of marathon road",Beaver Creek,STREAM,MAIN,TRUE,TRUE,TBD,FALSE
2022-07-23T09:30:00Z,12.098,beaver_creek_usgs_temp_3,60.65107,-151.09076,US/Alaska (UTC-9 / UTC-8),"west fork beaver creek, upstream of marathon road",Beaver Creek,STREAM,MAIN,TRUE,TRUE,TBD,FALSE
2022-07-23T09:45:00Z,12.147,beaver_creek_usgs_temp_3,60.65107,-151.09076,US/Alaska (UTC-9 / UTC-8),"west fork beaver creek, upstream of marathon road",Beaver Creek,STREAM,MAIN,TRUE,TRUE,TBD,FALSE
2022-07-23T10:00:00Z,12.171,beaver_creek_usgs_temp_3,60.65107,-151.09076,US/Alaska (UTC-9 / UTC-8),"west fork beaver creek, upstream of marathon road",Beaver Creek,STREAM,MAIN,TRUE,TRUE,TBD,FALSE
2022-07-23T10:15:00Z,12.219,beaver_creek_usgs_temp_3,60.65107,-151.09076,US/Alaska (UTC-9 / UTC-8),"west fork beaver creek, upstream of marathon road",Beaver Creek,STREAM,MAIN,TRUE,TRUE,TBD,FALSE
2022-07-23T10:30:00Z,12.389,beaver_creek_usgs_temp_3,60.65107,-151.09076,US/Alaska (UTC-9 / UTC-8),"west fork beaver creek, upstream of marathon road",Beaver Creek,STREAM,MAIN,TRUE,TRUE,TBD,FALSE
2022-07-23T10:45:00Z,12.509,beaver_creek_usgs_temp_3,60.65107,-151.09076,US/Alaska (UTC-9 / UTC-8),"west fork beaver creek, upstream of marathon road",Beaver Creek,STREAM,MAIN,TRUE,TRUE,TBD,FALSE
2022-07-23T11:00:00Z,12.63,beaver_creek_usgs_temp_3,60.65107,-151.09076,US/Alaska (UTC-9 / UTC-8),"west fork beaver creek, upstream of marathon road",Beaver Creek,STREAM,MAIN,TRUE,TRUE,TBD,FALSE
2022-07-23T11:15:00Z,12.751,beaver_creek_usgs_temp_3,60.65107,-151.09076,US/Alaska (UTC-9 / UTC-8),"west fork beaver creek, upstream of marathon road",Beaver Creek,STREAM,MAIN,TRUE,TRUE,TBD,FALSE
2022-07-23T11:30:00Z,12.775,beaver_creek_usgs_temp_3,60.65107,-151.09076,US/Alaska (UTC-9 / UTC-8),"west fork beaver creek, upstream of marathon road",Beaver Creek,STREAM,MAIN,TRUE,TRUE,TBD,FALSE
2022-07-23T11:45:00Z,12.799,beaver_creek_usgs_temp_3,60.65107,-151.09076,US/Alaska (UTC-9 / UTC-8),"west fork beaver creek, upstream of marathon road",Beaver Creek,STREAM,MAIN,TRUE,TRUE,TBD,FALSE
2022-07-23T12:00:00Z,12.751,beaver_creek_usgs_temp_3,60.65107,-151.09076,US/Alaska (UTC-9 / UTC-8),"west fork beaver creek, upstream of marathon road",Beaver Creek,STREAM,MAIN,TRUE,TRUE,TBD,FALSE
2022-07-23T12:15:00Z,12.751,beaver_creek_usgs_temp_3,60.65107,-151.09076,US/Alaska (UTC-9 / UTC-8),"west fork beaver creek, upstream of marathon road",Beaver Creek,STREAM,MAIN,TRUE,TRUE,TBD,FALSE
2022-07-23T12:30:00Z,12.775,beaver_creek_usgs_temp_3,60.65107,-151.09076,US/Alaska (UTC-9 / UTC-8),"west fork beaver creek, upstream of marathon road",Beaver Creek,STREAM,MAIN,TRUE,TRUE,TBD,FALSE
2022-07-23T12:45:00Z,12.968,beaver_creek_usgs_temp_3,60.65107,-151.09076,US/Alaska (UTC-9 / UTC-8),"west fork beaver creek, upstream of marathon road",Beaver Creek,STREAM,MAIN,TRUE,TRUE,TBD,FALSE
2022-07-23T13:00:00Z,13.137,beaver_creek_usgs_temp_3,60.65107,-151.09076,US/Alaska (UTC-9 / UTC-8),"west fork beaver creek, upstream of marathon road",Beaver Creek,STREAM,MAIN,TRUE,TRUE,TBD,FALSE
2022-07-23T13:15:00Z,13.161,beaver_creek_usgs_temp_3,60.65107,-151.09076,US/Alaska (UTC-9 / UTC-8),"west fork beaver creek, upstream of marathon road",Beaver Creek,STREAM,MAIN,TRUE,TRUE,TBD,FALSE
2022-07-23T13:30:00Z,13.233,beaver_creek_usgs_temp_3,60.65107,-151.09076,US/Alaska (UTC-9 / UTC-8),"west fork beaver creek, upstream of marathon road",Beaver Creek,STREAM,MAIN,TRUE,TRUE,TBD,FALSE
2022-07-23T13:45:00Z,13.377,beaver_creek_usgs_temp_3,60.65107,-151.09076,US/Alaska (UTC-9 / UTC-8),"west fork beaver creek, upstream of marathon road",Beaver Creek,STREAM,MAIN,TRUE,TRUE,TBD,FALSE
2022-07-23T14:00:00Z,13.449,beaver_creek_usgs_temp_3,60.65107,-151.09076,US/Alaska (UTC-9 / UTC-8),"west fork beaver creek, upstream of marathon road",Beaver Creek,STREAM,MAIN,TRUE,TRUE,TBD,FALSE
2022-07-23T14:15:00Z,13.522,beaver_creek_usgs_temp_3,60.65107,-151.09076,US/Alaska (UTC-9 / UTC-8),"west fork beaver creek, upstream of marathon road",Beaver Creek,STREAM,MAIN,TRUE,TRUE,TBD,FALSE
2022-07-23T14:30:00Z,13.618,beaver_creek_usgs_temp_3,60.65107,-151.09076,US/Alaska (UTC-9 / UTC-8),"west fork beaver creek, upstream of marathon road",Beaver Creek,STREAM,MAIN,TRUE,TRUE,TBD,FALSE
2022-07-23T14:45:00Z,13.666,beaver_creek_usgs_temp_3,60.65107,-151.09076,US/Alaska (UTC-9 / UTC-8),"west fork beaver creek, upstream of marathon road",Beaver Creek,STREAM,MAIN,TRUE,TRUE,TBD,FALSE
2022-07-23T15:00:00Z,13.714,beaver_creek_usgs_temp_3,60.65107,-151.09076,US/Alaska (UTC-9 / UTC-8),"west fork beaver creek, upstream of marathon road",Beaver Creek,STREAM,MAIN,TRUE,TRUE,TBD,FALSE
2022-07-23T15:15:00Z,13.738,beaver_creek_usgs_temp_3,60.65107,-151.09076,US/Alaska (UTC-9 / UTC-8),"west fork beaver creek, upstream of marathon road",Beaver Creek,STREAM,MAIN,TRUE,TRUE,TBD,FALSE
2022-07-23T15:30:00Z,13.738,beaver_creek_usgs_temp_3,60.65107,-151.09076,US/Alaska (UTC-9 / UTC-8),"west fork beaver creek, upstream of marathon road",Beaver Creek,STREAM,MAIN,TRUE,TRUE,TBD,FALSE
2022-07-23T15:45:00Z,13.786,beaver_creek_usgs_temp_3,60.65107,-151.09076,US/Alaska (UTC-9 / UTC-8),"west fork beaver creek, upstream of marathon road",Beaver Creek,STREAM,MAIN,TRUE,TRUE,TBD,FALSE
2022-07-23T16:00:00Z,13.834,beaver_creek_usgs_temp_3,60.65107,-151.09076,US/Alaska (UTC-9 / UTC-8),"west fork beaver creek, upstream of marathon road",Beaver Creek,STREAM,MAIN,TRUE,TRUE,TBD,FALSE
2022-07-23T16:15:00Z,13.93,beaver_creek_usgs_temp_3,60.65107,-151.09076,US/Alaska (UTC-9 / UTC-8),"west fork beaver creek, upstream of marathon road",Beaver Creek,STREAM,MAIN,TRUE,TRUE,TBD,FALSE
2022-07-23T16:30:00Z,14.002,beaver_creek_usgs_temp_3,60.65107,-151.09076,US/Alaska (UTC-9 / UTC-8),"west fork beaver creek, upstream of marathon road",Beaver Creek,STREAM,MAIN,TRUE,TRUE,TBD,FALSE
2022-07-23T16:45:00Z,14.026,beaver_creek_usgs_temp_3,60.65107,-151.09076,US/Alaska (UTC-9 / UTC-8),"west fork beaver creek, upstream of marathon road",Beaver Creek,STREAM,MAIN,TRUE,TRUE,TBD,FALSE
2022-07-23T17:00:00Z,14.05,beaver_creek_usgs_temp_3,60.65107,-151.09076,US/Alaska (UTC-9 / UTC-8),"west fork beaver creek, upstream of marathon road",Beaver Creek,STREAM,MAIN,TRUE,TRUE,TBD,FALSE
2022-07-23T17:15:00Z,14.074,beaver_creek_usgs_temp_3,60.65107,-151.09076,US/Alaska (UTC-9 / UTC-8),"west fork beaver creek, upstream of marathon road",Beaver Creek,STREAM,MAIN,TRUE,TRUE,TBD,FALSE
2022-07-23T17:30:00Z,14.098,beaver_creek_usgs_temp_3,60.65107,-151.09076,US/Alaska (UTC-9 / UTC-8),"west fork beaver creek, upstream of marathon road",Beaver Creek,STREAM,MAIN,TRUE,TRUE,TBD,FALSE
2022-07-23T17:45:00Z,14.194,beaver_creek_usgs_temp_3,60.65107,-151.09076,US/Alaska (UTC-9 / UTC-8),"west fork beaver creek, upstream of marathon road",Beaver Creek,STREAM,MAIN,TRUE,TRUE,TBD,FALSE
2022-07-23T18:00:00Z,14.218,beaver_creek_usgs_temp_3,60.65107,-151.09076,US/Alaska (UTC-9 / UTC-8),"west fork beaver creek, upstream of marathon road",Beaver Creek,STREAM,MAIN,TRUE,TRUE,TBD,FALSE
2022-07-23T18:15:00Z,14.266,beaver_creek_usgs_temp_3,60.65107,-151.09076,US/Alaska (UTC-9 / UTC-8),"west fork beaver creek, upstream of marathon road",Beaver Creek,STREAM,MAIN,TRUE,TRUE,TBD,FALSE
2022-07-23T18:30:00Z,14.29,beaver_creek_usgs_temp_3,60.65107,-151.09076,US/Alaska (UTC-9 / UTC-8),"west fork beaver creek, upstream of marathon road",Beaver Creek,STREAM,MAIN,TRUE,TRUE,TBD,FALSE
2022-07-23T18:45:00Z,14.314,beaver_creek_usgs_temp_3,60.65107,-151.09076,US/Alaska (UTC-9 / UTC-8),"west fork beaver creek, upstream of marathon road",Beaver Creek,STREAM,MAIN,TRUE,TRUE,TBD,FALSE
2022-07-23T19:00:00Z,14.314,beaver_creek_usgs_temp_3,60.65107,-151.09076,US/Alaska (UTC-9 / UTC-8),"west fork beaver creek, upstream of marathon road",Beaver Creek,STREAM,MAIN,TRUE,TRUE,TBD,FALSE
2022-07-23T19:15:00Z,14.337,beaver_creek_usgs_temp_3,60.65107,-151.09076,US/Alaska (UTC-9 / UTC-8),"west fork beaver creek, upstream of marathon road",Beaver Creek,STREAM,MAIN,TRUE,TRUE,TBD,FALSE
2022-07-23T19:30:00Z,14.314,beaver_creek_usgs_temp_3,60.65107,-151.09076,US/Alaska (UTC-9 / UTC-8),"west fork beaver creek, upstream of marathon road",Beaver Creek,STREAM,MAIN,TRUE,TRUE,TBD,FALSE
2022-07-23T19:45:00Z,14.29,beaver_creek_usgs_temp_3,60.65107,-151.09076,US/Alaska (UTC-9 / UTC-8),"west fork beaver creek, upstream of marathon road",Beaver Creek,STREAM,MAIN,TRUE,TRUE,TBD,FALSE
2022-07-23T20:00:00Z,14.29,beaver_creek_usgs_temp_3,60.65107,-151.09076,US/Alaska (UTC-9 / UTC-8),"west fork beaver creek, upstream of marathon road",Beaver Creek,STREAM,MAIN,TRUE,TRUE,TBD,FALSE
2022-07-23T20:15:00Z,14.29,beaver_creek_usgs_temp_3,60.65107,-151.09076,US/Alaska (UTC-9 / UTC-8),"west fork beaver creek, upstream of marathon road",Beaver Creek,STREAM,MAIN,TRUE,TRUE,TBD,FALSE
2022-07-23T20:30:00Z,14.29,beaver_creek_usgs_temp_3,60.65107,-151.09076,US/Alaska (UTC-9 / UTC-8),"west fork beaver creek, upstream of marathon road",Beaver Creek,STREAM,MAIN,TRUE,TRUE,TBD,FALSE
2022-07-23T20:45:00Z,14.242,beaver_creek_usgs_temp_3,60.65107,-151.09076,US/Alaska (UTC-9 / UTC-8),"west fork beaver creek, upstream of marathon road",Beaver Creek,STREAM,MAIN,TRUE,TRUE,TBD,FALSE
2022-07-23T21:00:00Z,14.242,beaver_creek_usgs_temp_3,60.65107,-151.09076,US/Alaska (UTC-9 / UTC-8),"west fork beaver creek, upstream of marathon road",Beaver Creek,STREAM,MAIN,TRUE,TRUE,TBD,FALSE
2022-07-23T21:15:00Z,14.218,beaver_creek_usgs_temp_3,60.65107,-151.09076,US/Alaska (UTC-9 / UTC-8),"west fork beaver creek, upstream of marathon road",Beaver Creek,STREAM,MAIN,TRUE,TRUE,TBD,FALSE
2022-07-23T21:30:00Z,14.218,beaver_creek_usgs_temp_3,60.65107,-151.09076,US/Alaska (UTC-9 / UTC-8),"west fork beaver creek, upstream of marathon road",Beaver Creek,STREAM,MAIN,TRUE,TRUE,TBD,FALSE
2022-07-23T21:45:00Z,14.194,beaver_creek_usgs_temp_3,60.65107,-151.09076,US/Alaska (UTC-9 / UTC-8),"west fork beaver creek, upstream of marathon road",Beaver Creek,STREAM,MAIN,TRUE,TRUE,TBD,FALSE
2022-07-23T22:00:00Z,14.17,beaver_creek_usgs_temp_3,60.65107,-151.09076,US/Alaska (UTC-9 / UTC-8),"west fork beaver creek, upstream of marathon road",Beaver Creek,STREAM,MAIN,TRUE,TRUE,TBD,FALSE
2022-07-23T22:15:00Z,14.146,beaver_creek_usgs_temp_3,60.65107,-151.09076,US/Alaska (UTC-9 / UTC-8),"west fork beaver creek, upstream of marathon road",Beaver Creek,STREAM,MAIN,TRUE,TRUE,TBD,FALSE
2022-07-23T22:30:00Z,14.122,beaver_creek_usgs_temp_3,60.65107,-151.09076,US/Alaska (UTC-9 / UTC-8),"west fork beaver creek, upstream of marathon road",Beaver Creek,STREAM,MAIN,TRUE,TRUE,TBD,FALSE
2022-07-23T22:45:00Z,14.098,beaver_creek_usgs_temp_3,60.65107,-151.09076,US/Alaska (UTC-9 / UTC-8),"west fork beaver creek, upstream of marathon road",Beaver Creek,STREAM,MAIN,TRUE,TRUE,TBD,FALSE
2022-07-23T23:00:00Z,14.05,beaver_creek_usgs_temp_3,60.65107,-151.09076,US/Alaska (UTC-9 / UTC-8),"west fork beaver creek, upstream of marathon road",Beaver Creek,STREAM,MAIN,TRUE,TRUE,TBD,FALSE
2022-07-23T23:15:00Z,14.026,beaver_creek_usgs_temp_3,60.65107,-151.09076,US/Alaska (UTC-9 / UTC-8),"west fork beaver creek, upstream of marathon road",Beaver Creek,STREAM,MAIN,TRUE,TRUE,TBD,FALSE
2022-07-23T23:30:00Z,13.978,beaver_creek_usgs_temp_3,60.65107,-151.09076,US/Alaska (UTC-9 / UTC-8),"west fork beaver creek, upstream of marathon road",Beaver Creek,STREAM,MAIN,TRUE,TRUE,TBD,FALSE
2022-07-23T23:45:00Z,13.954,beaver_creek_usgs_temp_3,60.65107,-151.09076,US/Alaska (UTC-9 / UTC-8),"west fork beaver creek, upstream of marathon road",Beaver Creek,STREAM,MAIN,TRUE,TRUE,TBD,FALSE
2022-07-24T00:00:00Z,13.93,beaver_creek_usgs_temp_3,60.65107,-151.09076,US/Alaska (UTC-9 / UTC-8),"west fork beaver creek, upstream of marathon road",Beaver Creek,STREAM,MAIN,TRUE,TRUE,TBD,FALSE
2022-07-24T00:15:00Z,13.906,beaver_creek_usgs_temp_3,60.65107,-151.09076,US/Alaska (UTC-9 / UTC-8),"west fork beaver creek, upstream of marathon road",Beaver Creek,STREAM,MAIN,TRUE,TRUE,TBD,FALSE
2022-07-24T00:30:00Z,13.858,beaver_creek_usgs_temp_3,60.65107,-151.09076,US/Alaska (UTC-9 / UTC-8),"west fork beaver creek, upstream of marathon road",Beaver Creek,STREAM,MAIN,TRUE,TRUE,TBD,FALSE
2022-07-24T00:45:00Z,13.834,beaver_creek_usgs_temp_3,60.65107,-151.09076,US/Alaska (UTC-9 / UTC-8),"west fork beaver creek, upstream of marathon road",Beaver Creek,STREAM,MAIN,TRUE,TRUE,TBD,FALSE
2022-07-24T01:00:00Z,13.786,beaver_creek_usgs_temp_3,60.65107,-151.09076,US/Alaska (UTC-9 / UTC-8),"west fork beaver creek, upstream of marathon road",Beaver Creek,STREAM,MAIN,TRUE,TRUE,TBD,FALSE
2022-07-24T01:15:00Z,13.762,beaver_creek_usgs_temp_3,60.65107,-151.09076,US/Alaska (UTC-9 / UTC-8),"west fork beaver creek, upstream of marathon road",Beaver Creek,STREAM,MAIN,TRUE,TRUE,TBD,FALSE
2022-07-24T01:30:00Z,13.714,beaver_creek_usgs_temp_3,60.65107,-151.09076,US/Alaska (UTC-9 / UTC-8),"west fork beaver creek, upstream of marathon road",Beaver Creek,STREAM,MAIN,TRUE,TRUE,TBD,FALSE
2022-07-24T01:45:00Z,13.69,beaver_creek_usgs_temp_3,60.65107,-151.09076,US/Alaska (UTC-9 / UTC-8),"west fork beaver creek, upstream of marathon road",Beaver Creek,STREAM,MAIN,TRUE,TRUE,TBD,FALSE
2022-07-24T02:00:00Z,13.642,beaver_creek_usgs_temp_3,60.65107,-151.09076,US/Alaska (UTC-9 / UTC-8),"west fork beaver creek, upstream of marathon road",Beaver Creek,STREAM,MAIN,TRUE,TRUE,TBD,FALSE
2022-07-24T02:15:00Z,13.594,beaver_creek_usgs_temp_3,60.65107,-151.09076,US/Alaska (UTC-9 / UTC-8),"west fork beaver creek, upstream of marathon road",Beaver Creek,STREAM,MAIN,TRUE,TRUE,TBD,FALSE
2022-07-24T02:30:00Z,13.57,beaver_creek_usgs_temp_3,60.65107,-151.09076,US/Alaska (UTC-9 / UTC-8),"west fork beaver creek, upstream of marathon road",Beaver Creek,STREAM,MAIN,TRUE,TRUE,TBD,FALSE
2022-07-24T02:45:00Z,13.522,beaver_creek_usgs_temp_3,60.65107,-151.09076,US/Alaska (UTC-9 / UTC-8),"west fork beaver creek, upstream of marathon road",Beaver Creek,STREAM,MAIN,TRUE,TRUE,TBD,FALSE
2022-07-24T03:00:00Z,13.473,beaver_creek_usgs_temp_3,60.65107,-151.09076,US/Alaska (UTC-9 / UTC-8),"west fork beaver creek, upstream of marathon road",Beaver Creek,STREAM,MAIN,TRUE,TRUE,TBD,FALSE
2022-07-24T03:15:00Z,13.449,beaver_creek_usgs_temp_3,60.65107,-151.09076,US/Alaska (UTC-9 / UTC-8),"west fork beaver creek, upstream of marathon road",Beaver Creek,STREAM,MAIN,TRUE,TRUE,TBD,FALSE
2022-07-24T03:30:00Z,13.425,beaver_creek_usgs_temp_3,60.65107,-151.09076,US/Alaska (UTC-9 / UTC-8),"west fork beaver creek, upstream of marathon road",Beaver Creek,STREAM,MAIN,TRUE,TRUE,TBD,FALSE
2022-07-24T03:45:00Z,13.377,beaver_creek_usgs_temp_3,60.65107,-151.09076,US/Alaska (UTC-9 / UTC-8),"west fork beaver creek, upstream of marathon road",Beaver Creek,STREAM,MAIN,TRUE,TRUE,TBD,FALSE
2022-07-24T04:00:00Z,13.329,beaver_creek_usgs_temp_3,60.65107,-151.09076,US/Alaska (UTC-9 / UTC-8),"west fork beaver creek, upstream of marathon road",Beaver Creek,STREAM,MAIN,TRUE,TRUE,TBD,FALSE
2022-07-24T04:15:00Z,13.305,beaver_creek_usgs_temp_3,60.65107,-151.09076,US/Alaska (UTC-9 / UTC-8),"west fork beaver creek, upstream of marathon road",Beaver Creek,STREAM,MAIN,TRUE,TRUE,TBD,FALSE
2022-07-24T04:30:00Z,13.257,beaver_creek_usgs_temp_3,60.65107,-151.09076,US/Alaska (UTC-9 / UTC-8),"west fork beaver creek, upstream of marathon road",Beaver Creek,STREAM,MAIN,TRUE,TRUE,TBD,FALSE
2022-07-24T04:45:00Z,13.233,beaver_creek_usgs_temp_3,60.65107,-151.09076,US/Alaska (UTC-9 / UTC-8),"west fork beaver creek, upstream of marathon road",Beaver Creek,STREAM,MAIN,TRUE,TRUE,TBD,FALSE
2022-07-24T05:00:00Z,13.209,beaver_creek_usgs_temp_3,60.65107,-151.09076,US/Alaska (UTC-9 / UTC-8),"west fork beaver creek, upstream of marathon road",Beaver Creek,STREAM,MAIN,TRUE,TRUE,TBD,FALSE
2022-07-24T05:15:00Z,13.185,beaver_creek_usgs_temp_3,60.65107,-151.09076,US/Alaska (UTC-9 / UTC-8),"west fork beaver creek, upstream of marathon road",Beaver Creek,STREAM,MAIN,TRUE,TRUE,TBD,FALSE
2022-07-24T05:30:00Z,13.137,beaver_creek_usgs_temp_3,60.65107,-151.09076,US/Alaska (UTC-9 / UTC-8),"west fork beaver creek, upstream of marathon road",Beaver Creek,STREAM,MAIN,TRUE,TRUE,TBD,FALSE
2022-07-24T05:45:00Z,13.137,beaver_creek_usgs_temp_3,60.65107,-151.09076,US/Alaska (UTC-9 / UTC-8),"west fork beaver creek, upstream of marathon road",Beaver Creek,STREAM,MAIN,TRUE,TRUE,TBD,FALSE
2022-07-24T06:00:00Z,13.088,beaver_creek_usgs_temp_3,60.65107,-151.09076,US/Alaska (UTC-9 / UTC-8),"west fork beaver creek, upstream of marathon road",Beaver Creek,STREAM,MAIN,TRUE,TRUE,TBD,FALSE
2022-07-24T06:15:00Z,13.088,beaver_creek_usgs_temp_3,60.65107,-151.09076,US/Alaska (UTC-9 / UTC-8),"west fork beaver creek, upstream of marathon road",Beaver Creek,STREAM,MAIN,TRUE,TRUE,TBD,FALSE
2022-07-24T06:30:00Z,13.088,beaver_creek_usgs_temp_3,60.65107,-151.09076,US/Alaska (UTC-9 / UTC-8),"west fork beaver creek, upstream of marathon road",Beaver Creek,STREAM,MAIN,TRUE,TRUE,TBD,FALSE
2022-07-24T06:45:00Z,13.064,beaver_creek_usgs_temp_3,60.65107,-151.09076,US/Alaska (UTC-9 / UTC-8),"west fork beaver creek, upstream of marathon road",Beaver Creek,STREAM,MAIN,TRUE,TRUE,TBD,FALSE
2022-07-24T07:00:00Z,13.04,beaver_creek_usgs_temp_3,60.65107,-151.09076,US/Alaska (UTC-9 / UTC-8),"west fork beaver creek, upstream of marathon road",Beaver Creek,STREAM,MAIN,TRUE,TRUE,TBD,FALSE
2022-07-24T07:15:00Z,13.064,beaver_creek_usgs_temp_3,60.65107,-151.09076,US/Alaska (UTC-9 / UTC-8),"west fork beaver creek, upstream of marathon road",Beaver Creek,STREAM,MAIN,TRUE,TRUE,TBD,FALSE
2022-07-24T07:30:00Z,13.088,beaver_creek_usgs_temp_3,60.65107,-151.09076,US/Alaska (UTC-9 / UTC-8),"west fork beaver creek, upstream of marathon road",Beaver Creek,STREAM,MAIN,TRUE,TRUE,TBD,FALSE
2022-07-24T07:45:00Z,13.088,beaver_creek_usgs_temp_3,60.65107,-151.09076,US/Alaska (UTC-9 / UTC-8),"west fork beaver creek, upstream of marathon road",Beaver Creek,STREAM,MAIN,TRUE,TRUE,TBD,FALSE
2022-07-24T08:00:00Z,13.088,beaver_creek_usgs_temp_3,60.65107,-151.09076,US/Alaska (UTC-9 / UTC-8),"west fork beaver creek, upstream of marathon road",Beaver Creek,STREAM,MAIN,TRUE,TRUE,TBD,FALSE
2022-07-24T08:15:00Z,13.088,beaver_creek_usgs_temp_3,60.65107,-151.09076,US/Alaska (UTC-9 / UTC-8),"west fork beaver creek, upstream of marathon road",Beaver Creek,STREAM,MAIN,TRUE,TRUE,TBD,FALSE
2022-07-24T08:30:00Z,13.137,beaver_creek_usgs_temp_3,60.65107,-151.09076,US/Alaska (UTC-9 / UTC-8),"west fork beaver creek, upstream of marathon road",Beaver Creek,STREAM,MAIN,TRUE,TRUE,TBD,FALSE
2022-07-24T08:45:00Z,13.137,beaver_creek_usgs_temp_3,60.65107,-151.09076,US/Alaska (UTC-9 / UTC-8),"west fork beaver creek, upstream of marathon road",Beaver Creek,STREAM,MAIN,TRUE,TRUE,TBD,FALSE
2022-07-24T09:00:00Z,13.161,beaver_creek_usgs_temp_3,60.65107,-151.09076,US/Alaska (UTC-9 / UTC-8),"west fork beaver creek, upstream of marathon road",Beaver Creek,STREAM,MAIN,TRUE,TRUE,TBD,FALSE
2022-07-24T09:15:00Z,13.209,beaver_creek_usgs_temp_3,60.65107,-151.09076,US/Alaska (UTC-9 / UTC-8),"west fork beaver creek, upstream of marathon road",Beaver Creek,STREAM,MAIN,TRUE,TRUE,TBD,FALSE
2022-07-24T09:30:00Z,13.281,beaver_creek_usgs_temp_3,60.65107,-151.09076,US/Alaska (UTC-9 / UTC-8),"west fork beaver creek, upstream of marathon road",Beaver Creek,STREAM,MAIN,TRUE,TRUE,TBD,FALSE
2022-07-24T09:45:00Z,13.353,beaver_creek_usgs_temp_3,60.65107,-151.09076,US/Alaska (UTC-9 / UTC-8),"west fork beaver creek, upstream of marathon road",Beaver Creek,STREAM,MAIN,TRUE,TRUE,TBD,FALSE
2022-07-24T10:00:00Z,13.401,beaver_creek_usgs_temp_3,60.65107,-151.09076,US/Alaska (UTC-9 / UTC-8),"west fork beaver creek, upstream of marathon road",Beaver Creek,STREAM,MAIN,TRUE,TRUE,TBD,FALSE
2022-07-24T10:15:00Z,13.449,beaver_creek_usgs_temp_3,60.65107,-151.09076,US/Alaska (UTC-9 / UTC-8),"west fork beaver creek, upstream of marathon road",Beaver Creek,STREAM,MAIN,TRUE,TRUE,TBD,FALSE
2022-07-24T10:30:00Z,13.546,beaver_creek_usgs_temp_3,60.65107,-151.09076,US/Alaska (UTC-9 / UTC-8),"west fork beaver creek, upstream of marathon road",Beaver Creek,STREAM,MAIN,TRUE,TRUE,TBD,FALSE
2022-07-24T10:45:00Z,13.666,beaver_creek_usgs_temp_3,60.65107,-151.09076,US/Alaska (UTC-9 / UTC-8),"west fork beaver creek, upstream of marathon road",Beaver Creek,STREAM,MAIN,TRUE,TRUE,TBD,FALSE
2022-07-24T11:00:00Z,13.81,beaver_creek_usgs_temp_3,60.65107,-151.09076,US/Alaska (UTC-9 / UTC-8),"west fork beaver creek, upstream of marathon road",Beaver Creek,STREAM,MAIN,TRUE,TRUE,TBD,FALSE
2022-07-24T11:15:00Z,13.906,beaver_creek_usgs_temp_3,60.65107,-151.09076,US/Alaska (UTC-9 / UTC-8),"west fork beaver creek, upstream of marathon road",Beaver Creek,STREAM,MAIN,TRUE,TRUE,TBD,FALSE
2022-07-24T11:30:00Z,14.05,beaver_creek_usgs_temp_3,60.65107,-151.09076,US/Alaska (UTC-9 / UTC-8),"west fork beaver creek, upstream of marathon road",Beaver Creek,STREAM,MAIN,TRUE,TRUE,TBD,FALSE
2022-07-24T11:45:00Z,14.218,beaver_creek_usgs_temp_3,60.65107,-151.09076,US/Alaska (UTC-9 / UTC-8),"west fork beaver creek, upstream of marathon road",Beaver Creek,STREAM,MAIN,TRUE,TRUE,TBD,FALSE
2022-07-24T12:00:00Z,14.361,beaver_creek_usgs_temp_3,60.65107,-151.09076,US/Alaska (UTC-9 / UTC-8),"west fork beaver creek, upstream of marathon road",Beaver Creek,STREAM,MAIN,TRUE,TRUE,TBD,FALSE
2022-07-24T12:15:00Z,14.529,beaver_creek_usgs_temp_3,60.65107,-151.09076,US/Alaska (UTC-9 / UTC-8),"west fork beaver creek, upstream of marathon road",Beaver Creek,STREAM,MAIN,TRUE,TRUE,TBD,FALSE
2022-07-24T12:30:00Z,14.697,beaver_creek_usgs_temp_3,60.65107,-151.09076,US/Alaska (UTC-9 / UTC-8),"west fork beaver creek, upstream of marathon road",Beaver Creek,STREAM,MAIN,TRUE,TRUE,TBD,FALSE
2022-07-24T12:45:00Z,14.816,beaver_creek_usgs_temp_3,60.65107,-151.09076,US/Alaska (UTC-9 / UTC-8),"west fork beaver creek, upstream of marathon road",Beaver Creek,STREAM,MAIN,TRUE,TRUE,TBD,FALSE
2022-07-24T13:00:00Z,14.96,beaver_creek_usgs_temp_3,60.65107,-151.09076,US/Alaska (UTC-9 / UTC-8),"west fork beaver creek, upstream of marathon road",Beaver Creek,STREAM,MAIN,TRUE,TRUE,TBD,FALSE
2022-07-24T13:15:00Z,15.151,beaver_creek_usgs_temp_3,60.65107,-151.09076,US/Alaska (UTC-9 / UTC-8),"west fork beaver creek, upstream of marathon road",Beaver Creek,STREAM,MAIN,TRUE,TRUE,TBD,FALSE
2022-07-24T13:30:00Z,15.294,beaver_creek_usgs_temp_3,60.65107,-151.09076,US/Alaska (UTC-9 / UTC-8),"west fork beaver creek, upstream of marathon road",Beaver Creek,STREAM,MAIN,TRUE,TRUE,TBD,FALSE
2022-07-24T13:45:00Z,15.461,beaver_creek_usgs_temp_3,60.65107,-151.09076,US/Alaska (UTC-9 / UTC-8),"west fork beaver creek, upstream of marathon road",Beaver Creek,STREAM,MAIN,TRUE,TRUE,TBD,FALSE
2022-07-24T14:00:00Z,15.629,beaver_creek_usgs_temp_3,60.65107,-151.09076,US/Alaska (UTC-9 / UTC-8),"west fork beaver creek, upstream of marathon road",Beaver Creek,STREAM,MAIN,TRUE,TRUE,TBD,FALSE
2022-07-24T14:15:00Z,15.7,beaver_creek_usgs_temp_3,60.65107,-151.09076,US/Alaska (UTC-9 / UTC-8),"west fork beaver creek, upstream of marathon road",Beaver Creek,STREAM,MAIN,TRUE,TRUE,TBD,FALSE
2022-07-24T14:30:00Z,15.843,beaver_creek_usgs_temp_3,60.65107,-151.09076,US/Alaska (UTC-9 / UTC-8),"west fork beaver creek, upstream of marathon road",Beaver Creek,STREAM,MAIN,TRUE,TRUE,TBD,FALSE
2022-07-24T14:45:00Z,15.796,beaver_creek_usgs_temp_3,60.65107,-151.09076,US/Alaska (UTC-9 / UTC-8),"west fork beaver creek, upstream of marathon road",Beaver Creek,STREAM,MAIN,TRUE,TRUE,TBD,FALSE
2022-07-24T15:00:00Z,15.772,beaver_creek_usgs_temp_3,60.65107,-151.09076,US/Alaska (UTC-9 / UTC-8),"west fork beaver creek, upstream of marathon road",Beaver Creek,STREAM,MAIN,TRUE,TRUE,TBD,FALSE
2022-07-24T15:15:00Z,15.772,beaver_creek_usgs_temp_3,60.65107,-151.09076,US/Alaska (UTC-9 / UTC-8),"west fork beaver creek, upstream of marathon road",Beaver Creek,STREAM,MAIN,TRUE,TRUE,TBD,FALSE
2022-07-24T15:30:00Z,15.772,beaver_creek_usgs_temp_3,60.65107,-151.09076,US/Alaska (UTC-9 / UTC-8),"west fork beaver creek, upstream of marathon road",Beaver Creek,STREAM,MAIN,TRUE,TRUE,TBD,FALSE
2022-07-24T15:45:00Z,15.772,beaver_creek_usgs_temp_3,60.65107,-151.09076,US/Alaska (UTC-9 / UTC-8),"west fork beaver creek, upstream of marathon road",Beaver Creek,STREAM,MAIN,TRUE,TRUE,TBD,FALSE
2022-07-24T16:00:00Z,15.843,beaver_creek_usgs_temp_3,60.65107,-151.09076,US/Alaska (UTC-9 / UTC-8),"west fork beaver creek, upstream of marathon road",Beaver Creek,STREAM,MAIN,TRUE,TRUE,TBD,FALSE
2022-07-24T16:15:00Z,15.963,beaver_creek_usgs_temp_3,60.65107,-151.09076,US/Alaska (UTC-9 / UTC-8),"west fork beaver creek, upstream of marathon road",Beaver Creek,STREAM,MAIN,TRUE,TRUE,TBD,FALSE
2022-07-24T16:30:00Z,16.106,beaver_creek_usgs_temp_3,60.65107,-151.09076,US/Alaska (UTC-9 / UTC-8),"west fork beaver creek, upstream of marathon road",Beaver Creek,STREAM,MAIN,TRUE,TRUE,TBD,FALSE
2022-07-24T16:45:00Z,16.177,beaver_creek_usgs_temp_3,60.65107,-151.09076,US/Alaska (UTC-9 / UTC-8),"west fork beaver creek, upstream of marathon road",Beaver Creek,STREAM,MAIN,TRUE,TRUE,TBD,FALSE
2022-07-24T17:00:00Z,16.106,beaver_creek_usgs_temp_3,60.65107,-151.09076,US/Alaska (UTC-9 / UTC-8),"west fork beaver creek, upstream of marathon road",Beaver Creek,STREAM,MAIN,TRUE,TRUE,TBD,FALSE
2022-07-24T17:15:00Z,16.106,beaver_creek_usgs_temp_3,60.65107,-151.09076,US/Alaska (UTC-9 / UTC-8),"west fork beaver creek, upstream of marathon road",Beaver Creek,STREAM,MAIN,TRUE,TRUE,TBD,FALSE
2022-07-24T17:30:00Z,16.177,beaver_creek_usgs_temp_3,60.65107,-151.09076,US/Alaska (UTC-9 / UTC-8),"west fork beaver creek, upstream of marathon road",Beaver Creek,STREAM,MAIN,TRUE,TRUE,TBD,FALSE
2022-07-24T17:45:00Z,16.225,beaver_creek_usgs_temp_3,60.65107,-151.09076,US/Alaska (UTC-9 / UTC-8),"west fork beaver creek, upstream of marathon road",Beaver Creek,STREAM,MAIN,TRUE,TRUE,TBD,FALSE
2022-07-24T18:00:00Z,16.249,beaver_creek_usgs_temp_3,60.65107,-151.09076,US/Alaska (UTC-9 / UTC-8),"west fork beaver creek, upstream of marathon road",Beaver Creek,STREAM,MAIN,TRUE,TRUE,TBD,FALSE
2022-07-24T18:15:00Z,16.249,beaver_creek_usgs_temp_3,60.65107,-151.09076,US/Alaska (UTC-9 / UTC-8),"west fork beaver creek, upstream of marathon road",Beaver Creek,STREAM,MAIN,TRUE,TRUE,TBD,FALSE
2022-07-24T18:30:00Z,16.225,beaver_creek_usgs_temp_3,60.65107,-151.09076,US/Alaska (UTC-9 / UTC-8),"west fork beaver creek, upstream of marathon road",Beaver Creek,STREAM,MAIN,TRUE,TRUE,TBD,FALSE
2022-07-24T18:45:00Z,16.201,beaver_creek_usgs_temp_3,60.65107,-151.09076,US/Alaska (UTC-9 / UTC-8),"west fork beaver creek, upstream of marathon road",Beaver Creek,STREAM,MAIN,TRUE,TRUE,TBD,FALSE
2022-07-24T19:00:00Z,16.201,beaver_creek_usgs_temp_3,60.65107,-151.09076,US/Alaska (UTC-9 / UTC-8),"west fork beaver creek, upstream of marathon road",Beaver Creek,STREAM,MAIN,TRUE,TRUE,TBD,FALSE
2022-07-24T19:15:00Z,16.249,beaver_creek_usgs_temp_3,60.65107,-151.09076,US/Alaska (UTC-9 / UTC-8),"west fork beaver creek, upstream of marathon road",Beaver Creek,STREAM,MAIN,TRUE,TRUE,TBD,FALSE
2022-07-24T19:30:00Z,16.272,beaver_creek_usgs_temp_3,60.65107,-151.09076,US/Alaska (UTC-9 / UTC-8),"west fork beaver creek, upstream of marathon road",Beaver Creek,STREAM,MAIN,TRUE,TRUE,TBD,FALSE
2022-07-24T19:45:00Z,16.272,beaver_creek_usgs_temp_3,60.65107,-151.09076,US/Alaska (UTC-9 / UTC-8),"west fork beaver creek, upstream of marathon road",Beaver Creek,STREAM,MAIN,TRUE,TRUE,TBD,FALSE
2022-07-24T20:00:00Z,16.296,beaver_creek_usgs_temp_3,60.65107,-151.09076,US/Alaska (UTC-9 / UTC-8),"west fork beaver creek, upstream of marathon road",Beaver Creek,STREAM,MAIN,TRUE,TRUE,TBD,FALSE
2022-07-24T20:15:00Z,16.32,beaver_creek_usgs_temp_3,60.65107,-151.09076,US/Alaska (UTC-9 / UTC-8),"west fork beaver creek, upstream of marathon road",Beaver Creek,STREAM,MAIN,TRUE,TRUE,TBD,FALSE
2022-07-24T20:30:00Z,16.32,beaver_creek_usgs_temp_3,60.65107,-151.09076,US/Alaska (UTC-9 / UTC-8),"west fork beaver creek, upstream of marathon road",Beaver Creek,STREAM,MAIN,TRUE,TRUE,TBD,FALSE
2022-07-24T20:45:00Z,16.32,beaver_creek_usgs_temp_3,60.65107,-151.09076,US/Alaska (UTC-9 / UTC-8),"west fork beaver creek, upstream of marathon road",Beaver Creek,STREAM,MAIN,TRUE,TRUE,TBD,FALSE
2022-07-24T21:00:00Z,16.344,beaver_creek_usgs_temp_3,60.65107,-151.09076,US/Alaska (UTC-9 / UTC-8),"west fork beaver creek, upstream of marathon road",Beaver Creek,STREAM,MAIN,TRUE,TRUE,TBD,FALSE
2022-07-24T21:15:00Z,16.368,beaver_creek_usgs_temp_3,60.65107,-151.09076,US/Alaska (UTC-9 / UTC-8),"west fork beaver creek, upstream of marathon road",Beaver Creek,STREAM,MAIN,TRUE,TRUE,TBD,FALSE
2022-07-24T21:30:00Z,16.368,beaver_creek_usgs_temp_3,60.65107,-151.09076,US/Alaska (UTC-9 / UTC-8),"west fork beaver creek, upstream of marathon road",Beaver Creek,STREAM,MAIN,TRUE,TRUE,TBD,FALSE
2022-07-24T21:45:00Z,16.344,beaver_creek_usgs_temp_3,60.65107,-151.09076,US/Alaska (UTC-9 / UTC-8),"west fork beaver creek, upstream of marathon road",Beaver Creek,STREAM,MAIN,TRUE,TRUE,TBD,FALSE
2022-07-24T22:00:00Z,16.32,beaver_creek_usgs_temp_3,60.65107,-151.09076,US/Alaska (UTC-9 / UTC-8),"west fork beaver creek, upstream of marathon road",Beaver Creek,STREAM,MAIN,TRUE,TRUE,TBD,FALSE
2022-07-24T22:15:00Z,16.32,beaver_creek_usgs_temp_3,60.65107,-151.09076,US/Alaska (UTC-9 / UTC-8),"west fork beaver creek, upstream of marathon road",Beaver Creek,STREAM,MAIN,TRUE,TRUE,TBD,FALSE
2022-07-24T22:30:00Z,16.296,beaver_creek_usgs_temp_3,60.65107,-151.09076,US/Alaska (UTC-9 / UTC-8),"west fork beaver creek, upstream of marathon road",Beaver Creek,STREAM,MAIN,TRUE,TRUE,TBD,FALSE
2022-07-24T22:45:00Z,16.249,beaver_creek_usgs_temp_3,60.65107,-151.09076,US/Alaska (UTC-9 / UTC-8),"west fork beaver creek, upstream of marathon road",Beaver Creek,STREAM,MAIN,TRUE,TRUE,TBD,FALSE
2022-07-24T23:00:00Z,16.225,beaver_creek_usgs_temp_3,60.65107,-151.09076,US/Alaska (UTC-9 / UTC-8),"west fork beaver creek, upstream of marathon road",Beaver Creek,STREAM,MAIN,TRUE,TRUE,TBD,FALSE
2022-07-24T23:15:00Z,16.201,beaver_creek_usgs_temp_3,60.65107,-151.09076,US/Alaska (UTC-9 / UTC-8),"west fork beaver creek, upstream of marathon road",Beaver Creek,STREAM,MAIN,TRUE,TRUE,TBD,FALSE
2022-07-24T23:30:00Z,16.177,beaver_creek_usgs_temp_3,60.65107,-151.09076,US/Alaska (UTC-9 / UTC-8),"west fork beaver creek, upstream of marathon road",Beaver Creek,STREAM,MAIN,TRUE,TRUE,TBD,FALSE
2022-07-24T23:45:00Z,16.153,beaver_creek_usgs_temp_3,60.65107,-151.09076,US/Alaska (UTC-9 / UTC-8),"west fork beaver creek, upstream of marathon road",Beaver Creek,STREAM,MAIN,TRUE,TRUE,TBD,FALSE
2022-07-25T00:00:00Z,16.106,beaver_creek_usgs_temp_3,60.65107,-151.09076,US/Alaska (UTC-9 / UTC-8),"west fork beaver creek, upstream of marathon road",Beaver Creek,STREAM,MAIN,TRUE,TRUE,TBD,FALSE
2022-07-25T00:15:00Z,16.058,beaver_creek_usgs_temp_3,60.65107,-151.09076,US/Alaska (UTC-9 / UTC-8),"west fork beaver creek, upstream of marathon road",Beaver Creek,STREAM,MAIN,TRUE,TRUE,TBD,FALSE
2022-07-25T00:30:00Z,16.034,beaver_creek_usgs_temp_3,60.65107,-151.09076,US/Alaska (UTC-9 / UTC-8),"west fork beaver creek, upstream of marathon road",Beaver Creek,STREAM,MAIN,TRUE,TRUE,TBD,FALSE
2022-07-25T00:45:00Z,16.01,beaver_creek_usgs_temp_3,60.65107,-151.09076,US/Alaska (UTC-9 / UTC-8),"west fork beaver creek, upstream of marathon road",Beaver Creek,STREAM,MAIN,TRUE,TRUE,TBD,FALSE
2022-07-25T01:00:00Z,15.963,beaver_creek_usgs_temp_3,60.65107,-151.09076,US/Alaska (UTC-9 / UTC-8),"west fork beaver creek, upstream of marathon road",Beaver Creek,STREAM,MAIN,TRUE,TRUE,TBD,FALSE
2022-07-25T01:15:00Z,15.939,beaver_creek_usgs_temp_3,60.65107,-151.09076,US/Alaska (UTC-9 / UTC-8),"west fork beaver creek, upstream of marathon road",Beaver Creek,STREAM,MAIN,TRUE,TRUE,TBD,FALSE
2022-07-25T01:30:00Z,15.915,beaver_creek_usgs_temp_3,60.65107,-151.09076,US/Alaska (UTC-9 / UTC-8),"west fork beaver creek, upstream of marathon road",Beaver Creek,STREAM,MAIN,TRUE,TRUE,TBD,FALSE
2022-07-25T01:45:00Z,15.867,beaver_creek_usgs_temp_3,60.65107,-151.09076,US/Alaska (UTC-9 / UTC-8),"west fork beaver creek, upstream of marathon road",Beaver Creek,STREAM,MAIN,TRUE,TRUE,TBD,FALSE
2022-07-25T02:00:00Z,15.843,beaver_creek_usgs_temp_3,60.65107,-151.09076,US/Alaska (UTC-9 / UTC-8),"west fork beaver creek, upstream of marathon road",Beaver Creek,STREAM,MAIN,TRUE,TRUE,TBD,FALSE
2022-07-25T02:15:00Z,15.796,beaver_creek_usgs_temp_3,60.65107,-151.09076,US/Alaska (UTC-9 / UTC-8),"west fork beaver creek, upstream of marathon road",Beaver Creek,STREAM,MAIN,TRUE,TRUE,TBD,FALSE
2022-07-25T02:30:00Z,15.772,beaver_creek_usgs_temp_3,60.65107,-151.09076,US/Alaska (UTC-9 / UTC-8),"west fork beaver creek, upstream of marathon road",Beaver Creek,STREAM,MAIN,TRUE,TRUE,TBD,FALSE
2022-07-25T02:45:00Z,15.748,beaver_creek_usgs_temp_3,60.65107,-151.09076,US/Alaska (UTC-9 / UTC-8),"west fork beaver creek, upstream of marathon road",Beaver Creek,STREAM,MAIN,TRUE,TRUE,TBD,FALSE
2022-07-25T03:00:00Z,15.724,beaver_creek_usgs_temp_3,60.65107,-151.09076,US/Alaska (UTC-9 / UTC-8),"west fork beaver creek, upstream of marathon road",Beaver Creek,STREAM,MAIN,TRUE,TRUE,TBD,FALSE
2022-07-25T03:15:00Z,15.652,beaver_creek_usgs_temp_3,60.65107,-151.09076,US/Alaska (UTC-9 / UTC-8),"west fork beaver creek, upstream of marathon road",Beaver Creek,STREAM,MAIN,TRUE,TRUE,TBD,FALSE
2022-07-25T03:30:00Z,15.629,beaver_creek_usgs_temp_3,60.65107,-151.09076,US/Alaska (UTC-9 / UTC-8),"west fork beaver creek, upstream of marathon road",Beaver Creek,STREAM,MAIN,TRUE,TRUE,TBD,FALSE
2022-07-25T03:45:00Z,15.605,beaver_creek_usgs_temp_3,60.65107,-151.09076,US/Alaska (UTC-9 / UTC-8),"west fork beaver creek, upstream of marathon road",Beaver Creek,STREAM,MAIN,TRUE,TRUE,TBD,FALSE
2022-07-25T04:00:00Z,15.581,beaver_creek_usgs_temp_3,60.65107,-151.09076,US/Alaska (UTC-9 / UTC-8),"west fork beaver creek, upstream of marathon road",Beaver Creek,STREAM,MAIN,TRUE,TRUE,TBD,FALSE
2022-07-25T04:15:00Z,15.533,beaver_creek_usgs_temp_3,60.65107,-151.09076,US/Alaska (UTC-9 / UTC-8),"west fork beaver creek, upstream of marathon road",Beaver Creek,STREAM,MAIN,TRUE,TRUE,TBD,FALSE
2022-07-25T04:30:00Z,15.485,beaver_creek_usgs_temp_3,60.65107,-151.09076,US/Alaska (UTC-9 / UTC-8),"west fork beaver creek, upstream of marathon road",Beaver Creek,STREAM,MAIN,TRUE,TRUE,TBD,FALSE
2022-07-25T04:45:00Z,15.438,beaver_creek_usgs_temp_3,60.65107,-151.09076,US/Alaska (UTC-9 / UTC-8),"west fork beaver creek, upstream of marathon road",Beaver Creek,STREAM,MAIN,TRUE,TRUE,TBD,FALSE
2022-07-25T05:00:00Z,15.414,beaver_creek_usgs_temp_3,60.65107,-151.09076,US/Alaska (UTC-9 / UTC-8),"west fork beaver creek, upstream of marathon road",Beaver Creek,STREAM,MAIN,TRUE,TRUE,TBD,FALSE
2022-07-25T05:15:00Z,15.342,beaver_creek_usgs_temp_3,60.65107,-151.09076,US/Alaska (UTC-9 / UTC-8),"west fork beaver creek, upstream of marathon road",Beaver Creek,STREAM,MAIN,TRUE,TRUE,TBD,FALSE
2022-07-25T05:30:00Z,15.342,beaver_creek_usgs_temp_3,60.65107,-151.09076,US/Alaska (UTC-9 / UTC-8),"west fork beaver creek, upstream of marathon road",Beaver Creek,STREAM,MAIN,TRUE,TRUE,TBD,FALSE
2022-07-25T05:45:00Z,15.294,beaver_creek_usgs_temp_3,60.65107,-151.09076,US/Alaska (UTC-9 / UTC-8),"west fork beaver creek, upstream of marathon road",Beaver Creek,STREAM,MAIN,TRUE,TRUE,TBD,FALSE
2022-07-25T06:00:00Z,15.247,beaver_creek_usgs_temp_3,60.65107,-151.09076,US/Alaska (UTC-9 / UTC-8),"west fork beaver creek, upstream of marathon road",Beaver Creek,STREAM,MAIN,TRUE,TRUE,TBD,FALSE
2022-07-25T06:15:00Z,15.223,beaver_creek_usgs_temp_3,60.65107,-151.09076,US/Alaska (UTC-9 / UTC-8),"west fork beaver creek, upstream of marathon road",Beaver Creek,STREAM,MAIN,TRUE,TRUE,TBD,FALSE
2022-07-25T06:30:00Z,15.199,beaver_creek_usgs_temp_3,60.65107,-151.09076,US/Alaska (UTC-9 / UTC-8),"west fork beaver creek, upstream of marathon road",Beaver Creek,STREAM,MAIN,TRUE,TRUE,TBD,FALSE
2022-07-25T06:45:00Z,15.151,beaver_creek_usgs_temp_3,60.65107,-151.09076,US/Alaska (UTC-9 / UTC-8),"west fork beaver creek, upstream of marathon road",Beaver Creek,STREAM,MAIN,TRUE,TRUE,TBD,FALSE
2022-07-25T07:00:00Z,15.127,beaver_creek_usgs_temp_3,60.65107,-151.09076,US/Alaska (UTC-9 / UTC-8),"west fork beaver creek, upstream of marathon road",Beaver Creek,STREAM,MAIN,TRUE,TRUE,TBD,FALSE
2022-07-25T07:15:00Z,15.127,beaver_creek_usgs_temp_3,60.65107,-151.09076,US/Alaska (UTC-9 / UTC-8),"west fork beaver creek, upstream of marathon road",Beaver Creek,STREAM,MAIN,TRUE,TRUE,TBD,FALSE
2022-07-25T07:30:00Z,15.079,beaver_creek_usgs_temp_3,60.65107,-151.09076,US/Alaska (UTC-9 / UTC-8),"west fork beaver creek, upstream of marathon road",Beaver Creek,STREAM,MAIN,TRUE,TRUE,TBD,FALSE
2022-07-25T07:45:00Z,15.079,beaver_creek_usgs_temp_3,60.65107,-151.09076,US/Alaska (UTC-9 / UTC-8),"west fork beaver creek, upstream of marathon road",Beaver Creek,STREAM,MAIN,TRUE,TRUE,TBD,FALSE
2022-07-25T08:00:00Z,15.079,beaver_creek_usgs_temp_3,60.65107,-151.09076,US/Alaska (UTC-9 / UTC-8),"west fork beaver creek, upstream of marathon road",Beaver Creek,STREAM,MAIN,TRUE,TRUE,TBD,FALSE
2022-07-25T08:15:00Z,15.079,beaver_creek_usgs_temp_3,60.65107,-151.09076,US/Alaska (UTC-9 / UTC-8),"west fork beaver creek, upstream of marathon road",Beaver Creek,STREAM,MAIN,TRUE,TRUE,TBD,FALSE
2022-07-25T08:30:00Z,15.079,beaver_creek_usgs_temp_3,60.65107,-151.09076,US/Alaska (UTC-9 / UTC-8),"west fork beaver creek, upstream of marathon road",Beaver Creek,STREAM,MAIN,TRUE,TRUE,TBD,FALSE
2022-07-25T08:45:00Z,15.079,beaver_creek_usgs_temp_3,60.65107,-151.09076,US/Alaska (UTC-9 / UTC-8),"west fork beaver creek, upstream of marathon road",Beaver Creek,STREAM,MAIN,TRUE,TRUE,TBD,FALSE
2022-07-25T09:00:00Z,15.079,beaver_creek_usgs_temp_3,60.65107,-151.09076,US/Alaska (UTC-9 / UTC-8),"west fork beaver creek, upstream of marathon road",Beaver Creek,STREAM,MAIN,TRUE,TRUE,TBD,FALSE
2022-07-25T09:15:00Z,15.079,beaver_creek_usgs_temp_3,60.65107,-151.09076,US/Alaska (UTC-9 / UTC-8),"west fork beaver creek, upstream of marathon road",Beaver Creek,STREAM,MAIN,TRUE,TRUE,TBD,FALSE
2022-07-25T09:30:00Z,15.079,beaver_creek_usgs_temp_3,60.65107,-151.09076,US/Alaska (UTC-9 / UTC-8),"west fork beaver creek, upstream of marathon road",Beaver Creek,STREAM,MAIN,TRUE,TRUE,TBD,FALSE
2022-07-25T09:45:00Z,15.103,beaver_creek_usgs_temp_3,60.65107,-151.09076,US/Alaska (UTC-9 / UTC-8),"west fork beaver creek, upstream of marathon road",Beaver Creek,STREAM,MAIN,TRUE,TRUE,TBD,FALSE
2022-07-25T10:00:00Z,15.103,beaver_creek_usgs_temp_3,60.65107,-151.09076,US/Alaska (UTC-9 / UTC-8),"west fork beaver creek, upstream of marathon road",Beaver Creek,STREAM,MAIN,TRUE,TRUE,TBD,FALSE
2022-07-25T10:15:00Z,15.151,beaver_creek_usgs_temp_3,60.65107,-151.09076,US/Alaska (UTC-9 / UTC-8),"west fork beaver creek, upstream of marathon road",Beaver Creek,STREAM,MAIN,TRUE,TRUE,TBD,FALSE
2022-07-25T10:30:00Z,15.175,beaver_creek_usgs_temp_3,60.65107,-151.09076,US/Alaska (UTC-9 / UTC-8),"west fork beaver creek, upstream of marathon road",Beaver Creek,STREAM,MAIN,TRUE,TRUE,TBD,FALSE
2022-07-25T10:45:00Z,15.175,beaver_creek_usgs_temp_3,60.65107,-151.09076,US/Alaska (UTC-9 / UTC-8),"west fork beaver creek, upstream of marathon road",Beaver Creek,STREAM,MAIN,TRUE,TRUE,TBD,FALSE
2022-07-25T11:00:00Z,15.199,beaver_creek_usgs_temp_3,60.65107,-151.09076,US/Alaska (UTC-9 / UTC-8),"west fork beaver creek, upstream of marathon road",Beaver Creek,STREAM,MAIN,TRUE,TRUE,TBD,FALSE
2022-07-25T11:15:00Z,15.223,beaver_creek_usgs_temp_3,60.65107,-151.09076,US/Alaska (UTC-9 / UTC-8),"west fork beaver creek, upstream of marathon road",Beaver Creek,STREAM,MAIN,TRUE,TRUE,TBD,FALSE
2022-07-25T11:30:00Z,15.223,beaver_creek_usgs_temp_3,60.65107,-151.09076,US/Alaska (UTC-9 / UTC-8),"west fork beaver creek, upstream of marathon road",Beaver Creek,STREAM,MAIN,TRUE,TRUE,TBD,FALSE
2022-07-25T11:45:00Z,15.223,beaver_creek_usgs_temp_3,60.65107,-151.09076,US/Alaska (UTC-9 / UTC-8),"west fork beaver creek, upstream of marathon road",Beaver Creek,STREAM,MAIN,TRUE,TRUE,TBD,FALSE
2022-07-25T12:00:00Z,15.247,beaver_creek_usgs_temp_3,60.65107,-151.09076,US/Alaska (UTC-9 / UTC-8),"west fork beaver creek, upstream of marathon road",Beaver Creek,STREAM,MAIN,TRUE,TRUE,TBD,FALSE
2022-07-25T12:15:00Z,15.342,beaver_creek_usgs_temp_3,60.65107,-151.09076,US/Alaska (UTC-9 / UTC-8),"west fork beaver creek, upstream of marathon road",Beaver Creek,STREAM,MAIN,TRUE,TRUE,TBD,FALSE
2022-07-25T12:30:00Z,15.39,beaver_creek_usgs_temp_3,60.65107,-151.09076,US/Alaska (UTC-9 / UTC-8),"west fork beaver creek, upstream of marathon road",Beaver Creek,STREAM,MAIN,TRUE,TRUE,TBD,FALSE
2022-07-25T12:45:00Z,15.509,beaver_creek_usgs_temp_3,60.65107,-151.09076,US/Alaska (UTC-9 / UTC-8),"west fork beaver creek, upstream of marathon road",Beaver Creek,STREAM,MAIN,TRUE,TRUE,TBD,FALSE
2022-07-25T13:00:00Z,15.581,beaver_creek_usgs_temp_3,60.65107,-151.09076,US/Alaska (UTC-9 / UTC-8),"west fork beaver creek, upstream of marathon road",Beaver Creek,STREAM,MAIN,TRUE,TRUE,TBD,FALSE
2022-07-25T13:15:00Z,15.533,beaver_creek_usgs_temp_3,60.65107,-151.09076,US/Alaska (UTC-9 / UTC-8),"west fork beaver creek, upstream of marathon road",Beaver Creek,STREAM,MAIN,TRUE,TRUE,TBD,FALSE
2022-07-25T13:30:00Z,15.461,beaver_creek_usgs_temp_3,60.65107,-151.09076,US/Alaska (UTC-9 / UTC-8),"west fork beaver creek, upstream of marathon road",Beaver Creek,STREAM,MAIN,TRUE,TRUE,TBD,FALSE
2022-07-25T13:45:00Z,15.461,beaver_creek_usgs_temp_3,60.65107,-151.09076,US/Alaska (UTC-9 / UTC-8),"west fork beaver creek, upstream of marathon road",Beaver Creek,STREAM,MAIN,TRUE,TRUE,TBD,FALSE
2022-07-25T14:00:00Z,15.485,beaver_creek_usgs_temp_3,60.65107,-151.09076,US/Alaska (UTC-9 / UTC-8),"west fork beaver creek, upstream of marathon road",Beaver Creek,STREAM,MAIN,TRUE,TRUE,TBD,FALSE
2022-07-25T14:15:00Z,15.533,beaver_creek_usgs_temp_3,60.65107,-151.09076,US/Alaska (UTC-9 / UTC-8),"west fork beaver creek, upstream of marathon road",Beaver Creek,STREAM,MAIN,TRUE,TRUE,TBD,FALSE
2022-07-25T14:30:00Z,15.605,beaver_creek_usgs_temp_3,60.65107,-151.09076,US/Alaska (UTC-9 / UTC-8),"west fork beaver creek, upstream of marathon road",Beaver Creek,STREAM,MAIN,TRUE,TRUE,TBD,FALSE
2022-07-25T14:45:00Z,15.629,beaver_creek_usgs_temp_3,60.65107,-151.09076,US/Alaska (UTC-9 / UTC-8),"west fork beaver creek, upstream of marathon road",Beaver Creek,STREAM,MAIN,TRUE,TRUE,TBD,FALSE
2022-07-25T15:00:00Z,15.629,beaver_creek_usgs_temp_3,60.65107,-151.09076,US/Alaska (UTC-9 / UTC-8),"west fork beaver creek, upstream of marathon road",Beaver Creek,STREAM,MAIN,TRUE,TRUE,TBD,FALSE
2022-07-25T15:15:00Z,15.676,beaver_creek_usgs_temp_3,60.65107,-151.09076,US/Alaska (UTC-9 / UTC-8),"west fork beaver creek, upstream of marathon road",Beaver Creek,STREAM,MAIN,TRUE,TRUE,TBD,FALSE
2022-07-25T15:30:00Z,15.724,beaver_creek_usgs_temp_3,60.65107,-151.09076,US/Alaska (UTC-9 / UTC-8),"west fork beaver creek, upstream of marathon road",Beaver Creek,STREAM,MAIN,TRUE,TRUE,TBD,FALSE
2022-07-25T15:45:00Z,15.772,beaver_creek_usgs_temp_3,60.65107,-151.09076,US/Alaska (UTC-9 / UTC-8),"west fork beaver creek, upstream of marathon road",Beaver Creek,STREAM,MAIN,TRUE,TRUE,TBD,FALSE
2022-07-25T16:00:00Z,15.676,beaver_creek_usgs_temp_3,60.65107,-151.09076,US/Alaska (UTC-9 / UTC-8),"west fork beaver creek, upstream of marathon road",Beaver Creek,STREAM,MAIN,TRUE,TRUE,TBD,FALSE
2022-07-25T16:15:00Z,15.652,beaver_creek_usgs_temp_3,60.65107,-151.09076,US/Alaska (UTC-9 / UTC-8),"west fork beaver creek, upstream of marathon road",Beaver Creek,STREAM,MAIN,TRUE,TRUE,TBD,FALSE
2022-07-25T16:30:00Z,15.676,beaver_creek_usgs_temp_3,60.65107,-151.09076,US/Alaska (UTC-9 / UTC-8),"west fork beaver creek, upstream of marathon road",Beaver Creek,STREAM,MAIN,TRUE,TRUE,TBD,FALSE
2022-07-25T16:45:00Z,15.652,beaver_creek_usgs_temp_3,60.65107,-151.09076,US/Alaska (UTC-9 / UTC-8),"west fork beaver creek, upstream of marathon road",Beaver Creek,STREAM,MAIN,TRUE,TRUE,TBD,FALSE
2022-07-25T17:00:00Z,15.629,beaver_creek_usgs_temp_3,60.65107,-151.09076,US/Alaska (UTC-9 / UTC-8),"west fork beaver creek, upstream of marathon road",Beaver Creek,STREAM,MAIN,TRUE,TRUE,TBD,FALSE
2022-07-25T17:15:00Z,15.796,beaver_creek_usgs_temp_3,60.65107,-151.09076,US/Alaska (UTC-9 / UTC-8),"west fork beaver creek, upstream of marathon road",Beaver Creek,STREAM,MAIN,TRUE,TRUE,TBD,FALSE
2022-07-25T17:30:00Z,15.891,beaver_creek_usgs_temp_3,60.65107,-151.09076,US/Alaska (UTC-9 / UTC-8),"west fork beaver creek, upstream of marathon road",Beaver Creek,STREAM,MAIN,TRUE,TRUE,TBD,FALSE
2022-07-25T17:45:00Z,15.939,beaver_creek_usgs_temp_3,60.65107,-151.09076,US/Alaska (UTC-9 / UTC-8),"west fork beaver creek, upstream of marathon road",Beaver Creek,STREAM,MAIN,TRUE,TRUE,TBD,FALSE
2022-07-25T18:00:00Z,16.034,beaver_creek_usgs_temp_3,60.65107,-151.09076,US/Alaska (UTC-9 / UTC-8),"west fork beaver creek, upstream of marathon road",Beaver Creek,STREAM,MAIN,TRUE,TRUE,TBD,FALSE
2022-07-25T18:15:00Z,16.106,beaver_creek_usgs_temp_3,60.65107,-151.09076,US/Alaska (UTC-9 / UTC-8),"west fork beaver creek, upstream of marathon road",Beaver Creek,STREAM,MAIN,TRUE,TRUE,TBD,FALSE
2022-07-25T18:30:00Z,16.01,beaver_creek_usgs_temp_3,60.65107,-151.09076,US/Alaska (UTC-9 / UTC-8),"west fork beaver creek, upstream of marathon road",Beaver Creek,STREAM,MAIN,TRUE,TRUE,TBD,FALSE
2022-07-25T18:45:00Z,16.01,beaver_creek_usgs_temp_3,60.65107,-151.09076,US/Alaska (UTC-9 / UTC-8),"west fork beaver creek, upstream of marathon road",Beaver Creek,STREAM,MAIN,TRUE,TRUE,TBD,FALSE
2022-07-25T19:00:00Z,16.106,beaver_creek_usgs_temp_3,60.65107,-151.09076,US/Alaska (UTC-9 / UTC-8),"west fork beaver creek, upstream of marathon road",Beaver Creek,STREAM,MAIN,TRUE,TRUE,TBD,FALSE
2022-07-25T19:15:00Z,16.058,beaver_creek_usgs_temp_3,60.65107,-151.09076,US/Alaska (UTC-9 / UTC-8),"west fork beaver creek, upstream of marathon road",Beaver Creek,STREAM,MAIN,TRUE,TRUE,TBD,FALSE
2022-07-25T19:30:00Z,16.034,beaver_creek_usgs_temp_3,60.65107,-151.09076,US/Alaska (UTC-9 / UTC-8),"west fork beaver creek, upstream of marathon road",Beaver Creek,STREAM,MAIN,TRUE,TRUE,TBD,FALSE
2022-07-25T19:45:00Z,15.986,beaver_creek_usgs_temp_3,60.65107,-151.09076,US/Alaska (UTC-9 / UTC-8),"west fork beaver creek, upstream of marathon road",Beaver Creek,STREAM,MAIN,TRUE,TRUE,TBD,FALSE
2022-07-25T20:00:00Z,15.963,beaver_creek_usgs_temp_3,60.65107,-151.09076,US/Alaska (UTC-9 / UTC-8),"west fork beaver creek, upstream of marathon road",Beaver Creek,STREAM,MAIN,TRUE,TRUE,TBD,FALSE
2022-07-25T20:15:00Z,15.843,beaver_creek_usgs_temp_3,60.65107,-151.09076,US/Alaska (UTC-9 / UTC-8),"west fork beaver creek, upstream of marathon road",Beaver Creek,STREAM,MAIN,TRUE,TRUE,TBD,FALSE
2022-07-25T20:30:00Z,15.772,beaver_creek_usgs_temp_3,60.65107,-151.09076,US/Alaska (UTC-9 / UTC-8),"west fork beaver creek, upstream of marathon road",Beaver Creek,STREAM,MAIN,TRUE,TRUE,TBD,FALSE
2022-07-25T20:45:00Z,15.652,beaver_creek_usgs_temp_3,60.65107,-151.09076,US/Alaska (UTC-9 / UTC-8),"west fork beaver creek, upstream of marathon road",Beaver Creek,STREAM,MAIN,TRUE,TRUE,TBD,FALSE
2022-07-25T21:00:00Z,15.557,beaver_creek_usgs_temp_3,60.65107,-151.09076,US/Alaska (UTC-9 / UTC-8),"west fork beaver creek, upstream of marathon road",Beaver Creek,STREAM,MAIN,TRUE,TRUE,TBD,FALSE
2022-07-25T21:15:00Z,15.461,beaver_creek_usgs_temp_3,60.65107,-151.09076,US/Alaska (UTC-9 / UTC-8),"west fork beaver creek, upstream of marathon road",Beaver Creek,STREAM,MAIN,TRUE,TRUE,TBD,FALSE
2022-07-25T21:30:00Z,15.342,beaver_creek_usgs_temp_3,60.65107,-151.09076,US/Alaska (UTC-9 / UTC-8),"west fork beaver creek, upstream of marathon road",Beaver Creek,STREAM,MAIN,TRUE,TRUE,TBD,FALSE
2022-07-25T21:45:00Z,15.247,beaver_creek_usgs_temp_3,60.65107,-151.09076,US/Alaska (UTC-9 / UTC-8),"west fork beaver creek, upstream of marathon road",Beaver Creek,STREAM,MAIN,TRUE,TRUE,TBD,FALSE
2022-07-25T22:00:00Z,15.127,beaver_creek_usgs_temp_3,60.65107,-151.09076,US/Alaska (UTC-9 / UTC-8),"west fork beaver creek, upstream of marathon road",Beaver Creek,STREAM,MAIN,TRUE,TRUE,TBD,FALSE
2022-07-25T22:15:00Z,15.031,beaver_creek_usgs_temp_3,60.65107,-151.09076,US/Alaska (UTC-9 / UTC-8),"west fork beaver creek, upstream of marathon road",Beaver Creek,STREAM,MAIN,TRUE,TRUE,TBD,FALSE
2022-07-25T22:30:00Z,14.96,beaver_creek_usgs_temp_3,60.65107,-151.09076,US/Alaska (UTC-9 / UTC-8),"west fork beaver creek, upstream of marathon road",Beaver Creek,STREAM,MAIN,TRUE,TRUE,TBD,FALSE
2022-07-25T22:45:00Z,14.888,beaver_creek_usgs_temp_3,60.65107,-151.09076,US/Alaska (UTC-9 / UTC-8),"west fork beaver creek, upstream of marathon road",Beaver Creek,STREAM,MAIN,TRUE,TRUE,TBD,FALSE
2022-07-25T23:00:00Z,14.816,beaver_creek_usgs_temp_3,60.65107,-151.09076,US/Alaska (UTC-9 / UTC-8),"west fork beaver creek, upstream of marathon road",Beaver Creek,STREAM,MAIN,TRUE,TRUE,TBD,FALSE
2022-07-25T23:15:00Z,14.721,beaver_creek_usgs_temp_3,60.65107,-151.09076,US/Alaska (UTC-9 / UTC-8),"west fork beaver creek, upstream of marathon road",Beaver Creek,STREAM,MAIN,TRUE,TRUE,TBD,FALSE
2022-07-25T23:30:00Z,14.625,beaver_creek_usgs_temp_3,60.65107,-151.09076,US/Alaska (UTC-9 / UTC-8),"west fork beaver creek, upstream of marathon road",Beaver Creek,STREAM,MAIN,TRUE,TRUE,TBD,FALSE
2022-07-25T23:45:00Z,14.553,beaver_creek_usgs_temp_3,60.65107,-151.09076,US/Alaska (UTC-9 / UTC-8),"west fork beaver creek, upstream of marathon road",Beaver Creek,STREAM,MAIN,TRUE,TRUE,TBD,FALSE
2022-07-26T00:00:00Z,14.457,beaver_creek_usgs_temp_3,60.65107,-151.09076,US/Alaska (UTC-9 / UTC-8),"west fork beaver creek, upstream of marathon road",Beaver Creek,STREAM,MAIN,TRUE,TRUE,TBD,FALSE
2022-07-26T00:15:00Z,14.385,beaver_creek_usgs_temp_3,60.65107,-151.09076,US/Alaska (UTC-9 / UTC-8),"west fork beaver creek, upstream of marathon road",Beaver Creek,STREAM,MAIN,TRUE,TRUE,TBD,FALSE
2022-07-26T00:30:00Z,14.29,beaver_creek_usgs_temp_3,60.65107,-151.09076,US/Alaska (UTC-9 / UTC-8),"west fork beaver creek, upstream of marathon road",Beaver Creek,STREAM,MAIN,TRUE,TRUE,TBD,FALSE
2022-07-26T00:45:00Z,14.194,beaver_creek_usgs_temp_3,60.65107,-151.09076,US/Alaska (UTC-9 / UTC-8),"west fork beaver creek, upstream of marathon road",Beaver Creek,STREAM,MAIN,TRUE,TRUE,TBD,FALSE
2022-07-26T01:00:00Z,14.098,beaver_creek_usgs_temp_3,60.65107,-151.09076,US/Alaska (UTC-9 / UTC-8),"west fork beaver creek, upstream of marathon road",Beaver Creek,STREAM,MAIN,TRUE,TRUE,TBD,FALSE
2022-07-26T01:15:00Z,14.05,beaver_creek_usgs_temp_3,60.65107,-151.09076,US/Alaska (UTC-9 / UTC-8),"west fork beaver creek, upstream of marathon road",Beaver Creek,STREAM,MAIN,TRUE,TRUE,TBD,FALSE
2022-07-26T01:30:00Z,13.954,beaver_creek_usgs_temp_3,60.65107,-151.09076,US/Alaska (UTC-9 / UTC-8),"west fork beaver creek, upstream of marathon road",Beaver Creek,STREAM,MAIN,TRUE,TRUE,TBD,FALSE
2022-07-26T01:45:00Z,13.882,beaver_creek_usgs_temp_3,60.65107,-151.09076,US/Alaska (UTC-9 / UTC-8),"west fork beaver creek, upstream of marathon road",Beaver Creek,STREAM,MAIN,TRUE,TRUE,TBD,FALSE
2022-07-26T02:00:00Z,13.81,beaver_creek_usgs_temp_3,60.65107,-151.09076,US/Alaska (UTC-9 / UTC-8),"west fork beaver creek, upstream of marathon road",Beaver Creek,STREAM,MAIN,TRUE,TRUE,TBD,FALSE
2022-07-26T02:15:00Z,13.738,beaver_creek_usgs_temp_3,60.65107,-151.09076,US/Alaska (UTC-9 / UTC-8),"west fork beaver creek, upstream of marathon road",Beaver Creek,STREAM,MAIN,TRUE,TRUE,TBD,FALSE
2022-07-26T02:30:00Z,13.642,beaver_creek_usgs_temp_3,60.65107,-151.09076,US/Alaska (UTC-9 / UTC-8),"west fork beaver creek, upstream of marathon road",Beaver Creek,STREAM,MAIN,TRUE,TRUE,TBD,FALSE
2022-07-26T02:45:00Z,13.57,beaver_creek_usgs_temp_3,60.65107,-151.09076,US/Alaska (UTC-9 / UTC-8),"west fork beaver creek, upstream of marathon road",Beaver Creek,STREAM,MAIN,TRUE,TRUE,TBD,FALSE
2022-07-26T03:00:00Z,13.473,beaver_creek_usgs_temp_3,60.65107,-151.09076,US/Alaska (UTC-9 / UTC-8),"west fork beaver creek, upstream of marathon road",Beaver Creek,STREAM,MAIN,TRUE,TRUE,TBD,FALSE
2022-07-26T03:15:00Z,13.377,beaver_creek_usgs_temp_3,60.65107,-151.09076,US/Alaska (UTC-9 / UTC-8),"west fork beaver creek, upstream of marathon road",Beaver Creek,STREAM,MAIN,TRUE,TRUE,TBD,FALSE
2022-07-26T03:30:00Z,13.305,beaver_creek_usgs_temp_3,60.65107,-151.09076,US/Alaska (UTC-9 / UTC-8),"west fork beaver creek, upstream of marathon road",Beaver Creek,STREAM,MAIN,TRUE,TRUE,TBD,FALSE
2022-07-26T03:45:00Z,13.233,beaver_creek_usgs_temp_3,60.65107,-151.09076,US/Alaska (UTC-9 / UTC-8),"west fork beaver creek, upstream of marathon road",Beaver Creek,STREAM,MAIN,TRUE,TRUE,TBD,FALSE
2022-07-26T04:00:00Z,13.161,beaver_creek_usgs_temp_3,60.65107,-151.09076,US/Alaska (UTC-9 / UTC-8),"west fork beaver creek, upstream of marathon road",Beaver Creek,STREAM,MAIN,TRUE,TRUE,TBD,FALSE
2022-07-26T04:15:00Z,13.088,beaver_creek_usgs_temp_3,60.65107,-151.09076,US/Alaska (UTC-9 / UTC-8),"west fork beaver creek, upstream of marathon road",Beaver Creek,STREAM,MAIN,TRUE,TRUE,TBD,FALSE
2022-07-26T04:30:00Z,12.992,beaver_creek_usgs_temp_3,60.65107,-151.09076,US/Alaska (UTC-9 / UTC-8),"west fork beaver creek, upstream of marathon road",Beaver Creek,STREAM,MAIN,TRUE,TRUE,TBD,FALSE
2022-07-26T04:45:00Z,12.896,beaver_creek_usgs_temp_3,60.65107,-151.09076,US/Alaska (UTC-9 / UTC-8),"west fork beaver creek, upstream of marathon road",Beaver Creek,STREAM,MAIN,TRUE,TRUE,TBD,FALSE
2022-07-26T05:00:00Z,12.799,beaver_creek_usgs_temp_3,60.65107,-151.09076,US/Alaska (UTC-9 / UTC-8),"west fork beaver creek, upstream of marathon road",Beaver Creek,STREAM,MAIN,TRUE,TRUE,TBD,FALSE
2022-07-26T05:15:00Z,12.727,beaver_creek_usgs_temp_3,60.65107,-151.09076,US/Alaska (UTC-9 / UTC-8),"west fork beaver creek, upstream of marathon road",Beaver Creek,STREAM,MAIN,TRUE,TRUE,TBD,FALSE
2022-07-26T05:30:00Z,12.654,beaver_creek_usgs_temp_3,60.65107,-151.09076,US/Alaska (UTC-9 / UTC-8),"west fork beaver creek, upstream of marathon road",Beaver Creek,STREAM,MAIN,TRUE,TRUE,TBD,FALSE
2022-07-26T05:45:00Z,12.582,beaver_creek_usgs_temp_3,60.65107,-151.09076,US/Alaska (UTC-9 / UTC-8),"west fork beaver creek, upstream of marathon road",Beaver Creek,STREAM,MAIN,TRUE,TRUE,TBD,FALSE
2022-07-26T06:00:00Z,12.485,beaver_creek_usgs_temp_3,60.65107,-151.09076,US/Alaska (UTC-9 / UTC-8),"west fork beaver creek, upstream of marathon road",Beaver Creek,STREAM,MAIN,TRUE,TRUE,TBD,FALSE
2022-07-26T06:15:00Z,12.437,beaver_creek_usgs_temp_3,60.65107,-151.09076,US/Alaska (UTC-9 / UTC-8),"west fork beaver creek, upstream of marathon road",Beaver Creek,STREAM,MAIN,TRUE,TRUE,TBD,FALSE
2022-07-26T06:30:00Z,12.364,beaver_creek_usgs_temp_3,60.65107,-151.09076,US/Alaska (UTC-9 / UTC-8),"west fork beaver creek, upstream of marathon road",Beaver Creek,STREAM,MAIN,TRUE,TRUE,TBD,FALSE
2022-07-26T06:45:00Z,12.268,beaver_creek_usgs_temp_3,60.65107,-151.09076,US/Alaska (UTC-9 / UTC-8),"west fork beaver creek, upstream of marathon road",Beaver Creek,STREAM,MAIN,TRUE,TRUE,TBD,FALSE
2022-07-26T07:00:00Z,12.219,beaver_creek_usgs_temp_3,60.65107,-151.09076,US/Alaska (UTC-9 / UTC-8),"west fork beaver creek, upstream of marathon road",Beaver Creek,STREAM,MAIN,TRUE,TRUE,TBD,FALSE
2022-07-26T07:15:00Z,12.171,beaver_creek_usgs_temp_3,60.65107,-151.09076,US/Alaska (UTC-9 / UTC-8),"west fork beaver creek, upstream of marathon road",Beaver Creek,STREAM,MAIN,TRUE,TRUE,TBD,FALSE
2022-07-26T07:30:00Z,12.122,beaver_creek_usgs_temp_3,60.65107,-151.09076,US/Alaska (UTC-9 / UTC-8),"west fork beaver creek, upstream of marathon road",Beaver Creek,STREAM,MAIN,TRUE,TRUE,TBD,FALSE
2022-07-26T07:45:00Z,12.098,beaver_creek_usgs_temp_3,60.65107,-151.09076,US/Alaska (UTC-9 / UTC-8),"west fork beaver creek, upstream of marathon road",Beaver Creek,STREAM,MAIN,TRUE,TRUE,TBD,FALSE
2022-07-26T08:00:00Z,12.05,beaver_creek_usgs_temp_3,60.65107,-151.09076,US/Alaska (UTC-9 / UTC-8),"west fork beaver creek, upstream of marathon road",Beaver Creek,STREAM,MAIN,TRUE,TRUE,TBD,FALSE
2022-07-26T08:15:00Z,12.025,beaver_creek_usgs_temp_3,60.65107,-151.09076,US/Alaska (UTC-9 / UTC-8),"west fork beaver creek, upstream of marathon road",Beaver Creek,STREAM,MAIN,TRUE,TRUE,TBD,FALSE
2022-07-26T08:30:00Z,12.025,beaver_creek_usgs_temp_3,60.65107,-151.09076,US/Alaska (UTC-9 / UTC-8),"west fork beaver creek, upstream of marathon road",Beaver Creek,STREAM,MAIN,TRUE,TRUE,TBD,FALSE
2022-07-26T08:45:00Z,12.025,beaver_creek_usgs_temp_3,60.65107,-151.09076,US/Alaska (UTC-9 / UTC-8),"west fork beaver creek, upstream of marathon road",Beaver Creek,STREAM,MAIN,TRUE,TRUE,TBD,FALSE
2022-07-26T09:00:00Z,12.05,beaver_creek_usgs_temp_3,60.65107,-151.09076,US/Alaska (UTC-9 / UTC-8),"west fork beaver creek, upstream of marathon road",Beaver Creek,STREAM,MAIN,TRUE,TRUE,TBD,FALSE
2022-07-26T09:15:00Z,12.074,beaver_creek_usgs_temp_3,60.65107,-151.09076,US/Alaska (UTC-9 / UTC-8),"west fork beaver creek, upstream of marathon road",Beaver Creek,STREAM,MAIN,TRUE,TRUE,TBD,FALSE
2022-07-26T09:30:00Z,12.122,beaver_creek_usgs_temp_3,60.65107,-151.09076,US/Alaska (UTC-9 / UTC-8),"west fork beaver creek, upstream of marathon road",Beaver Creek,STREAM,MAIN,TRUE,TRUE,TBD,FALSE
2022-07-26T09:45:00Z,12.147,beaver_creek_usgs_temp_3,60.65107,-151.09076,US/Alaska (UTC-9 / UTC-8),"west fork beaver creek, upstream of marathon road",Beaver Creek,STREAM,MAIN,TRUE,TRUE,TBD,FALSE
2022-07-26T10:00:00Z,12.195,beaver_creek_usgs_temp_3,60.65107,-151.09076,US/Alaska (UTC-9 / UTC-8),"west fork beaver creek, upstream of marathon road",Beaver Creek,STREAM,MAIN,TRUE,TRUE,TBD,FALSE
2022-07-26T10:15:00Z,12.268,beaver_creek_usgs_temp_3,60.65107,-151.09076,US/Alaska (UTC-9 / UTC-8),"west fork beaver creek, upstream of marathon road",Beaver Creek,STREAM,MAIN,TRUE,TRUE,TBD,FALSE
2022-07-26T10:30:00Z,12.364,beaver_creek_usgs_temp_3,60.65107,-151.09076,US/Alaska (UTC-9 / UTC-8),"west fork beaver creek, upstream of marathon road",Beaver Creek,STREAM,MAIN,TRUE,TRUE,TBD,FALSE
2022-07-26T10:45:00Z,12.413,beaver_creek_usgs_temp_3,60.65107,-151.09076,US/Alaska (UTC-9 / UTC-8),"west fork beaver creek, upstream of marathon road",Beaver Creek,STREAM,MAIN,TRUE,TRUE,TBD,FALSE
2022-07-26T11:00:00Z,12.485,beaver_creek_usgs_temp_3,60.65107,-151.09076,US/Alaska (UTC-9 / UTC-8),"west fork beaver creek, upstream of marathon road",Beaver Creek,STREAM,MAIN,TRUE,TRUE,TBD,FALSE
2022-07-26T11:15:00Z,12.558,beaver_creek_usgs_temp_3,60.65107,-151.09076,US/Alaska (UTC-9 / UTC-8),"west fork beaver creek, upstream of marathon road",Beaver Creek,STREAM,MAIN,TRUE,TRUE,TBD,FALSE
2022-07-26T11:30:00Z,12.678,beaver_creek_usgs_temp_3,60.65107,-151.09076,US/Alaska (UTC-9 / UTC-8),"west fork beaver creek, upstream of marathon road",Beaver Creek,STREAM,MAIN,TRUE,TRUE,TBD,FALSE
2022-07-26T11:45:00Z,12.823,beaver_creek_usgs_temp_3,60.65107,-151.09076,US/Alaska (UTC-9 / UTC-8),"west fork beaver creek, upstream of marathon road",Beaver Creek,STREAM,MAIN,TRUE,TRUE,TBD,FALSE
2022-07-26T12:00:00Z,12.944,beaver_creek_usgs_temp_3,60.65107,-151.09076,US/Alaska (UTC-9 / UTC-8),"west fork beaver creek, upstream of marathon road",Beaver Creek,STREAM,MAIN,TRUE,TRUE,TBD,FALSE
2022-07-26T12:15:00Z,13.04,beaver_creek_usgs_temp_3,60.65107,-151.09076,US/Alaska (UTC-9 / UTC-8),"west fork beaver creek, upstream of marathon road",Beaver Creek,STREAM,MAIN,TRUE,TRUE,TBD,FALSE
2022-07-26T12:30:00Z,13.088,beaver_creek_usgs_temp_3,60.65107,-151.09076,US/Alaska (UTC-9 / UTC-8),"west fork beaver creek, upstream of marathon road",Beaver Creek,STREAM,MAIN,TRUE,TRUE,TBD,FALSE
2022-07-26T12:45:00Z,13.233,beaver_creek_usgs_temp_3,60.65107,-151.09076,US/Alaska (UTC-9 / UTC-8),"west fork beaver creek, upstream of marathon road",Beaver Creek,STREAM,MAIN,TRUE,TRUE,TBD,FALSE
2022-07-26T13:00:00Z,13.377,beaver_creek_usgs_temp_3,60.65107,-151.09076,US/Alaska (UTC-9 / UTC-8),"west fork beaver creek, upstream of marathon road",Beaver Creek,STREAM,MAIN,TRUE,TRUE,TBD,FALSE
2022-07-26T13:15:00Z,13.546,beaver_creek_usgs_temp_3,60.65107,-151.09076,US/Alaska (UTC-9 / UTC-8),"west fork beaver creek, upstream of marathon road",Beaver Creek,STREAM,MAIN,TRUE,TRUE,TBD,FALSE
2022-07-26T13:30:00Z,13.642,beaver_creek_usgs_temp_3,60.65107,-151.09076,US/Alaska (UTC-9 / UTC-8),"west fork beaver creek, upstream of marathon road",Beaver Creek,STREAM,MAIN,TRUE,TRUE,TBD,FALSE
2022-07-26T13:45:00Z,13.714,beaver_creek_usgs_temp_3,60.65107,-151.09076,US/Alaska (UTC-9 / UTC-8),"west fork beaver creek, upstream of marathon road",Beaver Creek,STREAM,MAIN,TRUE,TRUE,TBD,FALSE
2022-07-26T14:00:00Z,13.882,beaver_creek_usgs_temp_3,60.65107,-151.09076,US/Alaska (UTC-9 / UTC-8),"west fork beaver creek, upstream of marathon road",Beaver Creek,STREAM,MAIN,TRUE,TRUE,TBD,FALSE
2022-07-26T14:15:00Z,14.05,beaver_creek_usgs_temp_3,60.65107,-151.09076,US/Alaska (UTC-9 / UTC-8),"west fork beaver creek, upstream of marathon road",Beaver Creek,STREAM,MAIN,TRUE,TRUE,TBD,FALSE
2022-07-26T14:30:00Z,14.122,beaver_creek_usgs_temp_3,60.65107,-151.09076,US/Alaska (UTC-9 / UTC-8),"west fork beaver creek, upstream of marathon road",Beaver Creek,STREAM,MAIN,TRUE,TRUE,TBD,FALSE
2022-07-26T14:45:00Z,14.17,beaver_creek_usgs_temp_3,60.65107,-151.09076,US/Alaska (UTC-9 / UTC-8),"west fork beaver creek, upstream of marathon road",Beaver Creek,STREAM,MAIN,TRUE,TRUE,TBD,FALSE
2022-07-26T15:00:00Z,14.242,beaver_creek_usgs_temp_3,60.65107,-151.09076,US/Alaska (UTC-9 / UTC-8),"west fork beaver creek, upstream of marathon road",Beaver Creek,STREAM,MAIN,TRUE,TRUE,TBD,FALSE
2022-07-26T15:15:00Z,14.361,beaver_creek_usgs_temp_3,60.65107,-151.09076,US/Alaska (UTC-9 / UTC-8),"west fork beaver creek, upstream of marathon road",Beaver Creek,STREAM,MAIN,TRUE,TRUE,TBD,FALSE
2022-07-26T15:30:00Z,14.505,beaver_creek_usgs_temp_3,60.65107,-151.09076,US/Alaska (UTC-9 / UTC-8),"west fork beaver creek, upstream of marathon road",Beaver Creek,STREAM,MAIN,TRUE,TRUE,TBD,FALSE
2022-07-26T15:45:00Z,14.673,beaver_creek_usgs_temp_3,60.65107,-151.09076,US/Alaska (UTC-9 / UTC-8),"west fork beaver creek, upstream of marathon road",Beaver Creek,STREAM,MAIN,TRUE,TRUE,TBD,FALSE
2022-07-26T16:00:00Z,14.768,beaver_creek_usgs_temp_3,60.65107,-151.09076,US/Alaska (UTC-9 / UTC-8),"west fork beaver creek, upstream of marathon road",Beaver Creek,STREAM,MAIN,TRUE,TRUE,TBD,FALSE
2022-07-26T16:15:00Z,14.864,beaver_creek_usgs_temp_3,60.65107,-151.09076,US/Alaska (UTC-9 / UTC-8),"west fork beaver creek, upstream of marathon road",Beaver Creek,STREAM,MAIN,TRUE,TRUE,TBD,FALSE
2022-07-26T16:30:00Z,14.96,beaver_creek_usgs_temp_3,60.65107,-151.09076,US/Alaska (UTC-9 / UTC-8),"west fork beaver creek, upstream of marathon road",Beaver Creek,STREAM,MAIN,TRUE,TRUE,TBD,FALSE
2022-07-26T16:45:00Z,15.055,beaver_creek_usgs_temp_3,60.65107,-151.09076,US/Alaska (UTC-9 / UTC-8),"west fork beaver creek, upstream of marathon road",Beaver Creek,STREAM,MAIN,TRUE,TRUE,TBD,FALSE
2022-07-26T17:00:00Z,15.127,beaver_creek_usgs_temp_3,60.65107,-151.09076,US/Alaska (UTC-9 / UTC-8),"west fork beaver creek, upstream of marathon road",Beaver Creek,STREAM,MAIN,TRUE,TRUE,TBD,FALSE
2022-07-26T17:15:00Z,15.223,beaver_creek_usgs_temp_3,60.65107,-151.09076,US/Alaska (UTC-9 / UTC-8),"west fork beaver creek, upstream of marathon road",Beaver Creek,STREAM,MAIN,TRUE,TRUE,TBD,FALSE
2022-07-26T17:30:00Z,15.247,beaver_creek_usgs_temp_3,60.65107,-151.09076,US/Alaska (UTC-9 / UTC-8),"west fork beaver creek, upstream of marathon road",Beaver Creek,STREAM,MAIN,TRUE,TRUE,TBD,FALSE
2022-07-26T17:45:00Z,15.294,beaver_creek_usgs_temp_3,60.65107,-151.09076,US/Alaska (UTC-9 / UTC-8),"west fork beaver creek, upstream of marathon road",Beaver Creek,STREAM,MAIN,TRUE,TRUE,TBD,FALSE
2022-07-26T18:00:00Z,15.318,beaver_creek_usgs_temp_3,60.65107,-151.09076,US/Alaska (UTC-9 / UTC-8),"west fork beaver creek, upstream of marathon road",Beaver Creek,STREAM,MAIN,TRUE,TRUE,TBD,FALSE
2022-07-26T18:15:00Z,15.342,beaver_creek_usgs_temp_3,60.65107,-151.09076,US/Alaska (UTC-9 / UTC-8),"west fork beaver creek, upstream of marathon road",Beaver Creek,STREAM,MAIN,TRUE,TRUE,TBD,FALSE
2022-07-26T18:30:00Z,15.366,beaver_creek_usgs_temp_3,60.65107,-151.09076,US/Alaska (UTC-9 / UTC-8),"west fork beaver creek, upstream of marathon road",Beaver Creek,STREAM,MAIN,TRUE,TRUE,TBD,FALSE
2022-07-26T18:45:00Z,15.366,beaver_creek_usgs_temp_3,60.65107,-151.09076,US/Alaska (UTC-9 / UTC-8),"west fork beaver creek, upstream of marathon road",Beaver Creek,STREAM,MAIN,TRUE,TRUE,TBD,FALSE
2022-07-26T19:00:00Z,15.342,beaver_creek_usgs_temp_3,60.65107,-151.09076,US/Alaska (UTC-9 / UTC-8),"west fork beaver creek, upstream of marathon road",Beaver Creek,STREAM,MAIN,TRUE,TRUE,TBD,FALSE
2022-07-26T19:15:00Z,15.294,beaver_creek_usgs_temp_3,60.65107,-151.09076,US/Alaska (UTC-9 / UTC-8),"west fork beaver creek, upstream of marathon road",Beaver Creek,STREAM,MAIN,TRUE,TRUE,TBD,FALSE
2022-07-26T19:30:00Z,15.294,beaver_creek_usgs_temp_3,60.65107,-151.09076,US/Alaska (UTC-9 / UTC-8),"west fork beaver creek, upstream of marathon road",Beaver Creek,STREAM,MAIN,TRUE,TRUE,TBD,FALSE
2022-07-26T19:45:00Z,15.294,beaver_creek_usgs_temp_3,60.65107,-151.09076,US/Alaska (UTC-9 / UTC-8),"west fork beaver creek, upstream of marathon road",Beaver Creek,STREAM,MAIN,TRUE,TRUE,TBD,FALSE
2022-07-26T20:00:00Z,15.294,beaver_creek_usgs_temp_3,60.65107,-151.09076,US/Alaska (UTC-9 / UTC-8),"west fork beaver creek, upstream of marathon road",Beaver Creek,STREAM,MAIN,TRUE,TRUE,TBD,FALSE
2022-07-26T20:15:00Z,15.294,beaver_creek_usgs_temp_3,60.65107,-151.09076,US/Alaska (UTC-9 / UTC-8),"west fork beaver creek, upstream of marathon road",Beaver Creek,STREAM,MAIN,TRUE,TRUE,TBD,FALSE
2022-07-26T20:30:00Z,15.27,beaver_creek_usgs_temp_3,60.65107,-151.09076,US/Alaska (UTC-9 / UTC-8),"west fork beaver creek, upstream of marathon road",Beaver Creek,STREAM,MAIN,TRUE,TRUE,TBD,FALSE
2022-07-26T20:45:00Z,15.247,beaver_creek_usgs_temp_3,60.65107,-151.09076,US/Alaska (UTC-9 / UTC-8),"west fork beaver creek, upstream of marathon road",Beaver Creek,STREAM,MAIN,TRUE,TRUE,TBD,FALSE
2022-07-26T21:00:00Z,15.223,beaver_creek_usgs_temp_3,60.65107,-151.09076,US/Alaska (UTC-9 / UTC-8),"west fork beaver creek, upstream of marathon road",Beaver Creek,STREAM,MAIN,TRUE,TRUE,TBD,FALSE
2022-07-26T21:15:00Z,15.199,beaver_creek_usgs_temp_3,60.65107,-151.09076,US/Alaska (UTC-9 / UTC-8),"west fork beaver creek, upstream of marathon road",Beaver Creek,STREAM,MAIN,TRUE,TRUE,TBD,FALSE
2022-07-26T21:30:00Z,15.175,beaver_creek_usgs_temp_3,60.65107,-151.09076,US/Alaska (UTC-9 / UTC-8),"west fork beaver creek, upstream of marathon road",Beaver Creek,STREAM,MAIN,TRUE,TRUE,TBD,FALSE
2022-07-26T21:45:00Z,15.127,beaver_creek_usgs_temp_3,60.65107,-151.09076,US/Alaska (UTC-9 / UTC-8),"west fork beaver creek, upstream of marathon road",Beaver Creek,STREAM,MAIN,TRUE,TRUE,TBD,FALSE
2022-07-26T22:00:00Z,15.103,beaver_creek_usgs_temp_3,60.65107,-151.09076,US/Alaska (UTC-9 / UTC-8),"west fork beaver creek, upstream of marathon road",Beaver Creek,STREAM,MAIN,TRUE,TRUE,TBD,FALSE
2022-07-26T22:15:00Z,15.055,beaver_creek_usgs_temp_3,60.65107,-151.09076,US/Alaska (UTC-9 / UTC-8),"west fork beaver creek, upstream of marathon road",Beaver Creek,STREAM,MAIN,TRUE,TRUE,TBD,FALSE
2022-07-26T22:30:00Z,15.008,beaver_creek_usgs_temp_3,60.65107,-151.09076,US/Alaska (UTC-9 / UTC-8),"west fork beaver creek, upstream of marathon road",Beaver Creek,STREAM,MAIN,TRUE,TRUE,TBD,FALSE
2022-07-26T22:45:00Z,14.936,beaver_creek_usgs_temp_3,60.65107,-151.09076,US/Alaska (UTC-9 / UTC-8),"west fork beaver creek, upstream of marathon road",Beaver Creek,STREAM,MAIN,TRUE,TRUE,TBD,FALSE
2022-07-26T23:00:00Z,14.84,beaver_creek_usgs_temp_3,60.65107,-151.09076,US/Alaska (UTC-9 / UTC-8),"west fork beaver creek, upstream of marathon road",Beaver Creek,STREAM,MAIN,TRUE,TRUE,TBD,FALSE
2022-07-26T23:15:00Z,14.768,beaver_creek_usgs_temp_3,60.65107,-151.09076,US/Alaska (UTC-9 / UTC-8),"west fork beaver creek, upstream of marathon road",Beaver Creek,STREAM,MAIN,TRUE,TRUE,TBD,FALSE
2022-07-26T23:30:00Z,14.673,beaver_creek_usgs_temp_3,60.65107,-151.09076,US/Alaska (UTC-9 / UTC-8),"west fork beaver creek, upstream of marathon road",Beaver Creek,STREAM,MAIN,TRUE,TRUE,TBD,FALSE
2022-07-26T23:45:00Z,14.601,beaver_creek_usgs_temp_3,60.65107,-151.09076,US/Alaska (UTC-9 / UTC-8),"west fork beaver creek, upstream of marathon road",Beaver Creek,STREAM,MAIN,TRUE,TRUE,TBD,FALSE
2022-07-27T00:00:00Z,14.529,beaver_creek_usgs_temp_3,60.65107,-151.09076,US/Alaska (UTC-9 / UTC-8),"west fork beaver creek, upstream of marathon road",Beaver Creek,STREAM,MAIN,TRUE,TRUE,TBD,FALSE
2022-07-27T00:15:00Z,14.433,beaver_creek_usgs_temp_3,60.65107,-151.09076,US/Alaska (UTC-9 / UTC-8),"west fork beaver creek, upstream of marathon road",Beaver Creek,STREAM,MAIN,TRUE,TRUE,TBD,FALSE
2022-07-27T00:30:00Z,14.314,beaver_creek_usgs_temp_3,60.65107,-151.09076,US/Alaska (UTC-9 / UTC-8),"west fork beaver creek, upstream of marathon road",Beaver Creek,STREAM,MAIN,TRUE,TRUE,TBD,FALSE
2022-07-27T00:45:00Z,14.242,beaver_creek_usgs_temp_3,60.65107,-151.09076,US/Alaska (UTC-9 / UTC-8),"west fork beaver creek, upstream of marathon road",Beaver Creek,STREAM,MAIN,TRUE,TRUE,TBD,FALSE
2022-07-27T01:00:00Z,14.146,beaver_creek_usgs_temp_3,60.65107,-151.09076,US/Alaska (UTC-9 / UTC-8),"west fork beaver creek, upstream of marathon road",Beaver Creek,STREAM,MAIN,TRUE,TRUE,TBD,FALSE
2022-07-27T01:15:00Z,14.026,beaver_creek_usgs_temp_3,60.65107,-151.09076,US/Alaska (UTC-9 / UTC-8),"west fork beaver creek, upstream of marathon road",Beaver Creek,STREAM,MAIN,TRUE,TRUE,TBD,FALSE
2022-07-27T01:30:00Z,13.954,beaver_creek_usgs_temp_3,60.65107,-151.09076,US/Alaska (UTC-9 / UTC-8),"west fork beaver creek, upstream of marathon road",Beaver Creek,STREAM,MAIN,TRUE,TRUE,TBD,FALSE
2022-07-27T01:45:00Z,13.858,beaver_creek_usgs_temp_3,60.65107,-151.09076,US/Alaska (UTC-9 / UTC-8),"west fork beaver creek, upstream of marathon road",Beaver Creek,STREAM,MAIN,TRUE,TRUE,TBD,FALSE
2022-07-27T02:00:00Z,13.762,beaver_creek_usgs_temp_3,60.65107,-151.09076,US/Alaska (UTC-9 / UTC-8),"west fork beaver creek, upstream of marathon road",Beaver Creek,STREAM,MAIN,TRUE,TRUE,TBD,FALSE
2022-07-27T02:15:00Z,13.69,beaver_creek_usgs_temp_3,60.65107,-151.09076,US/Alaska (UTC-9 / UTC-8),"west fork beaver creek, upstream of marathon road",Beaver Creek,STREAM,MAIN,TRUE,TRUE,TBD,FALSE
2022-07-27T02:30:00Z,13.57,beaver_creek_usgs_temp_3,60.65107,-151.09076,US/Alaska (UTC-9 / UTC-8),"west fork beaver creek, upstream of marathon road",Beaver Creek,STREAM,MAIN,TRUE,TRUE,TBD,FALSE
2022-07-27T02:45:00Z,13.473,beaver_creek_usgs_temp_3,60.65107,-151.09076,US/Alaska (UTC-9 / UTC-8),"west fork beaver creek, upstream of marathon road",Beaver Creek,STREAM,MAIN,TRUE,TRUE,TBD,FALSE
2022-07-27T03:00:00Z,13.377,beaver_creek_usgs_temp_3,60.65107,-151.09076,US/Alaska (UTC-9 / UTC-8),"west fork beaver creek, upstream of marathon road",Beaver Creek,STREAM,MAIN,TRUE,TRUE,TBD,FALSE
2022-07-27T03:15:00Z,13.281,beaver_creek_usgs_temp_3,60.65107,-151.09076,US/Alaska (UTC-9 / UTC-8),"west fork beaver creek, upstream of marathon road",Beaver Creek,STREAM,MAIN,TRUE,TRUE,TBD,FALSE
2022-07-27T03:30:00Z,13.185,beaver_creek_usgs_temp_3,60.65107,-151.09076,US/Alaska (UTC-9 / UTC-8),"west fork beaver creek, upstream of marathon road",Beaver Creek,STREAM,MAIN,TRUE,TRUE,TBD,FALSE
2022-07-27T03:45:00Z,13.088,beaver_creek_usgs_temp_3,60.65107,-151.09076,US/Alaska (UTC-9 / UTC-8),"west fork beaver creek, upstream of marathon road",Beaver Creek,STREAM,MAIN,TRUE,TRUE,TBD,FALSE
2022-07-27T04:00:00Z,12.992,beaver_creek_usgs_temp_3,60.65107,-151.09076,US/Alaska (UTC-9 / UTC-8),"west fork beaver creek, upstream of marathon road",Beaver Creek,STREAM,MAIN,TRUE,TRUE,TBD,FALSE
2022-07-27T04:15:00Z,12.896,beaver_creek_usgs_temp_3,60.65107,-151.09076,US/Alaska (UTC-9 / UTC-8),"west fork beaver creek, upstream of marathon road",Beaver Creek,STREAM,MAIN,TRUE,TRUE,TBD,FALSE
2022-07-27T04:30:00Z,12.799,beaver_creek_usgs_temp_3,60.65107,-151.09076,US/Alaska (UTC-9 / UTC-8),"west fork beaver creek, upstream of marathon road",Beaver Creek,STREAM,MAIN,TRUE,TRUE,TBD,FALSE
2022-07-27T04:45:00Z,12.703,beaver_creek_usgs_temp_3,60.65107,-151.09076,US/Alaska (UTC-9 / UTC-8),"west fork beaver creek, upstream of marathon road",Beaver Creek,STREAM,MAIN,TRUE,TRUE,TBD,FALSE
2022-07-27T05:00:00Z,12.606,beaver_creek_usgs_temp_3,60.65107,-151.09076,US/Alaska (UTC-9 / UTC-8),"west fork beaver creek, upstream of marathon road",Beaver Creek,STREAM,MAIN,TRUE,TRUE,TBD,FALSE
2022-07-27T05:15:00Z,12.509,beaver_creek_usgs_temp_3,60.65107,-151.09076,US/Alaska (UTC-9 / UTC-8),"west fork beaver creek, upstream of marathon road",Beaver Creek,STREAM,MAIN,TRUE,TRUE,TBD,FALSE
2022-07-27T05:30:00Z,12.413,beaver_creek_usgs_temp_3,60.65107,-151.09076,US/Alaska (UTC-9 / UTC-8),"west fork beaver creek, upstream of marathon road",Beaver Creek,STREAM,MAIN,TRUE,TRUE,TBD,FALSE
2022-07-27T05:45:00Z,12.34,beaver_creek_usgs_temp_3,60.65107,-151.09076,US/Alaska (UTC-9 / UTC-8),"west fork beaver creek, upstream of marathon road",Beaver Creek,STREAM,MAIN,TRUE,TRUE,TBD,FALSE
2022-07-27T06:00:00Z,12.243,beaver_creek_usgs_temp_3,60.65107,-151.09076,US/Alaska (UTC-9 / UTC-8),"west fork beaver creek, upstream of marathon road",Beaver Creek,STREAM,MAIN,TRUE,TRUE,TBD,FALSE
2022-07-27T06:15:00Z,12.171,beaver_creek_usgs_temp_3,60.65107,-151.09076,US/Alaska (UTC-9 / UTC-8),"west fork beaver creek, upstream of marathon road",Beaver Creek,STREAM,MAIN,TRUE,TRUE,TBD,FALSE
2022-07-27T06:30:00Z,12.098,beaver_creek_usgs_temp_3,60.65107,-151.09076,US/Alaska (UTC-9 / UTC-8),"west fork beaver creek, upstream of marathon road",Beaver Creek,STREAM,MAIN,TRUE,TRUE,TBD,FALSE
2022-07-27T06:45:00Z,12.025,beaver_creek_usgs_temp_3,60.65107,-151.09076,US/Alaska (UTC-9 / UTC-8),"west fork beaver creek, upstream of marathon road",Beaver Creek,STREAM,MAIN,TRUE,TRUE,TBD,FALSE
2022-07-27T07:00:00Z,11.977,beaver_creek_usgs_temp_3,60.65107,-151.09076,US/Alaska (UTC-9 / UTC-8),"west fork beaver creek, upstream of marathon road",Beaver Creek,STREAM,MAIN,TRUE,TRUE,TBD,FALSE
2022-07-27T07:15:00Z,11.929,beaver_creek_usgs_temp_3,60.65107,-151.09076,US/Alaska (UTC-9 / UTC-8),"west fork beaver creek, upstream of marathon road",Beaver Creek,STREAM,MAIN,TRUE,TRUE,TBD,FALSE
2022-07-27T07:30:00Z,11.88,beaver_creek_usgs_temp_3,60.65107,-151.09076,US/Alaska (UTC-9 / UTC-8),"west fork beaver creek, upstream of marathon road",Beaver Creek,STREAM,MAIN,TRUE,TRUE,TBD,FALSE
2022-07-27T07:45:00Z,11.832,beaver_creek_usgs_temp_3,60.65107,-151.09076,US/Alaska (UTC-9 / UTC-8),"west fork beaver creek, upstream of marathon road",Beaver Creek,STREAM,MAIN,TRUE,TRUE,TBD,FALSE
2022-07-27T08:00:00Z,11.832,beaver_creek_usgs_temp_3,60.65107,-151.09076,US/Alaska (UTC-9 / UTC-8),"west fork beaver creek, upstream of marathon road",Beaver Creek,STREAM,MAIN,TRUE,TRUE,TBD,FALSE
2022-07-27T08:15:00Z,11.832,beaver_creek_usgs_temp_3,60.65107,-151.09076,US/Alaska (UTC-9 / UTC-8),"west fork beaver creek, upstream of marathon road",Beaver Creek,STREAM,MAIN,TRUE,TRUE,TBD,FALSE
2022-07-27T08:30:00Z,11.832,beaver_creek_usgs_temp_3,60.65107,-151.09076,US/Alaska (UTC-9 / UTC-8),"west fork beaver creek, upstream of marathon road",Beaver Creek,STREAM,MAIN,TRUE,TRUE,TBD,FALSE
2022-07-27T08:45:00Z,11.88,beaver_creek_usgs_temp_3,60.65107,-151.09076,US/Alaska (UTC-9 / UTC-8),"west fork beaver creek, upstream of marathon road",Beaver Creek,STREAM,MAIN,TRUE,TRUE,TBD,FALSE
2022-07-27T09:00:00Z,11.929,beaver_creek_usgs_temp_3,60.65107,-151.09076,US/Alaska (UTC-9 / UTC-8),"west fork beaver creek, upstream of marathon road",Beaver Creek,STREAM,MAIN,TRUE,TRUE,TBD,FALSE
2022-07-27T09:15:00Z,12.001,beaver_creek_usgs_temp_3,60.65107,-151.09076,US/Alaska (UTC-9 / UTC-8),"west fork beaver creek, upstream of marathon road",Beaver Creek,STREAM,MAIN,TRUE,TRUE,TBD,FALSE
2022-07-27T09:30:00Z,12.074,beaver_creek_usgs_temp_3,60.65107,-151.09076,US/Alaska (UTC-9 / UTC-8),"west fork beaver creek, upstream of marathon road",Beaver Creek,STREAM,MAIN,TRUE,TRUE,TBD,FALSE
2022-07-27T09:45:00Z,12.171,beaver_creek_usgs_temp_3,60.65107,-151.09076,US/Alaska (UTC-9 / UTC-8),"west fork beaver creek, upstream of marathon road",Beaver Creek,STREAM,MAIN,TRUE,TRUE,TBD,FALSE
2022-07-27T10:00:00Z,12.268,beaver_creek_usgs_temp_3,60.65107,-151.09076,US/Alaska (UTC-9 / UTC-8),"west fork beaver creek, upstream of marathon road",Beaver Creek,STREAM,MAIN,TRUE,TRUE,TBD,FALSE
2022-07-27T10:15:00Z,12.364,beaver_creek_usgs_temp_3,60.65107,-151.09076,US/Alaska (UTC-9 / UTC-8),"west fork beaver creek, upstream of marathon road",Beaver Creek,STREAM,MAIN,TRUE,TRUE,TBD,FALSE
2022-07-27T10:30:00Z,12.461,beaver_creek_usgs_temp_3,60.65107,-151.09076,US/Alaska (UTC-9 / UTC-8),"west fork beaver creek, upstream of marathon road",Beaver Creek,STREAM,MAIN,TRUE,TRUE,TBD,FALSE
2022-07-27T10:45:00Z,12.582,beaver_creek_usgs_temp_3,60.65107,-151.09076,US/Alaska (UTC-9 / UTC-8),"west fork beaver creek, upstream of marathon road",Beaver Creek,STREAM,MAIN,TRUE,TRUE,TBD,FALSE
2022-07-27T11:00:00Z,12.703,beaver_creek_usgs_temp_3,60.65107,-151.09076,US/Alaska (UTC-9 / UTC-8),"west fork beaver creek, upstream of marathon road",Beaver Creek,STREAM,MAIN,TRUE,TRUE,TBD,FALSE
2022-07-27T11:15:00Z,12.823,beaver_creek_usgs_temp_3,60.65107,-151.09076,US/Alaska (UTC-9 / UTC-8),"west fork beaver creek, upstream of marathon road",Beaver Creek,STREAM,MAIN,TRUE,TRUE,TBD,FALSE
2022-07-27T11:30:00Z,12.968,beaver_creek_usgs_temp_3,60.65107,-151.09076,US/Alaska (UTC-9 / UTC-8),"west fork beaver creek, upstream of marathon road",Beaver Creek,STREAM,MAIN,TRUE,TRUE,TBD,FALSE
2022-07-27T11:45:00Z,13.112,beaver_creek_usgs_temp_3,60.65107,-151.09076,US/Alaska (UTC-9 / UTC-8),"west fork beaver creek, upstream of marathon road",Beaver Creek,STREAM,MAIN,TRUE,TRUE,TBD,FALSE
2022-07-27T12:00:00Z,13.257,beaver_creek_usgs_temp_3,60.65107,-151.09076,US/Alaska (UTC-9 / UTC-8),"west fork beaver creek, upstream of marathon road",Beaver Creek,STREAM,MAIN,TRUE,TRUE,TBD,FALSE
2022-07-27T12:15:00Z,13.401,beaver_creek_usgs_temp_3,60.65107,-151.09076,US/Alaska (UTC-9 / UTC-8),"west fork beaver creek, upstream of marathon road",Beaver Creek,STREAM,MAIN,TRUE,TRUE,TBD,FALSE
2022-07-27T12:30:00Z,13.546,beaver_creek_usgs_temp_3,60.65107,-151.09076,US/Alaska (UTC-9 / UTC-8),"west fork beaver creek, upstream of marathon road",Beaver Creek,STREAM,MAIN,TRUE,TRUE,TBD,FALSE
2022-07-27T12:45:00Z,13.69,beaver_creek_usgs_temp_3,60.65107,-151.09076,US/Alaska (UTC-9 / UTC-8),"west fork beaver creek, upstream of marathon road",Beaver Creek,STREAM,MAIN,TRUE,TRUE,TBD,FALSE
2022-07-27T13:00:00Z,13.834,beaver_creek_usgs_temp_3,60.65107,-151.09076,US/Alaska (UTC-9 / UTC-8),"west fork beaver creek, upstream of marathon road",Beaver Creek,STREAM,MAIN,TRUE,TRUE,TBD,FALSE
2022-07-27T13:15:00Z,13.978,beaver_creek_usgs_temp_3,60.65107,-151.09076,US/Alaska (UTC-9 / UTC-8),"west fork beaver creek, upstream of marathon road",Beaver Creek,STREAM,MAIN,TRUE,TRUE,TBD,FALSE
2022-07-27T13:30:00Z,14.098,beaver_creek_usgs_temp_3,60.65107,-151.09076,US/Alaska (UTC-9 / UTC-8),"west fork beaver creek, upstream of marathon road",Beaver Creek,STREAM,MAIN,TRUE,TRUE,TBD,FALSE
2022-07-27T13:45:00Z,14.242,beaver_creek_usgs_temp_3,60.65107,-151.09076,US/Alaska (UTC-9 / UTC-8),"west fork beaver creek, upstream of marathon road",Beaver Creek,STREAM,MAIN,TRUE,TRUE,TBD,FALSE
2022-07-27T14:00:00Z,14.385,beaver_creek_usgs_temp_3,60.65107,-151.09076,US/Alaska (UTC-9 / UTC-8),"west fork beaver creek, upstream of marathon road",Beaver Creek,STREAM,MAIN,TRUE,TRUE,TBD,FALSE
2022-07-27T14:15:00Z,14.529,beaver_creek_usgs_temp_3,60.65107,-151.09076,US/Alaska (UTC-9 / UTC-8),"west fork beaver creek, upstream of marathon road",Beaver Creek,STREAM,MAIN,TRUE,TRUE,TBD,FALSE
2022-07-27T14:30:00Z,14.721,beaver_creek_usgs_temp_3,60.65107,-151.09076,US/Alaska (UTC-9 / UTC-8),"west fork beaver creek, upstream of marathon road",Beaver Creek,STREAM,MAIN,TRUE,TRUE,TBD,FALSE
2022-07-27T14:45:00Z,14.864,beaver_creek_usgs_temp_3,60.65107,-151.09076,US/Alaska (UTC-9 / UTC-8),"west fork beaver creek, upstream of marathon road",Beaver Creek,STREAM,MAIN,TRUE,TRUE,TBD,FALSE
2022-07-27T15:00:00Z,14.96,beaver_creek_usgs_temp_3,60.65107,-151.09076,US/Alaska (UTC-9 / UTC-8),"west fork beaver creek, upstream of marathon road",Beaver Creek,STREAM,MAIN,TRUE,TRUE,TBD,FALSE
2022-07-27T15:15:00Z,15.103,beaver_creek_usgs_temp_3,60.65107,-151.09076,US/Alaska (UTC-9 / UTC-8),"west fork beaver creek, upstream of marathon road",Beaver Creek,STREAM,MAIN,TRUE,TRUE,TBD,FALSE
2022-07-27T15:30:00Z,15.199,beaver_creek_usgs_temp_3,60.65107,-151.09076,US/Alaska (UTC-9 / UTC-8),"west fork beaver creek, upstream of marathon road",Beaver Creek,STREAM,MAIN,TRUE,TRUE,TBD,FALSE
2022-07-27T15:45:00Z,15.366,beaver_creek_usgs_temp_3,60.65107,-151.09076,US/Alaska (UTC-9 / UTC-8),"west fork beaver creek, upstream of marathon road",Beaver Creek,STREAM,MAIN,TRUE,TRUE,TBD,FALSE
2022-07-27T16:00:00Z,15.461,beaver_creek_usgs_temp_3,60.65107,-151.09076,US/Alaska (UTC-9 / UTC-8),"west fork beaver creek, upstream of marathon road",Beaver Creek,STREAM,MAIN,TRUE,TRUE,TBD,FALSE
2022-07-27T16:15:00Z,15.581,beaver_creek_usgs_temp_3,60.65107,-151.09076,US/Alaska (UTC-9 / UTC-8),"west fork beaver creek, upstream of marathon road",Beaver Creek,STREAM,MAIN,TRUE,TRUE,TBD,FALSE
2022-07-27T16:30:00Z,15.629,beaver_creek_usgs_temp_3,60.65107,-151.09076,US/Alaska (UTC-9 / UTC-8),"west fork beaver creek, upstream of marathon road",Beaver Creek,STREAM,MAIN,TRUE,TRUE,TBD,FALSE
2022-07-27T16:45:00Z,15.748,beaver_creek_usgs_temp_3,60.65107,-151.09076,US/Alaska (UTC-9 / UTC-8),"west fork beaver creek, upstream of marathon road",Beaver Creek,STREAM,MAIN,TRUE,TRUE,TBD,FALSE
2022-07-27T17:00:00Z,15.819,beaver_creek_usgs_temp_3,60.65107,-151.09076,US/Alaska (UTC-9 / UTC-8),"west fork beaver creek, upstream of marathon road",Beaver Creek,STREAM,MAIN,TRUE,TRUE,TBD,FALSE
2022-07-27T17:15:00Z,15.915,beaver_creek_usgs_temp_3,60.65107,-151.09076,US/Alaska (UTC-9 / UTC-8),"west fork beaver creek, upstream of marathon road",Beaver Creek,STREAM,MAIN,TRUE,TRUE,TBD,FALSE
2022-07-27T17:30:00Z,15.939,beaver_creek_usgs_temp_3,60.65107,-151.09076,US/Alaska (UTC-9 / UTC-8),"west fork beaver creek, upstream of marathon road",Beaver Creek,STREAM,MAIN,TRUE,TRUE,TBD,FALSE
2022-07-27T17:45:00Z,16.01,beaver_creek_usgs_temp_3,60.65107,-151.09076,US/Alaska (UTC-9 / UTC-8),"west fork beaver creek, upstream of marathon road",Beaver Creek,STREAM,MAIN,TRUE,TRUE,TBD,FALSE
2022-07-27T18:00:00Z,16.058,beaver_creek_usgs_temp_3,60.65107,-151.09076,US/Alaska (UTC-9 / UTC-8),"west fork beaver creek, upstream of marathon road",Beaver Creek,STREAM,MAIN,TRUE,TRUE,TBD,FALSE
2022-07-27T18:15:00Z,16.082,beaver_creek_usgs_temp_3,60.65107,-151.09076,US/Alaska (UTC-9 / UTC-8),"west fork beaver creek, upstream of marathon road",Beaver Creek,STREAM,MAIN,TRUE,TRUE,TBD,FALSE
2022-07-27T18:30:00Z,16.058,beaver_creek_usgs_temp_3,60.65107,-151.09076,US/Alaska (UTC-9 / UTC-8),"west fork beaver creek, upstream of marathon road",Beaver Creek,STREAM,MAIN,TRUE,TRUE,TBD,FALSE
2022-07-27T18:45:00Z,16.058,beaver_creek_usgs_temp_3,60.65107,-151.09076,US/Alaska (UTC-9 / UTC-8),"west fork beaver creek, upstream of marathon road",Beaver Creek,STREAM,MAIN,TRUE,TRUE,TBD,FALSE
2022-07-27T19:00:00Z,16.082,beaver_creek_usgs_temp_3,60.65107,-151.09076,US/Alaska (UTC-9 / UTC-8),"west fork beaver creek, upstream of marathon road",Beaver Creek,STREAM,MAIN,TRUE,TRUE,TBD,FALSE
2022-07-27T19:15:00Z,16.082,beaver_creek_usgs_temp_3,60.65107,-151.09076,US/Alaska (UTC-9 / UTC-8),"west fork beaver creek, upstream of marathon road",Beaver Creek,STREAM,MAIN,TRUE,TRUE,TBD,FALSE
2022-07-27T19:30:00Z,16.058,beaver_creek_usgs_temp_3,60.65107,-151.09076,US/Alaska (UTC-9 / UTC-8),"west fork beaver creek, upstream of marathon road",Beaver Creek,STREAM,MAIN,TRUE,TRUE,TBD,FALSE
2022-07-27T19:45:00Z,16.058,beaver_creek_usgs_temp_3,60.65107,-151.09076,US/Alaska (UTC-9 / UTC-8),"west fork beaver creek, upstream of marathon road",Beaver Creek,STREAM,MAIN,TRUE,TRUE,TBD,FALSE
2022-07-27T20:00:00Z,16.034,beaver_creek_usgs_temp_3,60.65107,-151.09076,US/Alaska (UTC-9 / UTC-8),"west fork beaver creek, upstream of marathon road",Beaver Creek,STREAM,MAIN,TRUE,TRUE,TBD,FALSE
2022-07-27T20:15:00Z,16.01,beaver_creek_usgs_temp_3,60.65107,-151.09076,US/Alaska (UTC-9 / UTC-8),"west fork beaver creek, upstream of marathon road",Beaver Creek,STREAM,MAIN,TRUE,TRUE,TBD,FALSE
2022-07-27T20:30:00Z,15.963,beaver_creek_usgs_temp_3,60.65107,-151.09076,US/Alaska (UTC-9 / UTC-8),"west fork beaver creek, upstream of marathon road",Beaver Creek,STREAM,MAIN,TRUE,TRUE,TBD,FALSE
2022-07-27T20:45:00Z,15.939,beaver_creek_usgs_temp_3,60.65107,-151.09076,US/Alaska (UTC-9 / UTC-8),"west fork beaver creek, upstream of marathon road",Beaver Creek,STREAM,MAIN,TRUE,TRUE,TBD,FALSE
2022-07-27T21:00:00Z,15.915,beaver_creek_usgs_temp_3,60.65107,-151.09076,US/Alaska (UTC-9 / UTC-8),"west fork beaver creek, upstream of marathon road",Beaver Creek,STREAM,MAIN,TRUE,TRUE,TBD,FALSE
2022-07-27T21:15:00Z,15.891,beaver_creek_usgs_temp_3,60.65107,-151.09076,US/Alaska (UTC-9 / UTC-8),"west fork beaver creek, upstream of marathon road",Beaver Creek,STREAM,MAIN,TRUE,TRUE,TBD,FALSE
2022-07-27T21:30:00Z,15.867,beaver_creek_usgs_temp_3,60.65107,-151.09076,US/Alaska (UTC-9 / UTC-8),"west fork beaver creek, upstream of marathon road",Beaver Creek,STREAM,MAIN,TRUE,TRUE,TBD,FALSE
2022-07-27T21:45:00Z,15.843,beaver_creek_usgs_temp_3,60.65107,-151.09076,US/Alaska (UTC-9 / UTC-8),"west fork beaver creek, upstream of marathon road",Beaver Creek,STREAM,MAIN,TRUE,TRUE,TBD,FALSE
2022-07-27T22:00:00Z,15.796,beaver_creek_usgs_temp_3,60.65107,-151.09076,US/Alaska (UTC-9 / UTC-8),"west fork beaver creek, upstream of marathon road",Beaver Creek,STREAM,MAIN,TRUE,TRUE,TBD,FALSE
2022-07-27T22:15:00Z,15.772,beaver_creek_usgs_temp_3,60.65107,-151.09076,US/Alaska (UTC-9 / UTC-8),"west fork beaver creek, upstream of marathon road",Beaver Creek,STREAM,MAIN,TRUE,TRUE,TBD,FALSE
2022-07-27T22:30:00Z,15.724,beaver_creek_usgs_temp_3,60.65107,-151.09076,US/Alaska (UTC-9 / UTC-8),"west fork beaver creek, upstream of marathon road",Beaver Creek,STREAM,MAIN,TRUE,TRUE,TBD,FALSE
2022-07-27T22:45:00Z,15.652,beaver_creek_usgs_temp_3,60.65107,-151.09076,US/Alaska (UTC-9 / UTC-8),"west fork beaver creek, upstream of marathon road",Beaver Creek,STREAM,MAIN,TRUE,TRUE,TBD,FALSE
2022-07-27T23:00:00Z,15.605,beaver_creek_usgs_temp_3,60.65107,-151.09076,US/Alaska (UTC-9 / UTC-8),"west fork beaver creek, upstream of marathon road",Beaver Creek,STREAM,MAIN,TRUE,TRUE,TBD,FALSE
2022-07-27T23:15:00Z,15.533,beaver_creek_usgs_temp_3,60.65107,-151.09076,US/Alaska (UTC-9 / UTC-8),"west fork beaver creek, upstream of marathon road",Beaver Creek,STREAM,MAIN,TRUE,TRUE,TBD,FALSE
2022-07-27T23:30:00Z,15.461,beaver_creek_usgs_temp_3,60.65107,-151.09076,US/Alaska (UTC-9 / UTC-8),"west fork beaver creek, upstream of marathon road",Beaver Creek,STREAM,MAIN,TRUE,TRUE,TBD,FALSE
2022-07-27T23:45:00Z,15.39,beaver_creek_usgs_temp_3,60.65107,-151.09076,US/Alaska (UTC-9 / UTC-8),"west fork beaver creek, upstream of marathon road",Beaver Creek,STREAM,MAIN,TRUE,TRUE,TBD,FALSE
2022-07-28T00:00:00Z,15.318,beaver_creek_usgs_temp_3,60.65107,-151.09076,US/Alaska (UTC-9 / UTC-8),"west fork beaver creek, upstream of marathon road",Beaver Creek,STREAM,MAIN,TRUE,TRUE,TBD,FALSE
2022-07-28T00:15:00Z,15.223,beaver_creek_usgs_temp_3,60.65107,-151.09076,US/Alaska (UTC-9 / UTC-8),"west fork beaver creek, upstream of marathon road",Beaver Creek,STREAM,MAIN,TRUE,TRUE,TBD,FALSE
2022-07-28T00:30:00Z,15.151,beaver_creek_usgs_temp_3,60.65107,-151.09076,US/Alaska (UTC-9 / UTC-8),"west fork beaver creek, upstream of marathon road",Beaver Creek,STREAM,MAIN,TRUE,TRUE,TBD,FALSE
2022-07-28T00:45:00Z,15.079,beaver_creek_usgs_temp_3,60.65107,-151.09076,US/Alaska (UTC-9 / UTC-8),"west fork beaver creek, upstream of marathon road",Beaver Creek,STREAM,MAIN,TRUE,TRUE,TBD,FALSE
2022-07-28T01:00:00Z,14.984,beaver_creek_usgs_temp_3,60.65107,-151.09076,US/Alaska (UTC-9 / UTC-8),"west fork beaver creek, upstream of marathon road",Beaver Creek,STREAM,MAIN,TRUE,TRUE,TBD,FALSE
2022-07-28T01:15:00Z,14.912,beaver_creek_usgs_temp_3,60.65107,-151.09076,US/Alaska (UTC-9 / UTC-8),"west fork beaver creek, upstream of marathon road",Beaver Creek,STREAM,MAIN,TRUE,TRUE,TBD,FALSE
2022-07-28T01:30:00Z,14.816,beaver_creek_usgs_temp_3,60.65107,-151.09076,US/Alaska (UTC-9 / UTC-8),"west fork beaver creek, upstream of marathon road",Beaver Creek,STREAM,MAIN,TRUE,TRUE,TBD,FALSE
2022-07-28T01:45:00Z,14.721,beaver_creek_usgs_temp_3,60.65107,-151.09076,US/Alaska (UTC-9 / UTC-8),"west fork beaver creek, upstream of marathon road",Beaver Creek,STREAM,MAIN,TRUE,TRUE,TBD,FALSE
2022-07-28T02:00:00Z,14.649,beaver_creek_usgs_temp_3,60.65107,-151.09076,US/Alaska (UTC-9 / UTC-8),"west fork beaver creek, upstream of marathon road",Beaver Creek,STREAM,MAIN,TRUE,TRUE,TBD,FALSE
2022-07-28T02:15:00Z,14.553,beaver_creek_usgs_temp_3,60.65107,-151.09076,US/Alaska (UTC-9 / UTC-8),"west fork beaver creek, upstream of marathon road",Beaver Creek,STREAM,MAIN,TRUE,TRUE,TBD,FALSE
2022-07-28T02:30:00Z,14.481,beaver_creek_usgs_temp_3,60.65107,-151.09076,US/Alaska (UTC-9 / UTC-8),"west fork beaver creek, upstream of marathon road",Beaver Creek,STREAM,MAIN,TRUE,TRUE,TBD,FALSE
2022-07-28T02:45:00Z,14.385,beaver_creek_usgs_temp_3,60.65107,-151.09076,US/Alaska (UTC-9 / UTC-8),"west fork beaver creek, upstream of marathon road",Beaver Creek,STREAM,MAIN,TRUE,TRUE,TBD,FALSE
2022-07-28T03:00:00Z,14.314,beaver_creek_usgs_temp_3,60.65107,-151.09076,US/Alaska (UTC-9 / UTC-8),"west fork beaver creek, upstream of marathon road",Beaver Creek,STREAM,MAIN,TRUE,TRUE,TBD,FALSE
2022-07-28T03:15:00Z,14.218,beaver_creek_usgs_temp_3,60.65107,-151.09076,US/Alaska (UTC-9 / UTC-8),"west fork beaver creek, upstream of marathon road",Beaver Creek,STREAM,MAIN,TRUE,TRUE,TBD,FALSE
2022-07-28T03:30:00Z,14.146,beaver_creek_usgs_temp_3,60.65107,-151.09076,US/Alaska (UTC-9 / UTC-8),"west fork beaver creek, upstream of marathon road",Beaver Creek,STREAM,MAIN,TRUE,TRUE,TBD,FALSE
2022-07-28T03:45:00Z,14.074,beaver_creek_usgs_temp_3,60.65107,-151.09076,US/Alaska (UTC-9 / UTC-8),"west fork beaver creek, upstream of marathon road",Beaver Creek,STREAM,MAIN,TRUE,TRUE,TBD,FALSE
2022-07-28T04:00:00Z,13.978,beaver_creek_usgs_temp_3,60.65107,-151.09076,US/Alaska (UTC-9 / UTC-8),"west fork beaver creek, upstream of marathon road",Beaver Creek,STREAM,MAIN,TRUE,TRUE,TBD,FALSE
2022-07-28T04:15:00Z,13.906,beaver_creek_usgs_temp_3,60.65107,-151.09076,US/Alaska (UTC-9 / UTC-8),"west fork beaver creek, upstream of marathon road",Beaver Creek,STREAM,MAIN,TRUE,TRUE,TBD,FALSE
2022-07-28T04:30:00Z,13.81,beaver_creek_usgs_temp_3,60.65107,-151.09076,US/Alaska (UTC-9 / UTC-8),"west fork beaver creek, upstream of marathon road",Beaver Creek,STREAM,MAIN,TRUE,TRUE,TBD,FALSE
2022-07-28T04:45:00Z,13.738,beaver_creek_usgs_temp_3,60.65107,-151.09076,US/Alaska (UTC-9 / UTC-8),"west fork beaver creek, upstream of marathon road",Beaver Creek,STREAM,MAIN,TRUE,TRUE,TBD,FALSE
2022-07-28T05:00:00Z,13.666,beaver_creek_usgs_temp_3,60.65107,-151.09076,US/Alaska (UTC-9 / UTC-8),"west fork beaver creek, upstream of marathon road",Beaver Creek,STREAM,MAIN,TRUE,TRUE,TBD,FALSE
2022-07-28T05:15:00Z,13.594,beaver_creek_usgs_temp_3,60.65107,-151.09076,US/Alaska (UTC-9 / UTC-8),"west fork beaver creek, upstream of marathon road",Beaver Creek,STREAM,MAIN,TRUE,TRUE,TBD,FALSE
2022-07-28T05:30:00Z,13.522,beaver_creek_usgs_temp_3,60.65107,-151.09076,US/Alaska (UTC-9 / UTC-8),"west fork beaver creek, upstream of marathon road",Beaver Creek,STREAM,MAIN,TRUE,TRUE,TBD,FALSE
2022-07-28T05:45:00Z,13.449,beaver_creek_usgs_temp_3,60.65107,-151.09076,US/Alaska (UTC-9 / UTC-8),"west fork beaver creek, upstream of marathon road",Beaver Creek,STREAM,MAIN,TRUE,TRUE,TBD,FALSE
2022-07-28T06:00:00Z,13.377,beaver_creek_usgs_temp_3,60.65107,-151.09076,US/Alaska (UTC-9 / UTC-8),"west fork beaver creek, upstream of marathon road",Beaver Creek,STREAM,MAIN,TRUE,TRUE,TBD,FALSE
2022-07-28T06:15:00Z,13.329,beaver_creek_usgs_temp_3,60.65107,-151.09076,US/Alaska (UTC-9 / UTC-8),"west fork beaver creek, upstream of marathon road",Beaver Creek,STREAM,MAIN,TRUE,TRUE,TBD,FALSE
2022-07-28T06:30:00Z,13.257,beaver_creek_usgs_temp_3,60.65107,-151.09076,US/Alaska (UTC-9 / UTC-8),"west fork beaver creek, upstream of marathon road",Beaver Creek,STREAM,MAIN,TRUE,TRUE,TBD,FALSE
2022-07-28T06:45:00Z,13.209,beaver_creek_usgs_temp_3,60.65107,-151.09076,US/Alaska (UTC-9 / UTC-8),"west fork beaver creek, upstream of marathon road",Beaver Creek,STREAM,MAIN,TRUE,TRUE,TBD,FALSE
2022-07-28T07:00:00Z,13.161,beaver_creek_usgs_temp_3,60.65107,-151.09076,US/Alaska (UTC-9 / UTC-8),"west fork beaver creek, upstream of marathon road",Beaver Creek,STREAM,MAIN,TRUE,TRUE,TBD,FALSE
2022-07-28T07:15:00Z,13.137,beaver_creek_usgs_temp_3,60.65107,-151.09076,US/Alaska (UTC-9 / UTC-8),"west fork beaver creek, upstream of marathon road",Beaver Creek,STREAM,MAIN,TRUE,TRUE,TBD,FALSE
2022-07-28T07:30:00Z,13.137,beaver_creek_usgs_temp_3,60.65107,-151.09076,US/Alaska (UTC-9 / UTC-8),"west fork beaver creek, upstream of marathon road",Beaver Creek,STREAM,MAIN,TRUE,TRUE,TBD,FALSE
2022-07-28T07:45:00Z,13.137,beaver_creek_usgs_temp_3,60.65107,-151.09076,US/Alaska (UTC-9 / UTC-8),"west fork beaver creek, upstream of marathon road",Beaver Creek,STREAM,MAIN,TRUE,TRUE,TBD,FALSE
2022-07-28T08:00:00Z,13.137,beaver_creek_usgs_temp_3,60.65107,-151.09076,US/Alaska (UTC-9 / UTC-8),"west fork beaver creek, upstream of marathon road",Beaver Creek,STREAM,MAIN,TRUE,TRUE,TBD,FALSE
2022-07-28T08:15:00Z,13.161,beaver_creek_usgs_temp_3,60.65107,-151.09076,US/Alaska (UTC-9 / UTC-8),"west fork beaver creek, upstream of marathon road",Beaver Creek,STREAM,MAIN,TRUE,TRUE,TBD,FALSE
2022-07-28T08:30:00Z,13.185,beaver_creek_usgs_temp_3,60.65107,-151.09076,US/Alaska (UTC-9 / UTC-8),"west fork beaver creek, upstream of marathon road",Beaver Creek,STREAM,MAIN,TRUE,TRUE,TBD,FALSE
2022-07-28T08:45:00Z,13.233,beaver_creek_usgs_temp_3,60.65107,-151.09076,US/Alaska (UTC-9 / UTC-8),"west fork beaver creek, upstream of marathon road",Beaver Creek,STREAM,MAIN,TRUE,TRUE,TBD,FALSE
2022-07-28T09:00:00Z,13.281,beaver_creek_usgs_temp_3,60.65107,-151.09076,US/Alaska (UTC-9 / UTC-8),"west fork beaver creek, upstream of marathon road",Beaver Creek,STREAM,MAIN,TRUE,TRUE,TBD,FALSE
2022-07-28T09:15:00Z,13.329,beaver_creek_usgs_temp_3,60.65107,-151.09076,US/Alaska (UTC-9 / UTC-8),"west fork beaver creek, upstream of marathon road",Beaver Creek,STREAM,MAIN,TRUE,TRUE,TBD,FALSE
2022-07-28T09:30:00Z,13.425,beaver_creek_usgs_temp_3,60.65107,-151.09076,US/Alaska (UTC-9 / UTC-8),"west fork beaver creek, upstream of marathon road",Beaver Creek,STREAM,MAIN,TRUE,TRUE,TBD,FALSE
2022-07-28T09:45:00Z,13.497,beaver_creek_usgs_temp_3,60.65107,-151.09076,US/Alaska (UTC-9 / UTC-8),"west fork beaver creek, upstream of marathon road",Beaver Creek,STREAM,MAIN,TRUE,TRUE,TBD,FALSE
2022-07-28T10:00:00Z,13.57,beaver_creek_usgs_temp_3,60.65107,-151.09076,US/Alaska (UTC-9 / UTC-8),"west fork beaver creek, upstream of marathon road",Beaver Creek,STREAM,MAIN,TRUE,TRUE,TBD,FALSE
2022-07-28T10:15:00Z,13.666,beaver_creek_usgs_temp_3,60.65107,-151.09076,US/Alaska (UTC-9 / UTC-8),"west fork beaver creek, upstream of marathon road",Beaver Creek,STREAM,MAIN,TRUE,TRUE,TBD,FALSE
2022-07-28T10:30:00Z,13.762,beaver_creek_usgs_temp_3,60.65107,-151.09076,US/Alaska (UTC-9 / UTC-8),"west fork beaver creek, upstream of marathon road",Beaver Creek,STREAM,MAIN,TRUE,TRUE,TBD,FALSE
2022-07-28T10:45:00Z,13.882,beaver_creek_usgs_temp_3,60.65107,-151.09076,US/Alaska (UTC-9 / UTC-8),"west fork beaver creek, upstream of marathon road",Beaver Creek,STREAM,MAIN,TRUE,TRUE,TBD,FALSE
2022-07-28T11:00:00Z,13.954,beaver_creek_usgs_temp_3,60.65107,-151.09076,US/Alaska (UTC-9 / UTC-8),"west fork beaver creek, upstream of marathon road",Beaver Creek,STREAM,MAIN,TRUE,TRUE,TBD,FALSE
2022-07-28T11:15:00Z,14.098,beaver_creek_usgs_temp_3,60.65107,-151.09076,US/Alaska (UTC-9 / UTC-8),"west fork beaver creek, upstream of marathon road",Beaver Creek,STREAM,MAIN,TRUE,TRUE,TBD,FALSE
2022-07-28T11:30:00Z,14.218,beaver_creek_usgs_temp_3,60.65107,-151.09076,US/Alaska (UTC-9 / UTC-8),"west fork beaver creek, upstream of marathon road",Beaver Creek,STREAM,MAIN,TRUE,TRUE,TBD,FALSE
2022-07-28T11:45:00Z,14.361,beaver_creek_usgs_temp_3,60.65107,-151.09076,US/Alaska (UTC-9 / UTC-8),"west fork beaver creek, upstream of marathon road",Beaver Creek,STREAM,MAIN,TRUE,TRUE,TBD,FALSE
2022-07-28T12:00:00Z,14.481,beaver_creek_usgs_temp_3,60.65107,-151.09076,US/Alaska (UTC-9 / UTC-8),"west fork beaver creek, upstream of marathon road",Beaver Creek,STREAM,MAIN,TRUE,TRUE,TBD,FALSE
2022-07-28T12:15:00Z,14.625,beaver_creek_usgs_temp_3,60.65107,-151.09076,US/Alaska (UTC-9 / UTC-8),"west fork beaver creek, upstream of marathon road",Beaver Creek,STREAM,MAIN,TRUE,TRUE,TBD,FALSE
2022-07-28T12:30:00Z,14.768,beaver_creek_usgs_temp_3,60.65107,-151.09076,US/Alaska (UTC-9 / UTC-8),"west fork beaver creek, upstream of marathon road",Beaver Creek,STREAM,MAIN,TRUE,TRUE,TBD,FALSE
2022-07-28T12:45:00Z,14.912,beaver_creek_usgs_temp_3,60.65107,-151.09076,US/Alaska (UTC-9 / UTC-8),"west fork beaver creek, upstream of marathon road",Beaver Creek,STREAM,MAIN,TRUE,TRUE,TBD,FALSE
2022-07-28T13:00:00Z,15.031,beaver_creek_usgs_temp_3,60.65107,-151.09076,US/Alaska (UTC-9 / UTC-8),"west fork beaver creek, upstream of marathon road",Beaver Creek,STREAM,MAIN,TRUE,TRUE,TBD,FALSE
2022-07-28T13:15:00Z,15.151,beaver_creek_usgs_temp_3,60.65107,-151.09076,US/Alaska (UTC-9 / UTC-8),"west fork beaver creek, upstream of marathon road",Beaver Creek,STREAM,MAIN,TRUE,TRUE,TBD,FALSE
2022-07-28T13:30:00Z,15.294,beaver_creek_usgs_temp_3,60.65107,-151.09076,US/Alaska (UTC-9 / UTC-8),"west fork beaver creek, upstream of marathon road",Beaver Creek,STREAM,MAIN,TRUE,TRUE,TBD,FALSE
2022-07-28T13:45:00Z,15.438,beaver_creek_usgs_temp_3,60.65107,-151.09076,US/Alaska (UTC-9 / UTC-8),"west fork beaver creek, upstream of marathon road",Beaver Creek,STREAM,MAIN,TRUE,TRUE,TBD,FALSE
2022-07-28T14:00:00Z,15.557,beaver_creek_usgs_temp_3,60.65107,-151.09076,US/Alaska (UTC-9 / UTC-8),"west fork beaver creek, upstream of marathon road",Beaver Creek,STREAM,MAIN,TRUE,TRUE,TBD,FALSE
2022-07-28T14:15:00Z,15.7,beaver_creek_usgs_temp_3,60.65107,-151.09076,US/Alaska (UTC-9 / UTC-8),"west fork beaver creek, upstream of marathon road",Beaver Creek,STREAM,MAIN,TRUE,TRUE,TBD,FALSE
2022-07-28T14:30:00Z,15.819,beaver_creek_usgs_temp_3,60.65107,-151.09076,US/Alaska (UTC-9 / UTC-8),"west fork beaver creek, upstream of marathon road",Beaver Creek,STREAM,MAIN,TRUE,TRUE,TBD,FALSE
2022-07-28T14:45:00Z,15.939,beaver_creek_usgs_temp_3,60.65107,-151.09076,US/Alaska (UTC-9 / UTC-8),"west fork beaver creek, upstream of marathon road",Beaver Creek,STREAM,MAIN,TRUE,TRUE,TBD,FALSE
2022-07-28T15:00:00Z,16.058,beaver_creek_usgs_temp_3,60.65107,-151.09076,US/Alaska (UTC-9 / UTC-8),"west fork beaver creek, upstream of marathon road",Beaver Creek,STREAM,MAIN,TRUE,TRUE,TBD,FALSE
2022-07-28T15:15:00Z,16.153,beaver_creek_usgs_temp_3,60.65107,-151.09076,US/Alaska (UTC-9 / UTC-8),"west fork beaver creek, upstream of marathon road",Beaver Creek,STREAM,MAIN,TRUE,TRUE,TBD,FALSE
2022-07-28T15:30:00Z,16.249,beaver_creek_usgs_temp_3,60.65107,-151.09076,US/Alaska (UTC-9 / UTC-8),"west fork beaver creek, upstream of marathon road",Beaver Creek,STREAM,MAIN,TRUE,TRUE,TBD,FALSE
2022-07-28T15:45:00Z,16.344,beaver_creek_usgs_temp_3,60.65107,-151.09076,US/Alaska (UTC-9 / UTC-8),"west fork beaver creek, upstream of marathon road",Beaver Creek,STREAM,MAIN,TRUE,TRUE,TBD,FALSE
2022-07-28T16:00:00Z,16.439,beaver_creek_usgs_temp_3,60.65107,-151.09076,US/Alaska (UTC-9 / UTC-8),"west fork beaver creek, upstream of marathon road",Beaver Creek,STREAM,MAIN,TRUE,TRUE,TBD,FALSE
2022-07-28T16:15:00Z,16.511,beaver_creek_usgs_temp_3,60.65107,-151.09076,US/Alaska (UTC-9 / UTC-8),"west fork beaver creek, upstream of marathon road",Beaver Creek,STREAM,MAIN,TRUE,TRUE,TBD,FALSE
2022-07-28T16:30:00Z,16.582,beaver_creek_usgs_temp_3,60.65107,-151.09076,US/Alaska (UTC-9 / UTC-8),"west fork beaver creek, upstream of marathon road",Beaver Creek,STREAM,MAIN,TRUE,TRUE,TBD,FALSE
2022-07-28T16:45:00Z,16.654,beaver_creek_usgs_temp_3,60.65107,-151.09076,US/Alaska (UTC-9 / UTC-8),"west fork beaver creek, upstream of marathon road",Beaver Creek,STREAM,MAIN,TRUE,TRUE,TBD,FALSE
2022-07-28T17:00:00Z,16.749,beaver_creek_usgs_temp_3,60.65107,-151.09076,US/Alaska (UTC-9 / UTC-8),"west fork beaver creek, upstream of marathon road",Beaver Creek,STREAM,MAIN,TRUE,TRUE,TBD,FALSE
2022-07-28T17:15:00Z,16.82,beaver_creek_usgs_temp_3,60.65107,-151.09076,US/Alaska (UTC-9 / UTC-8),"west fork beaver creek, upstream of marathon road",Beaver Creek,STREAM,MAIN,TRUE,TRUE,TBD,FALSE
2022-07-28T17:30:00Z,16.82,beaver_creek_usgs_temp_3,60.65107,-151.09076,US/Alaska (UTC-9 / UTC-8),"west fork beaver creek, upstream of marathon road",Beaver Creek,STREAM,MAIN,TRUE,TRUE,TBD,FALSE
2022-07-28T17:45:00Z,16.844,beaver_creek_usgs_temp_3,60.65107,-151.09076,US/Alaska (UTC-9 / UTC-8),"west fork beaver creek, upstream of marathon road",Beaver Creek,STREAM,MAIN,TRUE,TRUE,TBD,FALSE
2022-07-28T18:00:00Z,16.892,beaver_creek_usgs_temp_3,60.65107,-151.09076,US/Alaska (UTC-9 / UTC-8),"west fork beaver creek, upstream of marathon road",Beaver Creek,STREAM,MAIN,TRUE,TRUE,TBD,FALSE
2022-07-28T18:15:00Z,16.892,beaver_creek_usgs_temp_3,60.65107,-151.09076,US/Alaska (UTC-9 / UTC-8),"west fork beaver creek, upstream of marathon road",Beaver Creek,STREAM,MAIN,TRUE,TRUE,TBD,FALSE
2022-07-28T18:30:00Z,16.892,beaver_creek_usgs_temp_3,60.65107,-151.09076,US/Alaska (UTC-9 / UTC-8),"west fork beaver creek, upstream of marathon road",Beaver Creek,STREAM,MAIN,TRUE,TRUE,TBD,FALSE
2022-07-28T18:45:00Z,16.892,beaver_creek_usgs_temp_3,60.65107,-151.09076,US/Alaska (UTC-9 / UTC-8),"west fork beaver creek, upstream of marathon road",Beaver Creek,STREAM,MAIN,TRUE,TRUE,TBD,FALSE
2022-07-28T19:00:00Z,16.868,beaver_creek_usgs_temp_3,60.65107,-151.09076,US/Alaska (UTC-9 / UTC-8),"west fork beaver creek, upstream of marathon road",Beaver Creek,STREAM,MAIN,TRUE,TRUE,TBD,FALSE
2022-07-28T19:15:00Z,16.82,beaver_creek_usgs_temp_3,60.65107,-151.09076,US/Alaska (UTC-9 / UTC-8),"west fork beaver creek, upstream of marathon road",Beaver Creek,STREAM,MAIN,TRUE,TRUE,TBD,FALSE
2022-07-28T19:30:00Z,16.796,beaver_creek_usgs_temp_3,60.65107,-151.09076,US/Alaska (UTC-9 / UTC-8),"west fork beaver creek, upstream of marathon road",Beaver Creek,STREAM,MAIN,TRUE,TRUE,TBD,FALSE
2022-07-28T19:45:00Z,16.773,beaver_creek_usgs_temp_3,60.65107,-151.09076,US/Alaska (UTC-9 / UTC-8),"west fork beaver creek, upstream of marathon road",Beaver Creek,STREAM,MAIN,TRUE,TRUE,TBD,FALSE
2022-07-28T20:00:00Z,16.749,beaver_creek_usgs_temp_3,60.65107,-151.09076,US/Alaska (UTC-9 / UTC-8),"west fork beaver creek, upstream of marathon road",Beaver Creek,STREAM,MAIN,TRUE,TRUE,TBD,FALSE
2022-07-28T20:15:00Z,16.701,beaver_creek_usgs_temp_3,60.65107,-151.09076,US/Alaska (UTC-9 / UTC-8),"west fork beaver creek, upstream of marathon road",Beaver Creek,STREAM,MAIN,TRUE,TRUE,TBD,FALSE
2022-07-28T20:30:00Z,16.654,beaver_creek_usgs_temp_3,60.65107,-151.09076,US/Alaska (UTC-9 / UTC-8),"west fork beaver creek, upstream of marathon road",Beaver Creek,STREAM,MAIN,TRUE,TRUE,TBD,FALSE
2022-07-28T20:45:00Z,16.582,beaver_creek_usgs_temp_3,60.65107,-151.09076,US/Alaska (UTC-9 / UTC-8),"west fork beaver creek, upstream of marathon road",Beaver Creek,STREAM,MAIN,TRUE,TRUE,TBD,FALSE
2022-07-28T21:00:00Z,16.534,beaver_creek_usgs_temp_3,60.65107,-151.09076,US/Alaska (UTC-9 / UTC-8),"west fork beaver creek, upstream of marathon road",Beaver Creek,STREAM,MAIN,TRUE,TRUE,TBD,FALSE
2022-07-28T21:15:00Z,16.487,beaver_creek_usgs_temp_3,60.65107,-151.09076,US/Alaska (UTC-9 / UTC-8),"west fork beaver creek, upstream of marathon road",Beaver Creek,STREAM,MAIN,TRUE,TRUE,TBD,FALSE
2022-07-28T21:30:00Z,16.439,beaver_creek_usgs_temp_3,60.65107,-151.09076,US/Alaska (UTC-9 / UTC-8),"west fork beaver creek, upstream of marathon road",Beaver Creek,STREAM,MAIN,TRUE,TRUE,TBD,FALSE
2022-07-28T21:45:00Z,16.392,beaver_creek_usgs_temp_3,60.65107,-151.09076,US/Alaska (UTC-9 / UTC-8),"west fork beaver creek, upstream of marathon road",Beaver Creek,STREAM,MAIN,TRUE,TRUE,TBD,FALSE
2022-07-28T22:00:00Z,16.344,beaver_creek_usgs_temp_3,60.65107,-151.09076,US/Alaska (UTC-9 / UTC-8),"west fork beaver creek, upstream of marathon road",Beaver Creek,STREAM,MAIN,TRUE,TRUE,TBD,FALSE
2022-07-28T22:15:00Z,16.296,beaver_creek_usgs_temp_3,60.65107,-151.09076,US/Alaska (UTC-9 / UTC-8),"west fork beaver creek, upstream of marathon road",Beaver Creek,STREAM,MAIN,TRUE,TRUE,TBD,FALSE
2022-07-28T22:30:00Z,16.225,beaver_creek_usgs_temp_3,60.65107,-151.09076,US/Alaska (UTC-9 / UTC-8),"west fork beaver creek, upstream of marathon road",Beaver Creek,STREAM,MAIN,TRUE,TRUE,TBD,FALSE
2022-07-28T22:45:00Z,16.153,beaver_creek_usgs_temp_3,60.65107,-151.09076,US/Alaska (UTC-9 / UTC-8),"west fork beaver creek, upstream of marathon road",Beaver Creek,STREAM,MAIN,TRUE,TRUE,TBD,FALSE
2022-07-28T23:00:00Z,16.058,beaver_creek_usgs_temp_3,60.65107,-151.09076,US/Alaska (UTC-9 / UTC-8),"west fork beaver creek, upstream of marathon road",Beaver Creek,STREAM,MAIN,TRUE,TRUE,TBD,FALSE
2022-07-28T23:15:00Z,15.963,beaver_creek_usgs_temp_3,60.65107,-151.09076,US/Alaska (UTC-9 / UTC-8),"west fork beaver creek, upstream of marathon road",Beaver Creek,STREAM,MAIN,TRUE,TRUE,TBD,FALSE
2022-07-28T23:30:00Z,15.867,beaver_creek_usgs_temp_3,60.65107,-151.09076,US/Alaska (UTC-9 / UTC-8),"west fork beaver creek, upstream of marathon road",Beaver Creek,STREAM,MAIN,TRUE,TRUE,TBD,FALSE
2022-07-28T23:45:00Z,15.748,beaver_creek_usgs_temp_3,60.65107,-151.09076,US/Alaska (UTC-9 / UTC-8),"west fork beaver creek, upstream of marathon road",Beaver Creek,STREAM,MAIN,TRUE,TRUE,TBD,FALSE
2022-07-29T00:00:00Z,15.652,beaver_creek_usgs_temp_3,60.65107,-151.09076,US/Alaska (UTC-9 / UTC-8),"west fork beaver creek, upstream of marathon road",Beaver Creek,STREAM,MAIN,TRUE,TRUE,TBD,FALSE
2022-07-29T00:15:00Z,15.557,beaver_creek_usgs_temp_3,60.65107,-151.09076,US/Alaska (UTC-9 / UTC-8),"west fork beaver creek, upstream of marathon road",Beaver Creek,STREAM,MAIN,TRUE,TRUE,TBD,FALSE
2022-07-29T00:30:00Z,15.438,beaver_creek_usgs_temp_3,60.65107,-151.09076,US/Alaska (UTC-9 / UTC-8),"west fork beaver creek, upstream of marathon road",Beaver Creek,STREAM,MAIN,TRUE,TRUE,TBD,FALSE
2022-07-29T00:45:00Z,15.366,beaver_creek_usgs_temp_3,60.65107,-151.09076,US/Alaska (UTC-9 / UTC-8),"west fork beaver creek, upstream of marathon road",Beaver Creek,STREAM,MAIN,TRUE,TRUE,TBD,FALSE
2022-07-29T01:00:00Z,15.247,beaver_creek_usgs_temp_3,60.65107,-151.09076,US/Alaska (UTC-9 / UTC-8),"west fork beaver creek, upstream of marathon road",Beaver Creek,STREAM,MAIN,TRUE,TRUE,TBD,FALSE
2022-07-29T01:15:00Z,15.175,beaver_creek_usgs_temp_3,60.65107,-151.09076,US/Alaska (UTC-9 / UTC-8),"west fork beaver creek, upstream of marathon road",Beaver Creek,STREAM,MAIN,TRUE,TRUE,TBD,FALSE
2022-07-29T01:30:00Z,15.079,beaver_creek_usgs_temp_3,60.65107,-151.09076,US/Alaska (UTC-9 / UTC-8),"west fork beaver creek, upstream of marathon road",Beaver Creek,STREAM,MAIN,TRUE,TRUE,TBD,FALSE
2022-07-29T01:45:00Z,14.984,beaver_creek_usgs_temp_3,60.65107,-151.09076,US/Alaska (UTC-9 / UTC-8),"west fork beaver creek, upstream of marathon road",Beaver Creek,STREAM,MAIN,TRUE,TRUE,TBD,FALSE
2022-07-29T02:00:00Z,14.912,beaver_creek_usgs_temp_3,60.65107,-151.09076,US/Alaska (UTC-9 / UTC-8),"west fork beaver creek, upstream of marathon road",Beaver Creek,STREAM,MAIN,TRUE,TRUE,TBD,FALSE
2022-07-29T02:15:00Z,14.816,beaver_creek_usgs_temp_3,60.65107,-151.09076,US/Alaska (UTC-9 / UTC-8),"west fork beaver creek, upstream of marathon road",Beaver Creek,STREAM,MAIN,TRUE,TRUE,TBD,FALSE
2022-07-29T02:30:00Z,14.721,beaver_creek_usgs_temp_3,60.65107,-151.09076,US/Alaska (UTC-9 / UTC-8),"west fork beaver creek, upstream of marathon road",Beaver Creek,STREAM,MAIN,TRUE,TRUE,TBD,FALSE
2022-07-29T02:45:00Z,14.625,beaver_creek_usgs_temp_3,60.65107,-151.09076,US/Alaska (UTC-9 / UTC-8),"west fork beaver creek, upstream of marathon road",Beaver Creek,STREAM,MAIN,TRUE,TRUE,TBD,FALSE
2022-07-29T03:00:00Z,14.553,beaver_creek_usgs_temp_3,60.65107,-151.09076,US/Alaska (UTC-9 / UTC-8),"west fork beaver creek, upstream of marathon road",Beaver Creek,STREAM,MAIN,TRUE,TRUE,TBD,FALSE
2022-07-29T03:15:00Z,14.457,beaver_creek_usgs_temp_3,60.65107,-151.09076,US/Alaska (UTC-9 / UTC-8),"west fork beaver creek, upstream of marathon road",Beaver Creek,STREAM,MAIN,TRUE,TRUE,TBD,FALSE
2022-07-29T03:30:00Z,14.385,beaver_creek_usgs_temp_3,60.65107,-151.09076,US/Alaska (UTC-9 / UTC-8),"west fork beaver creek, upstream of marathon road",Beaver Creek,STREAM,MAIN,TRUE,TRUE,TBD,FALSE
2022-07-29T03:45:00Z,14.29,beaver_creek_usgs_temp_3,60.65107,-151.09076,US/Alaska (UTC-9 / UTC-8),"west fork beaver creek, upstream of marathon road",Beaver Creek,STREAM,MAIN,TRUE,TRUE,TBD,FALSE
2022-07-29T04:00:00Z,14.194,beaver_creek_usgs_temp_3,60.65107,-151.09076,US/Alaska (UTC-9 / UTC-8),"west fork beaver creek, upstream of marathon road",Beaver Creek,STREAM,MAIN,TRUE,TRUE,TBD,FALSE
2022-07-29T04:15:00Z,14.098,beaver_creek_usgs_temp_3,60.65107,-151.09076,US/Alaska (UTC-9 / UTC-8),"west fork beaver creek, upstream of marathon road",Beaver Creek,STREAM,MAIN,TRUE,TRUE,TBD,FALSE
2022-07-29T04:30:00Z,14.002,beaver_creek_usgs_temp_3,60.65107,-151.09076,US/Alaska (UTC-9 / UTC-8),"west fork beaver creek, upstream of marathon road",Beaver Creek,STREAM,MAIN,TRUE,TRUE,TBD,FALSE
2022-07-29T04:45:00Z,13.93,beaver_creek_usgs_temp_3,60.65107,-151.09076,US/Alaska (UTC-9 / UTC-8),"west fork beaver creek, upstream of marathon road",Beaver Creek,STREAM,MAIN,TRUE,TRUE,TBD,FALSE
2022-07-29T05:00:00Z,13.834,beaver_creek_usgs_temp_3,60.65107,-151.09076,US/Alaska (UTC-9 / UTC-8),"west fork beaver creek, upstream of marathon road",Beaver Creek,STREAM,MAIN,TRUE,TRUE,TBD,FALSE
2022-07-29T05:15:00Z,13.762,beaver_creek_usgs_temp_3,60.65107,-151.09076,US/Alaska (UTC-9 / UTC-8),"west fork beaver creek, upstream of marathon road",Beaver Creek,STREAM,MAIN,TRUE,TRUE,TBD,FALSE
2022-07-29T05:30:00Z,13.666,beaver_creek_usgs_temp_3,60.65107,-151.09076,US/Alaska (UTC-9 / UTC-8),"west fork beaver creek, upstream of marathon road",Beaver Creek,STREAM,MAIN,TRUE,TRUE,TBD,FALSE
2022-07-29T05:45:00Z,13.594,beaver_creek_usgs_temp_3,60.65107,-151.09076,US/Alaska (UTC-9 / UTC-8),"west fork beaver creek, upstream of marathon road",Beaver Creek,STREAM,MAIN,TRUE,TRUE,TBD,FALSE
2022-07-29T06:00:00Z,13.522,beaver_creek_usgs_temp_3,60.65107,-151.09076,US/Alaska (UTC-9 / UTC-8),"west fork beaver creek, upstream of marathon road",Beaver Creek,STREAM,MAIN,TRUE,TRUE,TBD,FALSE
2022-07-29T06:15:00Z,13.473,beaver_creek_usgs_temp_3,60.65107,-151.09076,US/Alaska (UTC-9 / UTC-8),"west fork beaver creek, upstream of marathon road",Beaver Creek,STREAM,MAIN,TRUE,TRUE,TBD,FALSE
2022-07-29T06:30:00Z,13.401,beaver_creek_usgs_temp_3,60.65107,-151.09076,US/Alaska (UTC-9 / UTC-8),"west fork beaver creek, upstream of marathon road",Beaver Creek,STREAM,MAIN,TRUE,TRUE,TBD,FALSE
2022-07-29T06:45:00Z,13.329,beaver_creek_usgs_temp_3,60.65107,-151.09076,US/Alaska (UTC-9 / UTC-8),"west fork beaver creek, upstream of marathon road",Beaver Creek,STREAM,MAIN,TRUE,TRUE,TBD,FALSE
2022-07-29T07:00:00Z,13.305,beaver_creek_usgs_temp_3,60.65107,-151.09076,US/Alaska (UTC-9 / UTC-8),"west fork beaver creek, upstream of marathon road",Beaver Creek,STREAM,MAIN,TRUE,TRUE,TBD,FALSE
2022-07-29T07:15:00Z,13.257,beaver_creek_usgs_temp_3,60.65107,-151.09076,US/Alaska (UTC-9 / UTC-8),"west fork beaver creek, upstream of marathon road",Beaver Creek,STREAM,MAIN,TRUE,TRUE,TBD,FALSE
2022-07-29T07:30:00Z,13.257,beaver_creek_usgs_temp_3,60.65107,-151.09076,US/Alaska (UTC-9 / UTC-8),"west fork beaver creek, upstream of marathon road",Beaver Creek,STREAM,MAIN,TRUE,TRUE,TBD,FALSE
2022-07-29T07:45:00Z,13.281,beaver_creek_usgs_temp_3,60.65107,-151.09076,US/Alaska (UTC-9 / UTC-8),"west fork beaver creek, upstream of marathon road",Beaver Creek,STREAM,MAIN,TRUE,TRUE,TBD,FALSE
2022-07-29T08:00:00Z,13.305,beaver_creek_usgs_temp_3,60.65107,-151.09076,US/Alaska (UTC-9 / UTC-8),"west fork beaver creek, upstream of marathon road",Beaver Creek,STREAM,MAIN,TRUE,TRUE,TBD,FALSE
2022-07-29T08:15:00Z,13.329,beaver_creek_usgs_temp_3,60.65107,-151.09076,US/Alaska (UTC-9 / UTC-8),"west fork beaver creek, upstream of marathon road",Beaver Creek,STREAM,MAIN,TRUE,TRUE,TBD,FALSE
2022-07-29T08:30:00Z,13.377,beaver_creek_usgs_temp_3,60.65107,-151.09076,US/Alaska (UTC-9 / UTC-8),"west fork beaver creek, upstream of marathon road",Beaver Creek,STREAM,MAIN,TRUE,TRUE,TBD,FALSE
2022-07-29T08:45:00Z,13.425,beaver_creek_usgs_temp_3,60.65107,-151.09076,US/Alaska (UTC-9 / UTC-8),"west fork beaver creek, upstream of marathon road",Beaver Creek,STREAM,MAIN,TRUE,TRUE,TBD,FALSE
2022-07-29T09:00:00Z,13.473,beaver_creek_usgs_temp_3,60.65107,-151.09076,US/Alaska (UTC-9 / UTC-8),"west fork beaver creek, upstream of marathon road",Beaver Creek,STREAM,MAIN,TRUE,TRUE,TBD,FALSE
2022-07-29T09:15:00Z,13.546,beaver_creek_usgs_temp_3,60.65107,-151.09076,US/Alaska (UTC-9 / UTC-8),"west fork beaver creek, upstream of marathon road",Beaver Creek,STREAM,MAIN,TRUE,TRUE,TBD,FALSE
2022-07-29T09:30:00Z,13.642,beaver_creek_usgs_temp_3,60.65107,-151.09076,US/Alaska (UTC-9 / UTC-8),"west fork beaver creek, upstream of marathon road",Beaver Creek,STREAM,MAIN,TRUE,TRUE,TBD,FALSE
2022-07-29T09:45:00Z,13.738,beaver_creek_usgs_temp_3,60.65107,-151.09076,US/Alaska (UTC-9 / UTC-8),"west fork beaver creek, upstream of marathon road",Beaver Creek,STREAM,MAIN,TRUE,TRUE,TBD,FALSE
2022-07-29T10:00:00Z,13.858,beaver_creek_usgs_temp_3,60.65107,-151.09076,US/Alaska (UTC-9 / UTC-8),"west fork beaver creek, upstream of marathon road",Beaver Creek,STREAM,MAIN,TRUE,TRUE,TBD,FALSE
2022-07-29T10:15:00Z,13.954,beaver_creek_usgs_temp_3,60.65107,-151.09076,US/Alaska (UTC-9 / UTC-8),"west fork beaver creek, upstream of marathon road",Beaver Creek,STREAM,MAIN,TRUE,TRUE,TBD,FALSE
2022-07-29T10:30:00Z,14.074,beaver_creek_usgs_temp_3,60.65107,-151.09076,US/Alaska (UTC-9 / UTC-8),"west fork beaver creek, upstream of marathon road",Beaver Creek,STREAM,MAIN,TRUE,TRUE,TBD,FALSE
2022-07-29T10:45:00Z,14.146,beaver_creek_usgs_temp_3,60.65107,-151.09076,US/Alaska (UTC-9 / UTC-8),"west fork beaver creek, upstream of marathon road",Beaver Creek,STREAM,MAIN,TRUE,TRUE,TBD,FALSE
2022-07-29T11:00:00Z,14.194,beaver_creek_usgs_temp_3,60.65107,-151.09076,US/Alaska (UTC-9 / UTC-8),"west fork beaver creek, upstream of marathon road",Beaver Creek,STREAM,MAIN,TRUE,TRUE,TBD,FALSE
2022-07-29T11:15:00Z,14.242,beaver_creek_usgs_temp_3,60.65107,-151.09076,US/Alaska (UTC-9 / UTC-8),"west fork beaver creek, upstream of marathon road",Beaver Creek,STREAM,MAIN,TRUE,TRUE,TBD,FALSE
2022-07-29T11:30:00Z,14.409,beaver_creek_usgs_temp_3,60.65107,-151.09076,US/Alaska (UTC-9 / UTC-8),"west fork beaver creek, upstream of marathon road",Beaver Creek,STREAM,MAIN,TRUE,TRUE,TBD,FALSE
2022-07-29T11:45:00Z,14.601,beaver_creek_usgs_temp_3,60.65107,-151.09076,US/Alaska (UTC-9 / UTC-8),"west fork beaver creek, upstream of marathon road",Beaver Creek,STREAM,MAIN,TRUE,TRUE,TBD,FALSE
2022-07-29T12:00:00Z,14.768,beaver_creek_usgs_temp_3,60.65107,-151.09076,US/Alaska (UTC-9 / UTC-8),"west fork beaver creek, upstream of marathon road",Beaver Creek,STREAM,MAIN,TRUE,TRUE,TBD,FALSE
2022-07-29T12:15:00Z,14.912,beaver_creek_usgs_temp_3,60.65107,-151.09076,US/Alaska (UTC-9 / UTC-8),"west fork beaver creek, upstream of marathon road",Beaver Creek,STREAM,MAIN,TRUE,TRUE,TBD,FALSE
2022-07-29T12:30:00Z,15.055,beaver_creek_usgs_temp_3,60.65107,-151.09076,US/Alaska (UTC-9 / UTC-8),"west fork beaver creek, upstream of marathon road",Beaver Creek,STREAM,MAIN,TRUE,TRUE,TBD,FALSE
2022-07-29T12:45:00Z,15.199,beaver_creek_usgs_temp_3,60.65107,-151.09076,US/Alaska (UTC-9 / UTC-8),"west fork beaver creek, upstream of marathon road",Beaver Creek,STREAM,MAIN,TRUE,TRUE,TBD,FALSE
2022-07-29T13:00:00Z,15.294,beaver_creek_usgs_temp_3,60.65107,-151.09076,US/Alaska (UTC-9 / UTC-8),"west fork beaver creek, upstream of marathon road",Beaver Creek,STREAM,MAIN,TRUE,TRUE,TBD,FALSE
2022-07-29T13:15:00Z,15.414,beaver_creek_usgs_temp_3,60.65107,-151.09076,US/Alaska (UTC-9 / UTC-8),"west fork beaver creek, upstream of marathon road",Beaver Creek,STREAM,MAIN,TRUE,TRUE,TBD,FALSE
2022-07-29T13:30:00Z,15.509,beaver_creek_usgs_temp_3,60.65107,-151.09076,US/Alaska (UTC-9 / UTC-8),"west fork beaver creek, upstream of marathon road",Beaver Creek,STREAM,MAIN,TRUE,TRUE,TBD,FALSE
2022-07-29T13:45:00Z,15.652,beaver_creek_usgs_temp_3,60.65107,-151.09076,US/Alaska (UTC-9 / UTC-8),"west fork beaver creek, upstream of marathon road",Beaver Creek,STREAM,MAIN,TRUE,TRUE,TBD,FALSE
2022-07-29T14:00:00Z,15.819,beaver_creek_usgs_temp_3,60.65107,-151.09076,US/Alaska (UTC-9 / UTC-8),"west fork beaver creek, upstream of marathon road",Beaver Creek,STREAM,MAIN,TRUE,TRUE,TBD,FALSE
2022-07-29T14:15:00Z,15.963,beaver_creek_usgs_temp_3,60.65107,-151.09076,US/Alaska (UTC-9 / UTC-8),"west fork beaver creek, upstream of marathon road",Beaver Creek,STREAM,MAIN,TRUE,TRUE,TBD,FALSE
2022-07-29T14:30:00Z,16.082,beaver_creek_usgs_temp_3,60.65107,-151.09076,US/Alaska (UTC-9 / UTC-8),"west fork beaver creek, upstream of marathon road",Beaver Creek,STREAM,MAIN,TRUE,TRUE,TBD,FALSE
2022-07-29T14:45:00Z,16.177,beaver_creek_usgs_temp_3,60.65107,-151.09076,US/Alaska (UTC-9 / UTC-8),"west fork beaver creek, upstream of marathon road",Beaver Creek,STREAM,MAIN,TRUE,TRUE,TBD,FALSE
2022-07-29T15:00:00Z,16.249,beaver_creek_usgs_temp_3,60.65107,-151.09076,US/Alaska (UTC-9 / UTC-8),"west fork beaver creek, upstream of marathon road",Beaver Creek,STREAM,MAIN,TRUE,TRUE,TBD,FALSE
2022-07-29T15:15:00Z,16.368,beaver_creek_usgs_temp_3,60.65107,-151.09076,US/Alaska (UTC-9 / UTC-8),"west fork beaver creek, upstream of marathon road",Beaver Creek,STREAM,MAIN,TRUE,TRUE,TBD,FALSE
2022-07-29T15:30:00Z,16.439,beaver_creek_usgs_temp_3,60.65107,-151.09076,US/Alaska (UTC-9 / UTC-8),"west fork beaver creek, upstream of marathon road",Beaver Creek,STREAM,MAIN,TRUE,TRUE,TBD,FALSE
2022-07-29T15:45:00Z,16.534,beaver_creek_usgs_temp_3,60.65107,-151.09076,US/Alaska (UTC-9 / UTC-8),"west fork beaver creek, upstream of marathon road",Beaver Creek,STREAM,MAIN,TRUE,TRUE,TBD,FALSE
2022-07-29T16:00:00Z,16.63,beaver_creek_usgs_temp_3,60.65107,-151.09076,US/Alaska (UTC-9 / UTC-8),"west fork beaver creek, upstream of marathon road",Beaver Creek,STREAM,MAIN,TRUE,TRUE,TBD,FALSE
2022-07-29T16:15:00Z,16.725,beaver_creek_usgs_temp_3,60.65107,-151.09076,US/Alaska (UTC-9 / UTC-8),"west fork beaver creek, upstream of marathon road",Beaver Creek,STREAM,MAIN,TRUE,TRUE,TBD,FALSE
2022-07-29T16:30:00Z,16.796,beaver_creek_usgs_temp_3,60.65107,-151.09076,US/Alaska (UTC-9 / UTC-8),"west fork beaver creek, upstream of marathon road",Beaver Creek,STREAM,MAIN,TRUE,TRUE,TBD,FALSE
2022-07-29T16:45:00Z,16.868,beaver_creek_usgs_temp_3,60.65107,-151.09076,US/Alaska (UTC-9 / UTC-8),"west fork beaver creek, upstream of marathon road",Beaver Creek,STREAM,MAIN,TRUE,TRUE,TBD,FALSE
2022-07-29T17:00:00Z,16.963,beaver_creek_usgs_temp_3,60.65107,-151.09076,US/Alaska (UTC-9 / UTC-8),"west fork beaver creek, upstream of marathon road",Beaver Creek,STREAM,MAIN,TRUE,TRUE,TBD,FALSE
2022-07-29T17:15:00Z,16.987,beaver_creek_usgs_temp_3,60.65107,-151.09076,US/Alaska (UTC-9 / UTC-8),"west fork beaver creek, upstream of marathon road",Beaver Creek,STREAM,MAIN,TRUE,TRUE,TBD,FALSE
2022-07-29T17:30:00Z,16.915,beaver_creek_usgs_temp_3,60.65107,-151.09076,US/Alaska (UTC-9 / UTC-8),"west fork beaver creek, upstream of marathon road",Beaver Creek,STREAM,MAIN,TRUE,TRUE,TBD,FALSE
2022-07-29T17:45:00Z,16.892,beaver_creek_usgs_temp_3,60.65107,-151.09076,US/Alaska (UTC-9 / UTC-8),"west fork beaver creek, upstream of marathon road",Beaver Creek,STREAM,MAIN,TRUE,TRUE,TBD,FALSE
2022-07-29T18:00:00Z,16.892,beaver_creek_usgs_temp_3,60.65107,-151.09076,US/Alaska (UTC-9 / UTC-8),"west fork beaver creek, upstream of marathon road",Beaver Creek,STREAM,MAIN,TRUE,TRUE,TBD,FALSE
2022-07-29T18:15:00Z,16.915,beaver_creek_usgs_temp_3,60.65107,-151.09076,US/Alaska (UTC-9 / UTC-8),"west fork beaver creek, upstream of marathon road",Beaver Creek,STREAM,MAIN,TRUE,TRUE,TBD,FALSE
2022-07-29T18:30:00Z,16.915,beaver_creek_usgs_temp_3,60.65107,-151.09076,US/Alaska (UTC-9 / UTC-8),"west fork beaver creek, upstream of marathon road",Beaver Creek,STREAM,MAIN,TRUE,TRUE,TBD,FALSE
2022-07-29T18:45:00Z,16.868,beaver_creek_usgs_temp_3,60.65107,-151.09076,US/Alaska (UTC-9 / UTC-8),"west fork beaver creek, upstream of marathon road",Beaver Creek,STREAM,MAIN,TRUE,TRUE,TBD,FALSE
2022-07-29T19:00:00Z,16.844,beaver_creek_usgs_temp_3,60.65107,-151.09076,US/Alaska (UTC-9 / UTC-8),"west fork beaver creek, upstream of marathon road",Beaver Creek,STREAM,MAIN,TRUE,TRUE,TBD,FALSE
2022-07-29T19:15:00Z,16.82,beaver_creek_usgs_temp_3,60.65107,-151.09076,US/Alaska (UTC-9 / UTC-8),"west fork beaver creek, upstream of marathon road",Beaver Creek,STREAM,MAIN,TRUE,TRUE,TBD,FALSE
2022-07-29T19:30:00Z,16.773,beaver_creek_usgs_temp_3,60.65107,-151.09076,US/Alaska (UTC-9 / UTC-8),"west fork beaver creek, upstream of marathon road",Beaver Creek,STREAM,MAIN,TRUE,TRUE,TBD,FALSE
2022-07-29T19:45:00Z,16.749,beaver_creek_usgs_temp_3,60.65107,-151.09076,US/Alaska (UTC-9 / UTC-8),"west fork beaver creek, upstream of marathon road",Beaver Creek,STREAM,MAIN,TRUE,TRUE,TBD,FALSE
2022-07-29T20:00:00Z,16.749,beaver_creek_usgs_temp_3,60.65107,-151.09076,US/Alaska (UTC-9 / UTC-8),"west fork beaver creek, upstream of marathon road",Beaver Creek,STREAM,MAIN,TRUE,TRUE,TBD,FALSE
2022-07-29T20:15:00Z,16.701,beaver_creek_usgs_temp_3,60.65107,-151.09076,US/Alaska (UTC-9 / UTC-8),"west fork beaver creek, upstream of marathon road",Beaver Creek,STREAM,MAIN,TRUE,TRUE,TBD,FALSE
2022-07-29T20:30:00Z,16.677,beaver_creek_usgs_temp_3,60.65107,-151.09076,US/Alaska (UTC-9 / UTC-8),"west fork beaver creek, upstream of marathon road",Beaver Creek,STREAM,MAIN,TRUE,TRUE,TBD,FALSE
2022-07-29T20:45:00Z,16.582,beaver_creek_usgs_temp_3,60.65107,-151.09076,US/Alaska (UTC-9 / UTC-8),"west fork beaver creek, upstream of marathon road",Beaver Creek,STREAM,MAIN,TRUE,TRUE,TBD,FALSE
2022-07-29T21:00:00Z,16.511,beaver_creek_usgs_temp_3,60.65107,-151.09076,US/Alaska (UTC-9 / UTC-8),"west fork beaver creek, upstream of marathon road",Beaver Creek,STREAM,MAIN,TRUE,TRUE,TBD,FALSE
2022-07-29T21:15:00Z,16.439,beaver_creek_usgs_temp_3,60.65107,-151.09076,US/Alaska (UTC-9 / UTC-8),"west fork beaver creek, upstream of marathon road",Beaver Creek,STREAM,MAIN,TRUE,TRUE,TBD,FALSE
2022-07-29T21:30:00Z,16.392,beaver_creek_usgs_temp_3,60.65107,-151.09076,US/Alaska (UTC-9 / UTC-8),"west fork beaver creek, upstream of marathon road",Beaver Creek,STREAM,MAIN,TRUE,TRUE,TBD,FALSE
2022-07-29T21:45:00Z,16.32,beaver_creek_usgs_temp_3,60.65107,-151.09076,US/Alaska (UTC-9 / UTC-8),"west fork beaver creek, upstream of marathon road",Beaver Creek,STREAM,MAIN,TRUE,TRUE,TBD,FALSE
2022-07-29T22:00:00Z,16.272,beaver_creek_usgs_temp_3,60.65107,-151.09076,US/Alaska (UTC-9 / UTC-8),"west fork beaver creek, upstream of marathon road",Beaver Creek,STREAM,MAIN,TRUE,TRUE,TBD,FALSE
2022-07-29T22:15:00Z,16.225,beaver_creek_usgs_temp_3,60.65107,-151.09076,US/Alaska (UTC-9 / UTC-8),"west fork beaver creek, upstream of marathon road",Beaver Creek,STREAM,MAIN,TRUE,TRUE,TBD,FALSE
2022-07-29T22:30:00Z,16.177,beaver_creek_usgs_temp_3,60.65107,-151.09076,US/Alaska (UTC-9 / UTC-8),"west fork beaver creek, upstream of marathon road",Beaver Creek,STREAM,MAIN,TRUE,TRUE,TBD,FALSE
2022-07-29T22:45:00Z,16.129,beaver_creek_usgs_temp_3,60.65107,-151.09076,US/Alaska (UTC-9 / UTC-8),"west fork beaver creek, upstream of marathon road",Beaver Creek,STREAM,MAIN,TRUE,TRUE,TBD,FALSE
2022-07-29T23:00:00Z,16.082,beaver_creek_usgs_temp_3,60.65107,-151.09076,US/Alaska (UTC-9 / UTC-8),"west fork beaver creek, upstream of marathon road",Beaver Creek,STREAM,MAIN,TRUE,TRUE,TBD,FALSE
2022-07-29T23:15:00Z,16.034,beaver_creek_usgs_temp_3,60.65107,-151.09076,US/Alaska (UTC-9 / UTC-8),"west fork beaver creek, upstream of marathon road",Beaver Creek,STREAM,MAIN,TRUE,TRUE,TBD,FALSE
2022-07-29T23:30:00Z,16.01,beaver_creek_usgs_temp_3,60.65107,-151.09076,US/Alaska (UTC-9 / UTC-8),"west fork beaver creek, upstream of marathon road",Beaver Creek,STREAM,MAIN,TRUE,TRUE,TBD,FALSE
2022-07-29T23:45:00Z,15.963,beaver_creek_usgs_temp_3,60.65107,-151.09076,US/Alaska (UTC-9 / UTC-8),"west fork beaver creek, upstream of marathon road",Beaver Creek,STREAM,MAIN,TRUE,TRUE,TBD,FALSE
2022-07-30T00:00:00Z,15.939,beaver_creek_usgs_temp_3,60.65107,-151.09076,US/Alaska (UTC-9 / UTC-8),"west fork beaver creek, upstream of marathon road",Beaver Creek,STREAM,MAIN,TRUE,TRUE,TBD,FALSE
2022-07-30T00:15:00Z,15.891,beaver_creek_usgs_temp_3,60.65107,-151.09076,US/Alaska (UTC-9 / UTC-8),"west fork beaver creek, upstream of marathon road",Beaver Creek,STREAM,MAIN,TRUE,TRUE,TBD,FALSE
2022-07-30T00:30:00Z,15.867,beaver_creek_usgs_temp_3,60.65107,-151.09076,US/Alaska (UTC-9 / UTC-8),"west fork beaver creek, upstream of marathon road",Beaver Creek,STREAM,MAIN,TRUE,TRUE,TBD,FALSE
2022-07-30T00:45:00Z,15.843,beaver_creek_usgs_temp_3,60.65107,-151.09076,US/Alaska (UTC-9 / UTC-8),"west fork beaver creek, upstream of marathon road",Beaver Creek,STREAM,MAIN,TRUE,TRUE,TBD,FALSE
2022-07-30T01:00:00Z,15.819,beaver_creek_usgs_temp_3,60.65107,-151.09076,US/Alaska (UTC-9 / UTC-8),"west fork beaver creek, upstream of marathon road",Beaver Creek,STREAM,MAIN,TRUE,TRUE,TBD,FALSE
2022-07-30T01:15:00Z,15.796,beaver_creek_usgs_temp_3,60.65107,-151.09076,US/Alaska (UTC-9 / UTC-8),"west fork beaver creek, upstream of marathon road",Beaver Creek,STREAM,MAIN,TRUE,TRUE,TBD,FALSE
2022-07-30T01:30:00Z,15.748,beaver_creek_usgs_temp_3,60.65107,-151.09076,US/Alaska (UTC-9 / UTC-8),"west fork beaver creek, upstream of marathon road",Beaver Creek,STREAM,MAIN,TRUE,TRUE,TBD,FALSE
2022-07-30T01:45:00Z,15.724,beaver_creek_usgs_temp_3,60.65107,-151.09076,US/Alaska (UTC-9 / UTC-8),"west fork beaver creek, upstream of marathon road",Beaver Creek,STREAM,MAIN,TRUE,TRUE,TBD,FALSE
2022-07-30T02:00:00Z,15.7,beaver_creek_usgs_temp_3,60.65107,-151.09076,US/Alaska (UTC-9 / UTC-8),"west fork beaver creek, upstream of marathon road",Beaver Creek,STREAM,MAIN,TRUE,TRUE,TBD,FALSE
2022-07-30T02:15:00Z,15.676,beaver_creek_usgs_temp_3,60.65107,-151.09076,US/Alaska (UTC-9 / UTC-8),"west fork beaver creek, upstream of marathon road",Beaver Creek,STREAM,MAIN,TRUE,TRUE,TBD,FALSE
2022-07-30T02:30:00Z,15.652,beaver_creek_usgs_temp_3,60.65107,-151.09076,US/Alaska (UTC-9 / UTC-8),"west fork beaver creek, upstream of marathon road",Beaver Creek,STREAM,MAIN,TRUE,TRUE,TBD,FALSE
2022-07-30T02:45:00Z,15.629,beaver_creek_usgs_temp_3,60.65107,-151.09076,US/Alaska (UTC-9 / UTC-8),"west fork beaver creek, upstream of marathon road",Beaver Creek,STREAM,MAIN,TRUE,TRUE,TBD,FALSE
2022-07-30T03:00:00Z,15.605,beaver_creek_usgs_temp_3,60.65107,-151.09076,US/Alaska (UTC-9 / UTC-8),"west fork beaver creek, upstream of marathon road",Beaver Creek,STREAM,MAIN,TRUE,TRUE,TBD,FALSE
2022-07-30T03:15:00Z,15.581,beaver_creek_usgs_temp_3,60.65107,-151.09076,US/Alaska (UTC-9 / UTC-8),"west fork beaver creek, upstream of marathon road",Beaver Creek,STREAM,MAIN,TRUE,TRUE,TBD,FALSE
2022-07-30T03:30:00Z,15.557,beaver_creek_usgs_temp_3,60.65107,-151.09076,US/Alaska (UTC-9 / UTC-8),"west fork beaver creek, upstream of marathon road",Beaver Creek,STREAM,MAIN,TRUE,TRUE,TBD,FALSE
2022-07-30T03:45:00Z,15.533,beaver_creek_usgs_temp_3,60.65107,-151.09076,US/Alaska (UTC-9 / UTC-8),"west fork beaver creek, upstream of marathon road",Beaver Creek,STREAM,MAIN,TRUE,TRUE,TBD,FALSE
2022-07-30T04:00:00Z,15.485,beaver_creek_usgs_temp_3,60.65107,-151.09076,US/Alaska (UTC-9 / UTC-8),"west fork beaver creek, upstream of marathon road",Beaver Creek,STREAM,MAIN,TRUE,TRUE,TBD,FALSE
2022-07-30T04:15:00Z,15.485,beaver_creek_usgs_temp_3,60.65107,-151.09076,US/Alaska (UTC-9 / UTC-8),"west fork beaver creek, upstream of marathon road",Beaver Creek,STREAM,MAIN,TRUE,TRUE,TBD,FALSE
2022-07-30T04:30:00Z,15.438,beaver_creek_usgs_temp_3,60.65107,-151.09076,US/Alaska (UTC-9 / UTC-8),"west fork beaver creek, upstream of marathon road",Beaver Creek,STREAM,MAIN,TRUE,TRUE,TBD,FALSE
2022-07-30T04:45:00Z,15.438,beaver_creek_usgs_temp_3,60.65107,-151.09076,US/Alaska (UTC-9 / UTC-8),"west fork beaver creek, upstream of marathon road",Beaver Creek,STREAM,MAIN,TRUE,TRUE,TBD,FALSE
2022-07-30T05:00:00Z,15.39,beaver_creek_usgs_temp_3,60.65107,-151.09076,US/Alaska (UTC-9 / UTC-8),"west fork beaver creek, upstream of marathon road",Beaver Creek,STREAM,MAIN,TRUE,TRUE,TBD,FALSE
2022-07-30T05:15:00Z,15.366,beaver_creek_usgs_temp_3,60.65107,-151.09076,US/Alaska (UTC-9 / UTC-8),"west fork beaver creek, upstream of marathon road",Beaver Creek,STREAM,MAIN,TRUE,TRUE,TBD,FALSE
2022-07-30T05:30:00Z,15.342,beaver_creek_usgs_temp_3,60.65107,-151.09076,US/Alaska (UTC-9 / UTC-8),"west fork beaver creek, upstream of marathon road",Beaver Creek,STREAM,MAIN,TRUE,TRUE,TBD,FALSE
2022-07-30T05:45:00Z,15.318,beaver_creek_usgs_temp_3,60.65107,-151.09076,US/Alaska (UTC-9 / UTC-8),"west fork beaver creek, upstream of marathon road",Beaver Creek,STREAM,MAIN,TRUE,TRUE,TBD,FALSE
2022-07-30T06:00:00Z,15.294,beaver_creek_usgs_temp_3,60.65107,-151.09076,US/Alaska (UTC-9 / UTC-8),"west fork beaver creek, upstream of marathon road",Beaver Creek,STREAM,MAIN,TRUE,TRUE,TBD,FALSE
2022-07-30T06:15:00Z,15.27,beaver_creek_usgs_temp_3,60.65107,-151.09076,US/Alaska (UTC-9 / UTC-8),"west fork beaver creek, upstream of marathon road",Beaver Creek,STREAM,MAIN,TRUE,TRUE,TBD,FALSE
2022-07-30T06:30:00Z,15.247,beaver_creek_usgs_temp_3,60.65107,-151.09076,US/Alaska (UTC-9 / UTC-8),"west fork beaver creek, upstream of marathon road",Beaver Creek,STREAM,MAIN,TRUE,TRUE,TBD,FALSE
2022-07-30T06:45:00Z,15.223,beaver_creek_usgs_temp_3,60.65107,-151.09076,US/Alaska (UTC-9 / UTC-8),"west fork beaver creek, upstream of marathon road",Beaver Creek,STREAM,MAIN,TRUE,TRUE,TBD,FALSE
2022-07-30T07:00:00Z,15.199,beaver_creek_usgs_temp_3,60.65107,-151.09076,US/Alaska (UTC-9 / UTC-8),"west fork beaver creek, upstream of marathon road",Beaver Creek,STREAM,MAIN,TRUE,TRUE,TBD,FALSE
2022-07-30T07:15:00Z,15.199,beaver_creek_usgs_temp_3,60.65107,-151.09076,US/Alaska (UTC-9 / UTC-8),"west fork beaver creek, upstream of marathon road",Beaver Creek,STREAM,MAIN,TRUE,TRUE,TBD,FALSE
2022-07-30T07:30:00Z,15.199,beaver_creek_usgs_temp_3,60.65107,-151.09076,US/Alaska (UTC-9 / UTC-8),"west fork beaver creek, upstream of marathon road",Beaver Creek,STREAM,MAIN,TRUE,TRUE,TBD,FALSE
2022-07-30T07:45:00Z,15.199,beaver_creek_usgs_temp_3,60.65107,-151.09076,US/Alaska (UTC-9 / UTC-8),"west fork beaver creek, upstream of marathon road",Beaver Creek,STREAM,MAIN,TRUE,TRUE,TBD,FALSE
2022-07-30T08:00:00Z,15.199,beaver_creek_usgs_temp_3,60.65107,-151.09076,US/Alaska (UTC-9 / UTC-8),"west fork beaver creek, upstream of marathon road",Beaver Creek,STREAM,MAIN,TRUE,TRUE,TBD,FALSE
2022-07-30T08:15:00Z,15.223,beaver_creek_usgs_temp_3,60.65107,-151.09076,US/Alaska (UTC-9 / UTC-8),"west fork beaver creek, upstream of marathon road",Beaver Creek,STREAM,MAIN,TRUE,TRUE,TBD,FALSE
2022-07-30T08:30:00Z,15.247,beaver_creek_usgs_temp_3,60.65107,-151.09076,US/Alaska (UTC-9 / UTC-8),"west fork beaver creek, upstream of marathon road",Beaver Creek,STREAM,MAIN,TRUE,TRUE,TBD,FALSE
2022-07-30T08:45:00Z,15.294,beaver_creek_usgs_temp_3,60.65107,-151.09076,US/Alaska (UTC-9 / UTC-8),"west fork beaver creek, upstream of marathon road",Beaver Creek,STREAM,MAIN,TRUE,TRUE,TBD,FALSE
2022-07-30T09:00:00Z,15.342,beaver_creek_usgs_temp_3,60.65107,-151.09076,US/Alaska (UTC-9 / UTC-8),"west fork beaver creek, upstream of marathon road",Beaver Creek,STREAM,MAIN,TRUE,TRUE,TBD,FALSE
2022-07-30T09:15:00Z,15.39,beaver_creek_usgs_temp_3,60.65107,-151.09076,US/Alaska (UTC-9 / UTC-8),"west fork beaver creek, upstream of marathon road",Beaver Creek,STREAM,MAIN,TRUE,TRUE,TBD,FALSE
2022-07-30T09:30:00Z,15.438,beaver_creek_usgs_temp_3,60.65107,-151.09076,US/Alaska (UTC-9 / UTC-8),"west fork beaver creek, upstream of marathon road",Beaver Creek,STREAM,MAIN,TRUE,TRUE,TBD,FALSE
2022-07-30T09:45:00Z,15.461,beaver_creek_usgs_temp_3,60.65107,-151.09076,US/Alaska (UTC-9 / UTC-8),"west fork beaver creek, upstream of marathon road",Beaver Creek,STREAM,MAIN,TRUE,TRUE,TBD,FALSE
2022-07-30T10:00:00Z,15.509,beaver_creek_usgs_temp_3,60.65107,-151.09076,US/Alaska (UTC-9 / UTC-8),"west fork beaver creek, upstream of marathon road",Beaver Creek,STREAM,MAIN,TRUE,TRUE,TBD,FALSE
2022-07-30T10:15:00Z,15.557,beaver_creek_usgs_temp_3,60.65107,-151.09076,US/Alaska (UTC-9 / UTC-8),"west fork beaver creek, upstream of marathon road",Beaver Creek,STREAM,MAIN,TRUE,TRUE,TBD,FALSE
2022-07-30T10:30:00Z,15.605,beaver_creek_usgs_temp_3,60.65107,-151.09076,US/Alaska (UTC-9 / UTC-8),"west fork beaver creek, upstream of marathon road",Beaver Creek,STREAM,MAIN,TRUE,TRUE,TBD,FALSE
2022-07-30T10:45:00Z,15.629,beaver_creek_usgs_temp_3,60.65107,-151.09076,US/Alaska (UTC-9 / UTC-8),"west fork beaver creek, upstream of marathon road",Beaver Creek,STREAM,MAIN,TRUE,TRUE,TBD,FALSE
2022-07-30T11:00:00Z,15.676,beaver_creek_usgs_temp_3,60.65107,-151.09076,US/Alaska (UTC-9 / UTC-8),"west fork beaver creek, upstream of marathon road",Beaver Creek,STREAM,MAIN,TRUE,TRUE,TBD,FALSE
2022-07-30T11:15:00Z,15.676,beaver_creek_usgs_temp_3,60.65107,-151.09076,US/Alaska (UTC-9 / UTC-8),"west fork beaver creek, upstream of marathon road",Beaver Creek,STREAM,MAIN,TRUE,TRUE,TBD,FALSE
2022-07-30T11:30:00Z,15.676,beaver_creek_usgs_temp_3,60.65107,-151.09076,US/Alaska (UTC-9 / UTC-8),"west fork beaver creek, upstream of marathon road",Beaver Creek,STREAM,MAIN,TRUE,TRUE,TBD,FALSE
2022-07-30T11:45:00Z,15.7,beaver_creek_usgs_temp_3,60.65107,-151.09076,US/Alaska (UTC-9 / UTC-8),"west fork beaver creek, upstream of marathon road",Beaver Creek,STREAM,MAIN,TRUE,TRUE,TBD,FALSE
2022-07-30T12:00:00Z,15.748,beaver_creek_usgs_temp_3,60.65107,-151.09076,US/Alaska (UTC-9 / UTC-8),"west fork beaver creek, upstream of marathon road",Beaver Creek,STREAM,MAIN,TRUE,TRUE,TBD,FALSE
2022-07-30T12:15:00Z,15.819,beaver_creek_usgs_temp_3,60.65107,-151.09076,US/Alaska (UTC-9 / UTC-8),"west fork beaver creek, upstream of marathon road",Beaver Creek,STREAM,MAIN,TRUE,TRUE,TBD,FALSE
2022-07-30T12:30:00Z,15.843,beaver_creek_usgs_temp_3,60.65107,-151.09076,US/Alaska (UTC-9 / UTC-8),"west fork beaver creek, upstream of marathon road",Beaver Creek,STREAM,MAIN,TRUE,TRUE,TBD,FALSE
2022-07-30T12:45:00Z,15.867,beaver_creek_usgs_temp_3,60.65107,-151.09076,US/Alaska (UTC-9 / UTC-8),"west fork beaver creek, upstream of marathon road",Beaver Creek,STREAM,MAIN,TRUE,TRUE,TBD,FALSE
2022-07-30T13:00:00Z,15.939,beaver_creek_usgs_temp_3,60.65107,-151.09076,US/Alaska (UTC-9 / UTC-8),"west fork beaver creek, upstream of marathon road",Beaver Creek,STREAM,MAIN,TRUE,TRUE,TBD,FALSE
2022-07-30T13:15:00Z,16.01,beaver_creek_usgs_temp_3,60.65107,-151.09076,US/Alaska (UTC-9 / UTC-8),"west fork beaver creek, upstream of marathon road",Beaver Creek,STREAM,MAIN,TRUE,TRUE,TBD,FALSE
2022-07-30T13:30:00Z,16.082,beaver_creek_usgs_temp_3,60.65107,-151.09076,US/Alaska (UTC-9 / UTC-8),"west fork beaver creek, upstream of marathon road",Beaver Creek,STREAM,MAIN,TRUE,TRUE,TBD,FALSE
2022-07-30T13:45:00Z,16.153,beaver_creek_usgs_temp_3,60.65107,-151.09076,US/Alaska (UTC-9 / UTC-8),"west fork beaver creek, upstream of marathon road",Beaver Creek,STREAM,MAIN,TRUE,TRUE,TBD,FALSE
2022-07-30T14:00:00Z,16.177,beaver_creek_usgs_temp_3,60.65107,-151.09076,US/Alaska (UTC-9 / UTC-8),"west fork beaver creek, upstream of marathon road",Beaver Creek,STREAM,MAIN,TRUE,TRUE,TBD,FALSE
2022-07-30T14:15:00Z,16.249,beaver_creek_usgs_temp_3,60.65107,-151.09076,US/Alaska (UTC-9 / UTC-8),"west fork beaver creek, upstream of marathon road",Beaver Creek,STREAM,MAIN,TRUE,TRUE,TBD,FALSE
2022-07-30T14:30:00Z,16.392,beaver_creek_usgs_temp_3,60.65107,-151.09076,US/Alaska (UTC-9 / UTC-8),"west fork beaver creek, upstream of marathon road",Beaver Creek,STREAM,MAIN,TRUE,TRUE,TBD,FALSE
2022-07-30T14:45:00Z,16.511,beaver_creek_usgs_temp_3,60.65107,-151.09076,US/Alaska (UTC-9 / UTC-8),"west fork beaver creek, upstream of marathon road",Beaver Creek,STREAM,MAIN,TRUE,TRUE,TBD,FALSE
2022-07-30T15:00:00Z,16.534,beaver_creek_usgs_temp_3,60.65107,-151.09076,US/Alaska (UTC-9 / UTC-8),"west fork beaver creek, upstream of marathon road",Beaver Creek,STREAM,MAIN,TRUE,TRUE,TBD,FALSE
2022-07-30T15:15:00Z,16.534,beaver_creek_usgs_temp_3,60.65107,-151.09076,US/Alaska (UTC-9 / UTC-8),"west fork beaver creek, upstream of marathon road",Beaver Creek,STREAM,MAIN,TRUE,TRUE,TBD,FALSE
2022-07-30T15:30:00Z,16.534,beaver_creek_usgs_temp_3,60.65107,-151.09076,US/Alaska (UTC-9 / UTC-8),"west fork beaver creek, upstream of marathon road",Beaver Creek,STREAM,MAIN,TRUE,TRUE,TBD,FALSE
2022-07-30T15:45:00Z,16.582,beaver_creek_usgs_temp_3,60.65107,-151.09076,US/Alaska (UTC-9 / UTC-8),"west fork beaver creek, upstream of marathon road",Beaver Creek,STREAM,MAIN,TRUE,TRUE,TBD,FALSE
2022-07-30T16:00:00Z,16.606,beaver_creek_usgs_temp_3,60.65107,-151.09076,US/Alaska (UTC-9 / UTC-8),"west fork beaver creek, upstream of marathon road",Beaver Creek,STREAM,MAIN,TRUE,TRUE,TBD,FALSE
2022-07-30T16:15:00Z,16.63,beaver_creek_usgs_temp_3,60.65107,-151.09076,US/Alaska (UTC-9 / UTC-8),"west fork beaver creek, upstream of marathon road",Beaver Creek,STREAM,MAIN,TRUE,TRUE,TBD,FALSE
2022-07-30T16:30:00Z,16.63,beaver_creek_usgs_temp_3,60.65107,-151.09076,US/Alaska (UTC-9 / UTC-8),"west fork beaver creek, upstream of marathon road",Beaver Creek,STREAM,MAIN,TRUE,TRUE,TBD,FALSE
2022-07-30T16:45:00Z,16.63,beaver_creek_usgs_temp_3,60.65107,-151.09076,US/Alaska (UTC-9 / UTC-8),"west fork beaver creek, upstream of marathon road",Beaver Creek,STREAM,MAIN,TRUE,TRUE,TBD,FALSE
2022-07-30T17:00:00Z,16.63,beaver_creek_usgs_temp_3,60.65107,-151.09076,US/Alaska (UTC-9 / UTC-8),"west fork beaver creek, upstream of marathon road",Beaver Creek,STREAM,MAIN,TRUE,TRUE,TBD,FALSE
2022-07-30T17:15:00Z,16.677,beaver_creek_usgs_temp_3,60.65107,-151.09076,US/Alaska (UTC-9 / UTC-8),"west fork beaver creek, upstream of marathon road",Beaver Creek,STREAM,MAIN,TRUE,TRUE,TBD,FALSE
2022-07-30T17:30:00Z,16.677,beaver_creek_usgs_temp_3,60.65107,-151.09076,US/Alaska (UTC-9 / UTC-8),"west fork beaver creek, upstream of marathon road",Beaver Creek,STREAM,MAIN,TRUE,TRUE,TBD,FALSE
2022-07-30T17:45:00Z,16.654,beaver_creek_usgs_temp_3,60.65107,-151.09076,US/Alaska (UTC-9 / UTC-8),"west fork beaver creek, upstream of marathon road",Beaver Creek,STREAM,MAIN,TRUE,TRUE,TBD,FALSE
2022-07-30T18:00:00Z,16.654,beaver_creek_usgs_temp_3,60.65107,-151.09076,US/Alaska (UTC-9 / UTC-8),"west fork beaver creek, upstream of marathon road",Beaver Creek,STREAM,MAIN,TRUE,TRUE,TBD,FALSE
2022-07-30T18:15:00Z,16.654,beaver_creek_usgs_temp_3,60.65107,-151.09076,US/Alaska (UTC-9 / UTC-8),"west fork beaver creek, upstream of marathon road",Beaver Creek,STREAM,MAIN,TRUE,TRUE,TBD,FALSE
2022-07-30T18:30:00Z,16.654,beaver_creek_usgs_temp_3,60.65107,-151.09076,US/Alaska (UTC-9 / UTC-8),"west fork beaver creek, upstream of marathon road",Beaver Creek,STREAM,MAIN,TRUE,TRUE,TBD,FALSE
2022-07-30T18:45:00Z,16.63,beaver_creek_usgs_temp_3,60.65107,-151.09076,US/Alaska (UTC-9 / UTC-8),"west fork beaver creek, upstream of marathon road",Beaver Creek,STREAM,MAIN,TRUE,TRUE,TBD,FALSE
2022-07-30T19:00:00Z,16.606,beaver_creek_usgs_temp_3,60.65107,-151.09076,US/Alaska (UTC-9 / UTC-8),"west fork beaver creek, upstream of marathon road",Beaver Creek,STREAM,MAIN,TRUE,TRUE,TBD,FALSE
2022-07-30T19:15:00Z,16.582,beaver_creek_usgs_temp_3,60.65107,-151.09076,US/Alaska (UTC-9 / UTC-8),"west fork beaver creek, upstream of marathon road",Beaver Creek,STREAM,MAIN,TRUE,TRUE,TBD,FALSE
2022-07-30T19:30:00Z,16.534,beaver_creek_usgs_temp_3,60.65107,-151.09076,US/Alaska (UTC-9 / UTC-8),"west fork beaver creek, upstream of marathon road",Beaver Creek,STREAM,MAIN,TRUE,TRUE,TBD,FALSE
2022-07-30T19:45:00Z,16.487,beaver_creek_usgs_temp_3,60.65107,-151.09076,US/Alaska (UTC-9 / UTC-8),"west fork beaver creek, upstream of marathon road",Beaver Creek,STREAM,MAIN,TRUE,TRUE,TBD,FALSE
2022-07-30T20:00:00Z,16.463,beaver_creek_usgs_temp_3,60.65107,-151.09076,US/Alaska (UTC-9 / UTC-8),"west fork beaver creek, upstream of marathon road",Beaver Creek,STREAM,MAIN,TRUE,TRUE,TBD,FALSE
2022-07-30T20:15:00Z,16.415,beaver_creek_usgs_temp_3,60.65107,-151.09076,US/Alaska (UTC-9 / UTC-8),"west fork beaver creek, upstream of marathon road",Beaver Creek,STREAM,MAIN,TRUE,TRUE,TBD,FALSE
2022-07-30T20:30:00Z,16.392,beaver_creek_usgs_temp_3,60.65107,-151.09076,US/Alaska (UTC-9 / UTC-8),"west fork beaver creek, upstream of marathon road",Beaver Creek,STREAM,MAIN,TRUE,TRUE,TBD,FALSE
2022-07-30T20:45:00Z,16.368,beaver_creek_usgs_temp_3,60.65107,-151.09076,US/Alaska (UTC-9 / UTC-8),"west fork beaver creek, upstream of marathon road",Beaver Creek,STREAM,MAIN,TRUE,TRUE,TBD,FALSE
2022-07-30T21:00:00Z,16.344,beaver_creek_usgs_temp_3,60.65107,-151.09076,US/Alaska (UTC-9 / UTC-8),"west fork beaver creek, upstream of marathon road",Beaver Creek,STREAM,MAIN,TRUE,TRUE,TBD,FALSE
2022-07-30T21:15:00Z,16.296,beaver_creek_usgs_temp_3,60.65107,-151.09076,US/Alaska (UTC-9 / UTC-8),"west fork beaver creek, upstream of marathon road",Beaver Creek,STREAM,MAIN,TRUE,TRUE,TBD,FALSE
2022-07-30T21:30:00Z,16.272,beaver_creek_usgs_temp_3,60.65107,-151.09076,US/Alaska (UTC-9 / UTC-8),"west fork beaver creek, upstream of marathon road",Beaver Creek,STREAM,MAIN,TRUE,TRUE,TBD,FALSE
2022-07-30T21:45:00Z,16.225,beaver_creek_usgs_temp_3,60.65107,-151.09076,US/Alaska (UTC-9 / UTC-8),"west fork beaver creek, upstream of marathon road",Beaver Creek,STREAM,MAIN,TRUE,TRUE,TBD,FALSE
2022-07-30T22:00:00Z,16.177,beaver_creek_usgs_temp_3,60.65107,-151.09076,US/Alaska (UTC-9 / UTC-8),"west fork beaver creek, upstream of marathon road",Beaver Creek,STREAM,MAIN,TRUE,TRUE,TBD,FALSE
2022-07-30T22:15:00Z,16.129,beaver_creek_usgs_temp_3,60.65107,-151.09076,US/Alaska (UTC-9 / UTC-8),"west fork beaver creek, upstream of marathon road",Beaver Creek,STREAM,MAIN,TRUE,TRUE,TBD,FALSE
2022-07-30T22:30:00Z,16.082,beaver_creek_usgs_temp_3,60.65107,-151.09076,US/Alaska (UTC-9 / UTC-8),"west fork beaver creek, upstream of marathon road",Beaver Creek,STREAM,MAIN,TRUE,TRUE,TBD,FALSE
2022-07-30T22:45:00Z,16.034,beaver_creek_usgs_temp_3,60.65107,-151.09076,US/Alaska (UTC-9 / UTC-8),"west fork beaver creek, upstream of marathon road",Beaver Creek,STREAM,MAIN,TRUE,TRUE,TBD,FALSE
2022-07-30T23:00:00Z,15.986,beaver_creek_usgs_temp_3,60.65107,-151.09076,US/Alaska (UTC-9 / UTC-8),"west fork beaver creek, upstream of marathon road",Beaver Creek,STREAM,MAIN,TRUE,TRUE,TBD,FALSE
2022-07-30T23:15:00Z,15.939,beaver_creek_usgs_temp_3,60.65107,-151.09076,US/Alaska (UTC-9 / UTC-8),"west fork beaver creek, upstream of marathon road",Beaver Creek,STREAM,MAIN,TRUE,TRUE,TBD,FALSE
2022-07-30T23:30:00Z,15.891,beaver_creek_usgs_temp_3,60.65107,-151.09076,US/Alaska (UTC-9 / UTC-8),"west fork beaver creek, upstream of marathon road",Beaver Creek,STREAM,MAIN,TRUE,TRUE,TBD,FALSE
2022-07-30T23:45:00Z,15.867,beaver_creek_usgs_temp_3,60.65107,-151.09076,US/Alaska (UTC-9 / UTC-8),"west fork beaver creek, upstream of marathon road",Beaver Creek,STREAM,MAIN,TRUE,TRUE,TBD,FALSE
2022-07-31T00:00:00Z,15.819,beaver_creek_usgs_temp_3,60.65107,-151.09076,US/Alaska (UTC-9 / UTC-8),"west fork beaver creek, upstream of marathon road",Beaver Creek,STREAM,MAIN,TRUE,TRUE,TBD,FALSE
2022-07-31T00:15:00Z,15.772,beaver_creek_usgs_temp_3,60.65107,-151.09076,US/Alaska (UTC-9 / UTC-8),"west fork beaver creek, upstream of marathon road",Beaver Creek,STREAM,MAIN,TRUE,TRUE,TBD,FALSE
2022-07-31T00:30:00Z,15.724,beaver_creek_usgs_temp_3,60.65107,-151.09076,US/Alaska (UTC-9 / UTC-8),"west fork beaver creek, upstream of marathon road",Beaver Creek,STREAM,MAIN,TRUE,TRUE,TBD,FALSE
2022-07-31T00:45:00Z,15.676,beaver_creek_usgs_temp_3,60.65107,-151.09076,US/Alaska (UTC-9 / UTC-8),"west fork beaver creek, upstream of marathon road",Beaver Creek,STREAM,MAIN,TRUE,TRUE,TBD,FALSE
2022-07-31T01:00:00Z,15.629,beaver_creek_usgs_temp_3,60.65107,-151.09076,US/Alaska (UTC-9 / UTC-8),"west fork beaver creek, upstream of marathon road",Beaver Creek,STREAM,MAIN,TRUE,TRUE,TBD,FALSE
2022-07-31T01:15:00Z,15.581,beaver_creek_usgs_temp_3,60.65107,-151.09076,US/Alaska (UTC-9 / UTC-8),"west fork beaver creek, upstream of marathon road",Beaver Creek,STREAM,MAIN,TRUE,TRUE,TBD,FALSE
2022-07-31T01:30:00Z,15.533,beaver_creek_usgs_temp_3,60.65107,-151.09076,US/Alaska (UTC-9 / UTC-8),"west fork beaver creek, upstream of marathon road",Beaver Creek,STREAM,MAIN,TRUE,TRUE,TBD,FALSE
2022-07-31T01:45:00Z,15.509,beaver_creek_usgs_temp_3,60.65107,-151.09076,US/Alaska (UTC-9 / UTC-8),"west fork beaver creek, upstream of marathon road",Beaver Creek,STREAM,MAIN,TRUE,TRUE,TBD,FALSE
2022-07-31T02:00:00Z,15.485,beaver_creek_usgs_temp_3,60.65107,-151.09076,US/Alaska (UTC-9 / UTC-8),"west fork beaver creek, upstream of marathon road",Beaver Creek,STREAM,MAIN,TRUE,TRUE,TBD,FALSE
2022-07-31T02:15:00Z,15.438,beaver_creek_usgs_temp_3,60.65107,-151.09076,US/Alaska (UTC-9 / UTC-8),"west fork beaver creek, upstream of marathon road",Beaver Creek,STREAM,MAIN,TRUE,TRUE,TBD,FALSE
2022-07-31T02:30:00Z,15.414,beaver_creek_usgs_temp_3,60.65107,-151.09076,US/Alaska (UTC-9 / UTC-8),"west fork beaver creek, upstream of marathon road",Beaver Creek,STREAM,MAIN,TRUE,TRUE,TBD,FALSE
2022-07-31T02:45:00Z,15.39,beaver_creek_usgs_temp_3,60.65107,-151.09076,US/Alaska (UTC-9 / UTC-8),"west fork beaver creek, upstream of marathon road",Beaver Creek,STREAM,MAIN,TRUE,TRUE,TBD,FALSE
2022-07-31T03:00:00Z,15.342,beaver_creek_usgs_temp_3,60.65107,-151.09076,US/Alaska (UTC-9 / UTC-8),"west fork beaver creek, upstream of marathon road",Beaver Creek,STREAM,MAIN,TRUE,TRUE,TBD,FALSE
2022-07-31T03:15:00Z,15.294,beaver_creek_usgs_temp_3,60.65107,-151.09076,US/Alaska (UTC-9 / UTC-8),"west fork beaver creek, upstream of marathon road",Beaver Creek,STREAM,MAIN,TRUE,TRUE,TBD,FALSE
2022-07-31T03:30:00Z,15.247,beaver_creek_usgs_temp_3,60.65107,-151.09076,US/Alaska (UTC-9 / UTC-8),"west fork beaver creek, upstream of marathon road",Beaver Creek,STREAM,MAIN,TRUE,TRUE,TBD,FALSE
2022-07-31T03:45:00Z,15.199,beaver_creek_usgs_temp_3,60.65107,-151.09076,US/Alaska (UTC-9 / UTC-8),"west fork beaver creek, upstream of marathon road",Beaver Creek,STREAM,MAIN,TRUE,TRUE,TBD,FALSE
2022-07-31T04:00:00Z,15.127,beaver_creek_usgs_temp_3,60.65107,-151.09076,US/Alaska (UTC-9 / UTC-8),"west fork beaver creek, upstream of marathon road",Beaver Creek,STREAM,MAIN,TRUE,TRUE,TBD,FALSE
2022-07-31T04:15:00Z,15.079,beaver_creek_usgs_temp_3,60.65107,-151.09076,US/Alaska (UTC-9 / UTC-8),"west fork beaver creek, upstream of marathon road",Beaver Creek,STREAM,MAIN,TRUE,TRUE,TBD,FALSE
2022-07-31T04:30:00Z,15.031,beaver_creek_usgs_temp_3,60.65107,-151.09076,US/Alaska (UTC-9 / UTC-8),"west fork beaver creek, upstream of marathon road",Beaver Creek,STREAM,MAIN,TRUE,TRUE,TBD,FALSE
2022-07-31T04:45:00Z,14.984,beaver_creek_usgs_temp_3,60.65107,-151.09076,US/Alaska (UTC-9 / UTC-8),"west fork beaver creek, upstream of marathon road",Beaver Creek,STREAM,MAIN,TRUE,TRUE,TBD,FALSE
2022-07-31T05:00:00Z,14.96,beaver_creek_usgs_temp_3,60.65107,-151.09076,US/Alaska (UTC-9 / UTC-8),"west fork beaver creek, upstream of marathon road",Beaver Creek,STREAM,MAIN,TRUE,TRUE,TBD,FALSE
2022-07-31T05:15:00Z,14.912,beaver_creek_usgs_temp_3,60.65107,-151.09076,US/Alaska (UTC-9 / UTC-8),"west fork beaver creek, upstream of marathon road",Beaver Creek,STREAM,MAIN,TRUE,TRUE,TBD,FALSE
2022-07-31T05:30:00Z,14.864,beaver_creek_usgs_temp_3,60.65107,-151.09076,US/Alaska (UTC-9 / UTC-8),"west fork beaver creek, upstream of marathon road",Beaver Creek,STREAM,MAIN,TRUE,TRUE,TBD,FALSE
2022-07-31T05:45:00Z,14.84,beaver_creek_usgs_temp_3,60.65107,-151.09076,US/Alaska (UTC-9 / UTC-8),"west fork beaver creek, upstream of marathon road",Beaver Creek,STREAM,MAIN,TRUE,TRUE,TBD,FALSE
2022-07-31T06:00:00Z,14.816,beaver_creek_usgs_temp_3,60.65107,-151.09076,US/Alaska (UTC-9 / UTC-8),"west fork beaver creek, upstream of marathon road",Beaver Creek,STREAM,MAIN,TRUE,TRUE,TBD,FALSE
2022-07-31T06:15:00Z,14.792,beaver_creek_usgs_temp_3,60.65107,-151.09076,US/Alaska (UTC-9 / UTC-8),"west fork beaver creek, upstream of marathon road",Beaver Creek,STREAM,MAIN,TRUE,TRUE,TBD,FALSE
2022-07-31T06:30:00Z,14.792,beaver_creek_usgs_temp_3,60.65107,-151.09076,US/Alaska (UTC-9 / UTC-8),"west fork beaver creek, upstream of marathon road",Beaver Creek,STREAM,MAIN,TRUE,TRUE,TBD,FALSE
2022-07-31T06:45:00Z,14.768,beaver_creek_usgs_temp_3,60.65107,-151.09076,US/Alaska (UTC-9 / UTC-8),"west fork beaver creek, upstream of marathon road",Beaver Creek,STREAM,MAIN,TRUE,TRUE,TBD,FALSE
2022-07-31T07:00:00Z,14.768,beaver_creek_usgs_temp_3,60.65107,-151.09076,US/Alaska (UTC-9 / UTC-8),"west fork beaver creek, upstream of marathon road",Beaver Creek,STREAM,MAIN,TRUE,TRUE,TBD,FALSE
2022-07-31T07:15:00Z,14.768,beaver_creek_usgs_temp_3,60.65107,-151.09076,US/Alaska (UTC-9 / UTC-8),"west fork beaver creek, upstream of marathon road",Beaver Creek,STREAM,MAIN,TRUE,TRUE,TBD,FALSE
2022-07-31T07:30:00Z,14.792,beaver_creek_usgs_temp_3,60.65107,-151.09076,US/Alaska (UTC-9 / UTC-8),"west fork beaver creek, upstream of marathon road",Beaver Creek,STREAM,MAIN,TRUE,TRUE,TBD,FALSE
2022-07-31T07:45:00Z,14.792,beaver_creek_usgs_temp_3,60.65107,-151.09076,US/Alaska (UTC-9 / UTC-8),"west fork beaver creek, upstream of marathon road",Beaver Creek,STREAM,MAIN,TRUE,TRUE,TBD,FALSE
2022-07-31T08:00:00Z,14.816,beaver_creek_usgs_temp_3,60.65107,-151.09076,US/Alaska (UTC-9 / UTC-8),"west fork beaver creek, upstream of marathon road",Beaver Creek,STREAM,MAIN,TRUE,TRUE,TBD,FALSE
2022-07-31T08:15:00Z,14.864,beaver_creek_usgs_temp_3,60.65107,-151.09076,US/Alaska (UTC-9 / UTC-8),"west fork beaver creek, upstream of marathon road",Beaver Creek,STREAM,MAIN,TRUE,TRUE,TBD,FALSE
2022-07-31T08:30:00Z,14.888,beaver_creek_usgs_temp_3,60.65107,-151.09076,US/Alaska (UTC-9 / UTC-8),"west fork beaver creek, upstream of marathon road",Beaver Creek,STREAM,MAIN,TRUE,TRUE,TBD,FALSE
2022-07-31T08:45:00Z,14.912,beaver_creek_usgs_temp_3,60.65107,-151.09076,US/Alaska (UTC-9 / UTC-8),"west fork beaver creek, upstream of marathon road",Beaver Creek,STREAM,MAIN,TRUE,TRUE,TBD,FALSE
2022-07-31T09:00:00Z,14.96,beaver_creek_usgs_temp_3,60.65107,-151.09076,US/Alaska (UTC-9 / UTC-8),"west fork beaver creek, upstream of marathon road",Beaver Creek,STREAM,MAIN,TRUE,TRUE,TBD,FALSE
2022-07-31T09:15:00Z,15.055,beaver_creek_usgs_temp_3,60.65107,-151.09076,US/Alaska (UTC-9 / UTC-8),"west fork beaver creek, upstream of marathon road",Beaver Creek,STREAM,MAIN,TRUE,TRUE,TBD,FALSE
2022-07-31T09:30:00Z,15.151,beaver_creek_usgs_temp_3,60.65107,-151.09076,US/Alaska (UTC-9 / UTC-8),"west fork beaver creek, upstream of marathon road",Beaver Creek,STREAM,MAIN,TRUE,TRUE,TBD,FALSE
2022-07-31T09:45:00Z,15.199,beaver_creek_usgs_temp_3,60.65107,-151.09076,US/Alaska (UTC-9 / UTC-8),"west fork beaver creek, upstream of marathon road",Beaver Creek,STREAM,MAIN,TRUE,TRUE,TBD,FALSE
2022-07-31T10:00:00Z,15.247,beaver_creek_usgs_temp_3,60.65107,-151.09076,US/Alaska (UTC-9 / UTC-8),"west fork beaver creek, upstream of marathon road",Beaver Creek,STREAM,MAIN,TRUE,TRUE,TBD,FALSE
2022-07-31T10:15:00Z,15.27,beaver_creek_usgs_temp_3,60.65107,-151.09076,US/Alaska (UTC-9 / UTC-8),"west fork beaver creek, upstream of marathon road",Beaver Creek,STREAM,MAIN,TRUE,TRUE,TBD,FALSE
2022-07-31T10:30:00Z,15.294,beaver_creek_usgs_temp_3,60.65107,-151.09076,US/Alaska (UTC-9 / UTC-8),"west fork beaver creek, upstream of marathon road",Beaver Creek,STREAM,MAIN,TRUE,TRUE,TBD,FALSE
2022-07-31T10:45:00Z,15.342,beaver_creek_usgs_temp_3,60.65107,-151.09076,US/Alaska (UTC-9 / UTC-8),"west fork beaver creek, upstream of marathon road",Beaver Creek,STREAM,MAIN,TRUE,TRUE,TBD,FALSE
2022-07-31T11:00:00Z,15.414,beaver_creek_usgs_temp_3,60.65107,-151.09076,US/Alaska (UTC-9 / UTC-8),"west fork beaver creek, upstream of marathon road",Beaver Creek,STREAM,MAIN,TRUE,TRUE,TBD,FALSE
2022-07-31T11:15:00Z,15.533,beaver_creek_usgs_temp_3,60.65107,-151.09076,US/Alaska (UTC-9 / UTC-8),"west fork beaver creek, upstream of marathon road",Beaver Creek,STREAM,MAIN,TRUE,TRUE,TBD,FALSE
2022-07-31T11:30:00Z,15.676,beaver_creek_usgs_temp_3,60.65107,-151.09076,US/Alaska (UTC-9 / UTC-8),"west fork beaver creek, upstream of marathon road",Beaver Creek,STREAM,MAIN,TRUE,TRUE,TBD,FALSE
2022-07-31T11:45:00Z,15.843,beaver_creek_usgs_temp_3,60.65107,-151.09076,US/Alaska (UTC-9 / UTC-8),"west fork beaver creek, upstream of marathon road",Beaver Creek,STREAM,MAIN,TRUE,TRUE,TBD,FALSE
2022-07-31T12:00:00Z,16.01,beaver_creek_usgs_temp_3,60.65107,-151.09076,US/Alaska (UTC-9 / UTC-8),"west fork beaver creek, upstream of marathon road",Beaver Creek,STREAM,MAIN,TRUE,TRUE,TBD,FALSE
2022-07-31T12:15:00Z,16.129,beaver_creek_usgs_temp_3,60.65107,-151.09076,US/Alaska (UTC-9 / UTC-8),"west fork beaver creek, upstream of marathon road",Beaver Creek,STREAM,MAIN,TRUE,TRUE,TBD,FALSE
2022-07-31T12:30:00Z,16.272,beaver_creek_usgs_temp_3,60.65107,-151.09076,US/Alaska (UTC-9 / UTC-8),"west fork beaver creek, upstream of marathon road",Beaver Creek,STREAM,MAIN,TRUE,TRUE,TBD,FALSE
2022-07-31T12:45:00Z,16.439,beaver_creek_usgs_temp_3,60.65107,-151.09076,US/Alaska (UTC-9 / UTC-8),"west fork beaver creek, upstream of marathon road",Beaver Creek,STREAM,MAIN,TRUE,TRUE,TBD,FALSE
2022-07-31T13:00:00Z,16.558,beaver_creek_usgs_temp_3,60.65107,-151.09076,US/Alaska (UTC-9 / UTC-8),"west fork beaver creek, upstream of marathon road",Beaver Creek,STREAM,MAIN,TRUE,TRUE,TBD,FALSE
2022-07-31T13:15:00Z,16.654,beaver_creek_usgs_temp_3,60.65107,-151.09076,US/Alaska (UTC-9 / UTC-8),"west fork beaver creek, upstream of marathon road",Beaver Creek,STREAM,MAIN,TRUE,TRUE,TBD,FALSE
2022-07-31T13:30:00Z,16.773,beaver_creek_usgs_temp_3,60.65107,-151.09076,US/Alaska (UTC-9 / UTC-8),"west fork beaver creek, upstream of marathon road",Beaver Creek,STREAM,MAIN,TRUE,TRUE,TBD,FALSE
2022-07-31T13:45:00Z,16.939,beaver_creek_usgs_temp_3,60.65107,-151.09076,US/Alaska (UTC-9 / UTC-8),"west fork beaver creek, upstream of marathon road",Beaver Creek,STREAM,MAIN,TRUE,TRUE,TBD,FALSE
2022-07-31T14:00:00Z,17.058,beaver_creek_usgs_temp_3,60.65107,-151.09076,US/Alaska (UTC-9 / UTC-8),"west fork beaver creek, upstream of marathon road",Beaver Creek,STREAM,MAIN,TRUE,TRUE,TBD,FALSE
2022-07-31T14:15:00Z,17.153,beaver_creek_usgs_temp_3,60.65107,-151.09076,US/Alaska (UTC-9 / UTC-8),"west fork beaver creek, upstream of marathon road",Beaver Creek,STREAM,MAIN,TRUE,TRUE,TBD,FALSE
2022-07-31T14:30:00Z,17.249,beaver_creek_usgs_temp_3,60.65107,-151.09076,US/Alaska (UTC-9 / UTC-8),"west fork beaver creek, upstream of marathon road",Beaver Creek,STREAM,MAIN,TRUE,TRUE,TBD,FALSE
2022-07-31T14:45:00Z,17.368,beaver_creek_usgs_temp_3,60.65107,-151.09076,US/Alaska (UTC-9 / UTC-8),"west fork beaver creek, upstream of marathon road",Beaver Creek,STREAM,MAIN,TRUE,TRUE,TBD,FALSE
2022-07-31T15:00:00Z,17.463,beaver_creek_usgs_temp_3,60.65107,-151.09076,US/Alaska (UTC-9 / UTC-8),"west fork beaver creek, upstream of marathon road",Beaver Creek,STREAM,MAIN,TRUE,TRUE,TBD,FALSE
2022-07-31T15:15:00Z,17.558,beaver_creek_usgs_temp_3,60.65107,-151.09076,US/Alaska (UTC-9 / UTC-8),"west fork beaver creek, upstream of marathon road",Beaver Creek,STREAM,MAIN,TRUE,TRUE,TBD,FALSE
2022-07-31T15:30:00Z,17.629,beaver_creek_usgs_temp_3,60.65107,-151.09076,US/Alaska (UTC-9 / UTC-8),"west fork beaver creek, upstream of marathon road",Beaver Creek,STREAM,MAIN,TRUE,TRUE,TBD,FALSE
2022-07-31T15:45:00Z,17.724,beaver_creek_usgs_temp_3,60.65107,-151.09076,US/Alaska (UTC-9 / UTC-8),"west fork beaver creek, upstream of marathon road",Beaver Creek,STREAM,MAIN,TRUE,TRUE,TBD,FALSE
2022-07-31T16:00:00Z,17.772,beaver_creek_usgs_temp_3,60.65107,-151.09076,US/Alaska (UTC-9 / UTC-8),"west fork beaver creek, upstream of marathon road",Beaver Creek,STREAM,MAIN,TRUE,TRUE,TBD,FALSE
2022-07-31T16:15:00Z,17.843,beaver_creek_usgs_temp_3,60.65107,-151.09076,US/Alaska (UTC-9 / UTC-8),"west fork beaver creek, upstream of marathon road",Beaver Creek,STREAM,MAIN,TRUE,TRUE,TBD,FALSE
2022-07-31T16:30:00Z,17.891,beaver_creek_usgs_temp_3,60.65107,-151.09076,US/Alaska (UTC-9 / UTC-8),"west fork beaver creek, upstream of marathon road",Beaver Creek,STREAM,MAIN,TRUE,TRUE,TBD,FALSE
2022-07-31T16:45:00Z,17.938,beaver_creek_usgs_temp_3,60.65107,-151.09076,US/Alaska (UTC-9 / UTC-8),"west fork beaver creek, upstream of marathon road",Beaver Creek,STREAM,MAIN,TRUE,TRUE,TBD,FALSE
2022-07-31T17:00:00Z,17.962,beaver_creek_usgs_temp_3,60.65107,-151.09076,US/Alaska (UTC-9 / UTC-8),"west fork beaver creek, upstream of marathon road",Beaver Creek,STREAM,MAIN,TRUE,TRUE,TBD,FALSE
2022-07-31T17:15:00Z,18.033,beaver_creek_usgs_temp_3,60.65107,-151.09076,US/Alaska (UTC-9 / UTC-8),"west fork beaver creek, upstream of marathon road",Beaver Creek,STREAM,MAIN,TRUE,TRUE,TBD,FALSE
2022-07-31T17:30:00Z,18.057,beaver_creek_usgs_temp_3,60.65107,-151.09076,US/Alaska (UTC-9 / UTC-8),"west fork beaver creek, upstream of marathon road",Beaver Creek,STREAM,MAIN,TRUE,TRUE,TBD,FALSE
2022-07-31T17:45:00Z,18.01,beaver_creek_usgs_temp_3,60.65107,-151.09076,US/Alaska (UTC-9 / UTC-8),"west fork beaver creek, upstream of marathon road",Beaver Creek,STREAM,MAIN,TRUE,TRUE,TBD,FALSE
2022-07-31T18:00:00Z,18.01,beaver_creek_usgs_temp_3,60.65107,-151.09076,US/Alaska (UTC-9 / UTC-8),"west fork beaver creek, upstream of marathon road",Beaver Creek,STREAM,MAIN,TRUE,TRUE,TBD,FALSE
2022-07-31T18:15:00Z,18.01,beaver_creek_usgs_temp_3,60.65107,-151.09076,US/Alaska (UTC-9 / UTC-8),"west fork beaver creek, upstream of marathon road",Beaver Creek,STREAM,MAIN,TRUE,TRUE,TBD,FALSE
2022-07-31T18:30:00Z,17.986,beaver_creek_usgs_temp_3,60.65107,-151.09076,US/Alaska (UTC-9 / UTC-8),"west fork beaver creek, upstream of marathon road",Beaver Creek,STREAM,MAIN,TRUE,TRUE,TBD,FALSE
2022-07-31T18:45:00Z,17.938,beaver_creek_usgs_temp_3,60.65107,-151.09076,US/Alaska (UTC-9 / UTC-8),"west fork beaver creek, upstream of marathon road",Beaver Creek,STREAM,MAIN,TRUE,TRUE,TBD,FALSE
2022-07-31T19:00:00Z,17.891,beaver_creek_usgs_temp_3,60.65107,-151.09076,US/Alaska (UTC-9 / UTC-8),"west fork beaver creek, upstream of marathon road",Beaver Creek,STREAM,MAIN,TRUE,TRUE,TBD,FALSE
2022-07-31T19:15:00Z,17.819,beaver_creek_usgs_temp_3,60.65107,-151.09076,US/Alaska (UTC-9 / UTC-8),"west fork beaver creek, upstream of marathon road",Beaver Creek,STREAM,MAIN,TRUE,TRUE,TBD,FALSE
2022-07-31T19:30:00Z,17.772,beaver_creek_usgs_temp_3,60.65107,-151.09076,US/Alaska (UTC-9 / UTC-8),"west fork beaver creek, upstream of marathon road",Beaver Creek,STREAM,MAIN,TRUE,TRUE,TBD,FALSE
2022-07-31T19:45:00Z,17.701,beaver_creek_usgs_temp_3,60.65107,-151.09076,US/Alaska (UTC-9 / UTC-8),"west fork beaver creek, upstream of marathon road",Beaver Creek,STREAM,MAIN,TRUE,TRUE,TBD,FALSE
2022-07-31T20:00:00Z,17.605,beaver_creek_usgs_temp_3,60.65107,-151.09076,US/Alaska (UTC-9 / UTC-8),"west fork beaver creek, upstream of marathon road",Beaver Creek,STREAM,MAIN,TRUE,TRUE,TBD,FALSE
2022-07-31T20:15:00Z,17.51,beaver_creek_usgs_temp_3,60.65107,-151.09076,US/Alaska (UTC-9 / UTC-8),"west fork beaver creek, upstream of marathon road",Beaver Creek,STREAM,MAIN,TRUE,TRUE,TBD,FALSE
2022-07-31T20:30:00Z,17.439,beaver_creek_usgs_temp_3,60.65107,-151.09076,US/Alaska (UTC-9 / UTC-8),"west fork beaver creek, upstream of marathon road",Beaver Creek,STREAM,MAIN,TRUE,TRUE,TBD,FALSE
2022-07-31T20:45:00Z,17.344,beaver_creek_usgs_temp_3,60.65107,-151.09076,US/Alaska (UTC-9 / UTC-8),"west fork beaver creek, upstream of marathon road",Beaver Creek,STREAM,MAIN,TRUE,TRUE,TBD,FALSE
2022-07-31T21:00:00Z,17.249,beaver_creek_usgs_temp_3,60.65107,-151.09076,US/Alaska (UTC-9 / UTC-8),"west fork beaver creek, upstream of marathon road",Beaver Creek,STREAM,MAIN,TRUE,TRUE,TBD,FALSE
2022-07-31T21:15:00Z,17.153,beaver_creek_usgs_temp_3,60.65107,-151.09076,US/Alaska (UTC-9 / UTC-8),"west fork beaver creek, upstream of marathon road",Beaver Creek,STREAM,MAIN,TRUE,TRUE,TBD,FALSE
2022-07-31T21:30:00Z,17.058,beaver_creek_usgs_temp_3,60.65107,-151.09076,US/Alaska (UTC-9 / UTC-8),"west fork beaver creek, upstream of marathon road",Beaver Creek,STREAM,MAIN,TRUE,TRUE,TBD,FALSE
2022-07-31T21:45:00Z,16.987,beaver_creek_usgs_temp_3,60.65107,-151.09076,US/Alaska (UTC-9 / UTC-8),"west fork beaver creek, upstream of marathon road",Beaver Creek,STREAM,MAIN,TRUE,TRUE,TBD,FALSE
2022-07-31T22:00:00Z,16.892,beaver_creek_usgs_temp_3,60.65107,-151.09076,US/Alaska (UTC-9 / UTC-8),"west fork beaver creek, upstream of marathon road",Beaver Creek,STREAM,MAIN,TRUE,TRUE,TBD,FALSE
2022-07-31T22:15:00Z,16.82,beaver_creek_usgs_temp_3,60.65107,-151.09076,US/Alaska (UTC-9 / UTC-8),"west fork beaver creek, upstream of marathon road",Beaver Creek,STREAM,MAIN,TRUE,TRUE,TBD,FALSE
2022-07-31T22:30:00Z,16.749,beaver_creek_usgs_temp_3,60.65107,-151.09076,US/Alaska (UTC-9 / UTC-8),"west fork beaver creek, upstream of marathon road",Beaver Creek,STREAM,MAIN,TRUE,TRUE,TBD,FALSE
2022-07-31T22:45:00Z,16.677,beaver_creek_usgs_temp_3,60.65107,-151.09076,US/Alaska (UTC-9 / UTC-8),"west fork beaver creek, upstream of marathon road",Beaver Creek,STREAM,MAIN,TRUE,TRUE,TBD,FALSE
2022-07-31T23:00:00Z,16.606,beaver_creek_usgs_temp_3,60.65107,-151.09076,US/Alaska (UTC-9 / UTC-8),"west fork beaver creek, upstream of marathon road",Beaver Creek,STREAM,MAIN,TRUE,TRUE,TBD,FALSE
2022-07-31T23:15:00Z,16.511,beaver_creek_usgs_temp_3,60.65107,-151.09076,US/Alaska (UTC-9 / UTC-8),"west fork beaver creek, upstream of marathon road",Beaver Creek,STREAM,MAIN,TRUE,TRUE,TBD,FALSE
2022-07-31T23:30:00Z,16.415,beaver_creek_usgs_temp_3,60.65107,-151.09076,US/Alaska (UTC-9 / UTC-8),"west fork beaver creek, upstream of marathon road",Beaver Creek,STREAM,MAIN,TRUE,TRUE,TBD,FALSE
2022-07-31T23:45:00Z,16.32,beaver_creek_usgs_temp_3,60.65107,-151.09076,US/Alaska (UTC-9 / UTC-8),"west fork beaver creek, upstream of marathon road",Beaver Creek,STREAM,MAIN,TRUE,TRUE,TBD,FALSE
2022-08-01T00:00:00Z,16.225,beaver_creek_usgs_temp_3,60.65107,-151.09076,US/Alaska (UTC-9 / UTC-8),"west fork beaver creek, upstream of marathon road",Beaver Creek,STREAM,MAIN,TRUE,TRUE,TBD,FALSE
2022-08-01T00:15:00Z,16.129,beaver_creek_usgs_temp_3,60.65107,-151.09076,US/Alaska (UTC-9 / UTC-8),"west fork beaver creek, upstream of marathon road",Beaver Creek,STREAM,MAIN,TRUE,TRUE,TBD,FALSE
2022-08-01T00:30:00Z,16.058,beaver_creek_usgs_temp_3,60.65107,-151.09076,US/Alaska (UTC-9 / UTC-8),"west fork beaver creek, upstream of marathon road",Beaver Creek,STREAM,MAIN,TRUE,TRUE,TBD,FALSE
2022-08-01T00:45:00Z,15.963,beaver_creek_usgs_temp_3,60.65107,-151.09076,US/Alaska (UTC-9 / UTC-8),"west fork beaver creek, upstream of marathon road",Beaver Creek,STREAM,MAIN,TRUE,TRUE,TBD,FALSE
2022-08-01T01:00:00Z,15.915,beaver_creek_usgs_temp_3,60.65107,-151.09076,US/Alaska (UTC-9 / UTC-8),"west fork beaver creek, upstream of marathon road",Beaver Creek,STREAM,MAIN,TRUE,TRUE,TBD,FALSE
2022-08-01T01:15:00Z,15.843,beaver_creek_usgs_temp_3,60.65107,-151.09076,US/Alaska (UTC-9 / UTC-8),"west fork beaver creek, upstream of marathon road",Beaver Creek,STREAM,MAIN,TRUE,TRUE,TBD,FALSE
2022-08-01T01:30:00Z,15.796,beaver_creek_usgs_temp_3,60.65107,-151.09076,US/Alaska (UTC-9 / UTC-8),"west fork beaver creek, upstream of marathon road",Beaver Creek,STREAM,MAIN,TRUE,TRUE,TBD,FALSE
2022-08-01T01:45:00Z,15.748,beaver_creek_usgs_temp_3,60.65107,-151.09076,US/Alaska (UTC-9 / UTC-8),"west fork beaver creek, upstream of marathon road",Beaver Creek,STREAM,MAIN,TRUE,TRUE,TBD,FALSE
2022-08-01T02:00:00Z,15.7,beaver_creek_usgs_temp_3,60.65107,-151.09076,US/Alaska (UTC-9 / UTC-8),"west fork beaver creek, upstream of marathon road",Beaver Creek,STREAM,MAIN,TRUE,TRUE,TBD,FALSE
2022-08-01T02:15:00Z,15.676,beaver_creek_usgs_temp_3,60.65107,-151.09076,US/Alaska (UTC-9 / UTC-8),"west fork beaver creek, upstream of marathon road",Beaver Creek,STREAM,MAIN,TRUE,TRUE,TBD,FALSE
2022-08-01T02:30:00Z,15.652,beaver_creek_usgs_temp_3,60.65107,-151.09076,US/Alaska (UTC-9 / UTC-8),"west fork beaver creek, upstream of marathon road",Beaver Creek,STREAM,MAIN,TRUE,TRUE,TBD,FALSE
2022-08-01T02:45:00Z,15.629,beaver_creek_usgs_temp_3,60.65107,-151.09076,US/Alaska (UTC-9 / UTC-8),"west fork beaver creek, upstream of marathon road",Beaver Creek,STREAM,MAIN,TRUE,TRUE,TBD,FALSE
2022-08-01T03:00:00Z,15.605,beaver_creek_usgs_temp_3,60.65107,-151.09076,US/Alaska (UTC-9 / UTC-8),"west fork beaver creek, upstream of marathon road",Beaver Creek,STREAM,MAIN,TRUE,TRUE,TBD,FALSE
2022-08-01T03:15:00Z,15.581,beaver_creek_usgs_temp_3,60.65107,-151.09076,US/Alaska (UTC-9 / UTC-8),"west fork beaver creek, upstream of marathon road",Beaver Creek,STREAM,MAIN,TRUE,TRUE,TBD,FALSE
2022-08-01T03:30:00Z,15.533,beaver_creek_usgs_temp_3,60.65107,-151.09076,US/Alaska (UTC-9 / UTC-8),"west fork beaver creek, upstream of marathon road",Beaver Creek,STREAM,MAIN,TRUE,TRUE,TBD,FALSE
2022-08-01T03:45:00Z,15.533,beaver_creek_usgs_temp_3,60.65107,-151.09076,US/Alaska (UTC-9 / UTC-8),"west fork beaver creek, upstream of marathon road",Beaver Creek,STREAM,MAIN,TRUE,TRUE,TBD,FALSE
2022-08-01T04:00:00Z,15.485,beaver_creek_usgs_temp_3,60.65107,-151.09076,US/Alaska (UTC-9 / UTC-8),"west fork beaver creek, upstream of marathon road",Beaver Creek,STREAM,MAIN,TRUE,TRUE,TBD,FALSE
2022-08-01T04:15:00Z,15.461,beaver_creek_usgs_temp_3,60.65107,-151.09076,US/Alaska (UTC-9 / UTC-8),"west fork beaver creek, upstream of marathon road",Beaver Creek,STREAM,MAIN,TRUE,TRUE,TBD,FALSE
2022-08-01T04:30:00Z,15.414,beaver_creek_usgs_temp_3,60.65107,-151.09076,US/Alaska (UTC-9 / UTC-8),"west fork beaver creek, upstream of marathon road",Beaver Creek,STREAM,MAIN,TRUE,TRUE,TBD,FALSE
2022-08-01T04:45:00Z,15.366,beaver_creek_usgs_temp_3,60.65107,-151.09076,US/Alaska (UTC-9 / UTC-8),"west fork beaver creek, upstream of marathon road",Beaver Creek,STREAM,MAIN,TRUE,TRUE,TBD,FALSE
2022-08-01T05:00:00Z,15.342,beaver_creek_usgs_temp_3,60.65107,-151.09076,US/Alaska (UTC-9 / UTC-8),"west fork beaver creek, upstream of marathon road",Beaver Creek,STREAM,MAIN,TRUE,TRUE,TBD,FALSE
2022-08-01T05:15:00Z,15.294,beaver_creek_usgs_temp_3,60.65107,-151.09076,US/Alaska (UTC-9 / UTC-8),"west fork beaver creek, upstream of marathon road",Beaver Creek,STREAM,MAIN,TRUE,TRUE,TBD,FALSE
2022-08-01T05:30:00Z,15.27,beaver_creek_usgs_temp_3,60.65107,-151.09076,US/Alaska (UTC-9 / UTC-8),"west fork beaver creek, upstream of marathon road",Beaver Creek,STREAM,MAIN,TRUE,TRUE,TBD,FALSE
2022-08-01T05:45:00Z,15.247,beaver_creek_usgs_temp_3,60.65107,-151.09076,US/Alaska (UTC-9 / UTC-8),"west fork beaver creek, upstream of marathon road",Beaver Creek,STREAM,MAIN,TRUE,TRUE,TBD,FALSE
2022-08-01T06:00:00Z,15.199,beaver_creek_usgs_temp_3,60.65107,-151.09076,US/Alaska (UTC-9 / UTC-8),"west fork beaver creek, upstream of marathon road",Beaver Creek,STREAM,MAIN,TRUE,TRUE,TBD,FALSE
2022-08-01T06:15:00Z,15.175,beaver_creek_usgs_temp_3,60.65107,-151.09076,US/Alaska (UTC-9 / UTC-8),"west fork beaver creek, upstream of marathon road",Beaver Creek,STREAM,MAIN,TRUE,TRUE,TBD,FALSE
2022-08-01T06:30:00Z,15.103,beaver_creek_usgs_temp_3,60.65107,-151.09076,US/Alaska (UTC-9 / UTC-8),"west fork beaver creek, upstream of marathon road",Beaver Creek,STREAM,MAIN,TRUE,TRUE,TBD,FALSE
2022-08-01T06:45:00Z,15.079,beaver_creek_usgs_temp_3,60.65107,-151.09076,US/Alaska (UTC-9 / UTC-8),"west fork beaver creek, upstream of marathon road",Beaver Creek,STREAM,MAIN,TRUE,TRUE,TBD,FALSE
2022-08-01T07:00:00Z,15.079,beaver_creek_usgs_temp_3,60.65107,-151.09076,US/Alaska (UTC-9 / UTC-8),"west fork beaver creek, upstream of marathon road",Beaver Creek,STREAM,MAIN,TRUE,TRUE,TBD,FALSE
2022-08-01T07:15:00Z,15.055,beaver_creek_usgs_temp_3,60.65107,-151.09076,US/Alaska (UTC-9 / UTC-8),"west fork beaver creek, upstream of marathon road",Beaver Creek,STREAM,MAIN,TRUE,TRUE,TBD,FALSE
2022-08-01T07:30:00Z,15.031,beaver_creek_usgs_temp_3,60.65107,-151.09076,US/Alaska (UTC-9 / UTC-8),"west fork beaver creek, upstream of marathon road",Beaver Creek,STREAM,MAIN,TRUE,TRUE,TBD,FALSE
2022-08-01T07:45:00Z,15.008,beaver_creek_usgs_temp_3,60.65107,-151.09076,US/Alaska (UTC-9 / UTC-8),"west fork beaver creek, upstream of marathon road",Beaver Creek,STREAM,MAIN,TRUE,TRUE,TBD,FALSE
2022-08-01T08:00:00Z,15.008,beaver_creek_usgs_temp_3,60.65107,-151.09076,US/Alaska (UTC-9 / UTC-8),"west fork beaver creek, upstream of marathon road",Beaver Creek,STREAM,MAIN,TRUE,TRUE,TBD,FALSE
2022-08-01T08:15:00Z,15.008,beaver_creek_usgs_temp_3,60.65107,-151.09076,US/Alaska (UTC-9 / UTC-8),"west fork beaver creek, upstream of marathon road",Beaver Creek,STREAM,MAIN,TRUE,TRUE,TBD,FALSE
2022-08-01T08:30:00Z,15.008,beaver_creek_usgs_temp_3,60.65107,-151.09076,US/Alaska (UTC-9 / UTC-8),"west fork beaver creek, upstream of marathon road",Beaver Creek,STREAM,MAIN,TRUE,TRUE,TBD,FALSE
2022-08-01T08:45:00Z,15.008,beaver_creek_usgs_temp_3,60.65107,-151.09076,US/Alaska (UTC-9 / UTC-8),"west fork beaver creek, upstream of marathon road",Beaver Creek,STREAM,MAIN,TRUE,TRUE,TBD,FALSE
2022-08-01T09:00:00Z,15.008,beaver_creek_usgs_temp_3,60.65107,-151.09076,US/Alaska (UTC-9 / UTC-8),"west fork beaver creek, upstream of marathon road",Beaver Creek,STREAM,MAIN,TRUE,TRUE,TBD,FALSE
2022-08-01T09:15:00Z,15.055,beaver_creek_usgs_temp_3,60.65107,-151.09076,US/Alaska (UTC-9 / UTC-8),"west fork beaver creek, upstream of marathon road",Beaver Creek,STREAM,MAIN,TRUE,TRUE,TBD,FALSE
2022-08-01T09:30:00Z,15.055,beaver_creek_usgs_temp_3,60.65107,-151.09076,US/Alaska (UTC-9 / UTC-8),"west fork beaver creek, upstream of marathon road",Beaver Creek,STREAM,MAIN,TRUE,TRUE,TBD,FALSE
2022-08-01T09:45:00Z,15.079,beaver_creek_usgs_temp_3,60.65107,-151.09076,US/Alaska (UTC-9 / UTC-8),"west fork beaver creek, upstream of marathon road",Beaver Creek,STREAM,MAIN,TRUE,TRUE,TBD,FALSE
2022-08-01T10:00:00Z,15.103,beaver_creek_usgs_temp_3,60.65107,-151.09076,US/Alaska (UTC-9 / UTC-8),"west fork beaver creek, upstream of marathon road",Beaver Creek,STREAM,MAIN,TRUE,TRUE,TBD,FALSE
2022-08-01T10:15:00Z,15.103,beaver_creek_usgs_temp_3,60.65107,-151.09076,US/Alaska (UTC-9 / UTC-8),"west fork beaver creek, upstream of marathon road",Beaver Creek,STREAM,MAIN,TRUE,TRUE,TBD,FALSE
2022-08-01T10:30:00Z,15.103,beaver_creek_usgs_temp_3,60.65107,-151.09076,US/Alaska (UTC-9 / UTC-8),"west fork beaver creek, upstream of marathon road",Beaver Creek,STREAM,MAIN,TRUE,TRUE,TBD,FALSE
2022-08-01T10:45:00Z,15.103,beaver_creek_usgs_temp_3,60.65107,-151.09076,US/Alaska (UTC-9 / UTC-8),"west fork beaver creek, upstream of marathon road",Beaver Creek,STREAM,MAIN,TRUE,TRUE,TBD,FALSE
2022-08-01T11:00:00Z,15.103,beaver_creek_usgs_temp_3,60.65107,-151.09076,US/Alaska (UTC-9 / UTC-8),"west fork beaver creek, upstream of marathon road",Beaver Creek,STREAM,MAIN,TRUE,TRUE,TBD,FALSE
2022-08-01T11:15:00Z,15.127,beaver_creek_usgs_temp_3,60.65107,-151.09076,US/Alaska (UTC-9 / UTC-8),"west fork beaver creek, upstream of marathon road",Beaver Creek,STREAM,MAIN,TRUE,TRUE,TBD,FALSE
2022-08-01T11:30:00Z,15.151,beaver_creek_usgs_temp_3,60.65107,-151.09076,US/Alaska (UTC-9 / UTC-8),"west fork beaver creek, upstream of marathon road",Beaver Creek,STREAM,MAIN,TRUE,TRUE,TBD,FALSE
2022-08-01T11:45:00Z,15.199,beaver_creek_usgs_temp_3,60.65107,-151.09076,US/Alaska (UTC-9 / UTC-8),"west fork beaver creek, upstream of marathon road",Beaver Creek,STREAM,MAIN,TRUE,TRUE,TBD,FALSE
2022-08-01T12:00:00Z,15.247,beaver_creek_usgs_temp_3,60.65107,-151.09076,US/Alaska (UTC-9 / UTC-8),"west fork beaver creek, upstream of marathon road",Beaver Creek,STREAM,MAIN,TRUE,TRUE,TBD,FALSE
2022-08-01T12:15:00Z,15.294,beaver_creek_usgs_temp_3,60.65107,-151.09076,US/Alaska (UTC-9 / UTC-8),"west fork beaver creek, upstream of marathon road",Beaver Creek,STREAM,MAIN,TRUE,TRUE,TBD,FALSE
2022-08-01T12:30:00Z,15.318,beaver_creek_usgs_temp_3,60.65107,-151.09076,US/Alaska (UTC-9 / UTC-8),"west fork beaver creek, upstream of marathon road",Beaver Creek,STREAM,MAIN,TRUE,TRUE,TBD,FALSE
2022-08-01T12:45:00Z,15.342,beaver_creek_usgs_temp_3,60.65107,-151.09076,US/Alaska (UTC-9 / UTC-8),"west fork beaver creek, upstream of marathon road",Beaver Creek,STREAM,MAIN,TRUE,TRUE,TBD,FALSE
2022-08-01T13:00:00Z,15.342,beaver_creek_usgs_temp_3,60.65107,-151.09076,US/Alaska (UTC-9 / UTC-8),"west fork beaver creek, upstream of marathon road",Beaver Creek,STREAM,MAIN,TRUE,TRUE,TBD,FALSE
2022-08-01T13:15:00Z,15.342,beaver_creek_usgs_temp_3,60.65107,-151.09076,US/Alaska (UTC-9 / UTC-8),"west fork beaver creek, upstream of marathon road",Beaver Creek,STREAM,MAIN,TRUE,TRUE,TBD,FALSE
2022-08-01T13:30:00Z,15.366,beaver_creek_usgs_temp_3,60.65107,-151.09076,US/Alaska (UTC-9 / UTC-8),"west fork beaver creek, upstream of marathon road",Beaver Creek,STREAM,MAIN,TRUE,TRUE,TBD,FALSE
2022-08-01T13:45:00Z,15.39,beaver_creek_usgs_temp_3,60.65107,-151.09076,US/Alaska (UTC-9 / UTC-8),"west fork beaver creek, upstream of marathon road",Beaver Creek,STREAM,MAIN,TRUE,TRUE,TBD,FALSE
2022-08-01T14:00:00Z,15.39,beaver_creek_usgs_temp_3,60.65107,-151.09076,US/Alaska (UTC-9 / UTC-8),"west fork beaver creek, upstream of marathon road",Beaver Creek,STREAM,MAIN,TRUE,TRUE,TBD,FALSE
2022-08-01T14:15:00Z,15.414,beaver_creek_usgs_temp_3,60.65107,-151.09076,US/Alaska (UTC-9 / UTC-8),"west fork beaver creek, upstream of marathon road",Beaver Creek,STREAM,MAIN,TRUE,TRUE,TBD,FALSE
2022-08-01T14:30:00Z,15.438,beaver_creek_usgs_temp_3,60.65107,-151.09076,US/Alaska (UTC-9 / UTC-8),"west fork beaver creek, upstream of marathon road",Beaver Creek,STREAM,MAIN,TRUE,TRUE,TBD,FALSE
2022-08-01T14:45:00Z,15.485,beaver_creek_usgs_temp_3,60.65107,-151.09076,US/Alaska (UTC-9 / UTC-8),"west fork beaver creek, upstream of marathon road",Beaver Creek,STREAM,MAIN,TRUE,TRUE,TBD,FALSE
2022-08-01T15:00:00Z,15.533,beaver_creek_usgs_temp_3,60.65107,-151.09076,US/Alaska (UTC-9 / UTC-8),"west fork beaver creek, upstream of marathon road",Beaver Creek,STREAM,MAIN,TRUE,TRUE,TBD,FALSE
2022-08-01T15:15:00Z,15.581,beaver_creek_usgs_temp_3,60.65107,-151.09076,US/Alaska (UTC-9 / UTC-8),"west fork beaver creek, upstream of marathon road",Beaver Creek,STREAM,MAIN,TRUE,TRUE,TBD,FALSE
2022-08-01T15:30:00Z,15.581,beaver_creek_usgs_temp_3,60.65107,-151.09076,US/Alaska (UTC-9 / UTC-8),"west fork beaver creek, upstream of marathon road",Beaver Creek,STREAM,MAIN,TRUE,TRUE,TBD,FALSE
2022-08-01T15:45:00Z,15.533,beaver_creek_usgs_temp_3,60.65107,-151.09076,US/Alaska (UTC-9 / UTC-8),"west fork beaver creek, upstream of marathon road",Beaver Creek,STREAM,MAIN,TRUE,TRUE,TBD,FALSE
2022-08-01T16:00:00Z,15.485,beaver_creek_usgs_temp_3,60.65107,-151.09076,US/Alaska (UTC-9 / UTC-8),"west fork beaver creek, upstream of marathon road",Beaver Creek,STREAM,MAIN,TRUE,TRUE,TBD,FALSE
2022-08-01T16:15:00Z,15.461,beaver_creek_usgs_temp_3,60.65107,-151.09076,US/Alaska (UTC-9 / UTC-8),"west fork beaver creek, upstream of marathon road",Beaver Creek,STREAM,MAIN,TRUE,TRUE,TBD,FALSE
2022-08-01T16:30:00Z,15.461,beaver_creek_usgs_temp_3,60.65107,-151.09076,US/Alaska (UTC-9 / UTC-8),"west fork beaver creek, upstream of marathon road",Beaver Creek,STREAM,MAIN,TRUE,TRUE,TBD,FALSE
2022-08-01T16:45:00Z,15.485,beaver_creek_usgs_temp_3,60.65107,-151.09076,US/Alaska (UTC-9 / UTC-8),"west fork beaver creek, upstream of marathon road",Beaver Creek,STREAM,MAIN,TRUE,TRUE,TBD,FALSE
2022-08-01T17:00:00Z,15.485,beaver_creek_usgs_temp_3,60.65107,-151.09076,US/Alaska (UTC-9 / UTC-8),"west fork beaver creek, upstream of marathon road",Beaver Creek,STREAM,MAIN,TRUE,TRUE,TBD,FALSE
2022-08-01T17:15:00Z,15.509,beaver_creek_usgs_temp_3,60.65107,-151.09076,US/Alaska (UTC-9 / UTC-8),"west fork beaver creek, upstream of marathon road",Beaver Creek,STREAM,MAIN,TRUE,TRUE,TBD,FALSE
2022-08-01T17:30:00Z,15.485,beaver_creek_usgs_temp_3,60.65107,-151.09076,US/Alaska (UTC-9 / UTC-8),"west fork beaver creek, upstream of marathon road",Beaver Creek,STREAM,MAIN,TRUE,TRUE,TBD,FALSE
2022-08-01T17:45:00Z,15.485,beaver_creek_usgs_temp_3,60.65107,-151.09076,US/Alaska (UTC-9 / UTC-8),"west fork beaver creek, upstream of marathon road",Beaver Creek,STREAM,MAIN,TRUE,TRUE,TBD,FALSE
2022-08-01T18:00:00Z,15.485,beaver_creek_usgs_temp_3,60.65107,-151.09076,US/Alaska (UTC-9 / UTC-8),"west fork beaver creek, upstream of marathon road",Beaver Creek,STREAM,MAIN,TRUE,TRUE,TBD,FALSE
2022-08-01T18:15:00Z,15.509,beaver_creek_usgs_temp_3,60.65107,-151.09076,US/Alaska (UTC-9 / UTC-8),"west fork beaver creek, upstream of marathon road",Beaver Creek,STREAM,MAIN,TRUE,TRUE,TBD,FALSE
2022-08-01T18:30:00Z,15.533,beaver_creek_usgs_temp_3,60.65107,-151.09076,US/Alaska (UTC-9 / UTC-8),"west fork beaver creek, upstream of marathon road",Beaver Creek,STREAM,MAIN,TRUE,TRUE,TBD,FALSE
2022-08-01T18:45:00Z,15.581,beaver_creek_usgs_temp_3,60.65107,-151.09076,US/Alaska (UTC-9 / UTC-8),"west fork beaver creek, upstream of marathon road",Beaver Creek,STREAM,MAIN,TRUE,TRUE,TBD,FALSE
2022-08-01T19:00:00Z,15.581,beaver_creek_usgs_temp_3,60.65107,-151.09076,US/Alaska (UTC-9 / UTC-8),"west fork beaver creek, upstream of marathon road",Beaver Creek,STREAM,MAIN,TRUE,TRUE,TBD,FALSE
2022-08-01T19:15:00Z,15.581,beaver_creek_usgs_temp_3,60.65107,-151.09076,US/Alaska (UTC-9 / UTC-8),"west fork beaver creek, upstream of marathon road",Beaver Creek,STREAM,MAIN,TRUE,TRUE,TBD,FALSE
2022-08-01T19:30:00Z,15.581,beaver_creek_usgs_temp_3,60.65107,-151.09076,US/Alaska (UTC-9 / UTC-8),"west fork beaver creek, upstream of marathon road",Beaver Creek,STREAM,MAIN,TRUE,TRUE,TBD,FALSE
2022-08-01T19:45:00Z,15.581,beaver_creek_usgs_temp_3,60.65107,-151.09076,US/Alaska (UTC-9 / UTC-8),"west fork beaver creek, upstream of marathon road",Beaver Creek,STREAM,MAIN,TRUE,TRUE,TBD,FALSE
2022-08-01T20:00:00Z,15.533,beaver_creek_usgs_temp_3,60.65107,-151.09076,US/Alaska (UTC-9 / UTC-8),"west fork beaver creek, upstream of marathon road",Beaver Creek,STREAM,MAIN,TRUE,TRUE,TBD,FALSE
2022-08-01T20:15:00Z,15.485,beaver_creek_usgs_temp_3,60.65107,-151.09076,US/Alaska (UTC-9 / UTC-8),"west fork beaver creek, upstream of marathon road",Beaver Creek,STREAM,MAIN,TRUE,TRUE,TBD,FALSE
2022-08-01T20:30:00Z,15.438,beaver_creek_usgs_temp_3,60.65107,-151.09076,US/Alaska (UTC-9 / UTC-8),"west fork beaver creek, upstream of marathon road",Beaver Creek,STREAM,MAIN,TRUE,TRUE,TBD,FALSE
2022-08-01T20:45:00Z,15.39,beaver_creek_usgs_temp_3,60.65107,-151.09076,US/Alaska (UTC-9 / UTC-8),"west fork beaver creek, upstream of marathon road",Beaver Creek,STREAM,MAIN,TRUE,TRUE,TBD,FALSE
2022-08-01T21:00:00Z,15.342,beaver_creek_usgs_temp_3,60.65107,-151.09076,US/Alaska (UTC-9 / UTC-8),"west fork beaver creek, upstream of marathon road",Beaver Creek,STREAM,MAIN,TRUE,TRUE,TBD,FALSE
2022-08-01T21:15:00Z,15.294,beaver_creek_usgs_temp_3,60.65107,-151.09076,US/Alaska (UTC-9 / UTC-8),"west fork beaver creek, upstream of marathon road",Beaver Creek,STREAM,MAIN,TRUE,TRUE,TBD,FALSE
2022-08-01T21:30:00Z,15.247,beaver_creek_usgs_temp_3,60.65107,-151.09076,US/Alaska (UTC-9 / UTC-8),"west fork beaver creek, upstream of marathon road",Beaver Creek,STREAM,MAIN,TRUE,TRUE,TBD,FALSE
2022-08-01T21:45:00Z,15.199,beaver_creek_usgs_temp_3,60.65107,-151.09076,US/Alaska (UTC-9 / UTC-8),"west fork beaver creek, upstream of marathon road",Beaver Creek,STREAM,MAIN,TRUE,TRUE,TBD,FALSE
2022-08-01T22:00:00Z,15.151,beaver_creek_usgs_temp_3,60.65107,-151.09076,US/Alaska (UTC-9 / UTC-8),"west fork beaver creek, upstream of marathon road",Beaver Creek,STREAM,MAIN,TRUE,TRUE,TBD,FALSE
2022-08-01T22:15:00Z,15.103,beaver_creek_usgs_temp_3,60.65107,-151.09076,US/Alaska (UTC-9 / UTC-8),"west fork beaver creek, upstream of marathon road",Beaver Creek,STREAM,MAIN,TRUE,TRUE,TBD,FALSE
2022-08-01T22:30:00Z,15.055,beaver_creek_usgs_temp_3,60.65107,-151.09076,US/Alaska (UTC-9 / UTC-8),"west fork beaver creek, upstream of marathon road",Beaver Creek,STREAM,MAIN,TRUE,TRUE,TBD,FALSE
2022-08-01T22:45:00Z,14.984,beaver_creek_usgs_temp_3,60.65107,-151.09076,US/Alaska (UTC-9 / UTC-8),"west fork beaver creek, upstream of marathon road",Beaver Creek,STREAM,MAIN,TRUE,TRUE,TBD,FALSE
2022-08-01T23:00:00Z,14.912,beaver_creek_usgs_temp_3,60.65107,-151.09076,US/Alaska (UTC-9 / UTC-8),"west fork beaver creek, upstream of marathon road",Beaver Creek,STREAM,MAIN,TRUE,TRUE,TBD,FALSE
2022-08-01T23:15:00Z,14.84,beaver_creek_usgs_temp_3,60.65107,-151.09076,US/Alaska (UTC-9 / UTC-8),"west fork beaver creek, upstream of marathon road",Beaver Creek,STREAM,MAIN,TRUE,TRUE,TBD,FALSE
2022-08-01T23:30:00Z,14.768,beaver_creek_usgs_temp_3,60.65107,-151.09076,US/Alaska (UTC-9 / UTC-8),"west fork beaver creek, upstream of marathon road",Beaver Creek,STREAM,MAIN,TRUE,TRUE,TBD,FALSE
2022-08-01T23:45:00Z,14.697,beaver_creek_usgs_temp_3,60.65107,-151.09076,US/Alaska (UTC-9 / UTC-8),"west fork beaver creek, upstream of marathon road",Beaver Creek,STREAM,MAIN,TRUE,TRUE,TBD,FALSE
2022-08-02T00:00:00Z,14.649,beaver_creek_usgs_temp_3,60.65107,-151.09076,US/Alaska (UTC-9 / UTC-8),"west fork beaver creek, upstream of marathon road",Beaver Creek,STREAM,MAIN,TRUE,TRUE,TBD,FALSE
2022-08-02T00:15:00Z,14.577,beaver_creek_usgs_temp_3,60.65107,-151.09076,US/Alaska (UTC-9 / UTC-8),"west fork beaver creek, upstream of marathon road",Beaver Creek,STREAM,MAIN,TRUE,TRUE,TBD,FALSE
2022-08-02T00:30:00Z,14.505,beaver_creek_usgs_temp_3,60.65107,-151.09076,US/Alaska (UTC-9 / UTC-8),"west fork beaver creek, upstream of marathon road",Beaver Creek,STREAM,MAIN,TRUE,TRUE,TBD,FALSE
2022-08-02T00:45:00Z,14.433,beaver_creek_usgs_temp_3,60.65107,-151.09076,US/Alaska (UTC-9 / UTC-8),"west fork beaver creek, upstream of marathon road",Beaver Creek,STREAM,MAIN,TRUE,TRUE,TBD,FALSE
2022-08-02T01:00:00Z,14.337,beaver_creek_usgs_temp_3,60.65107,-151.09076,US/Alaska (UTC-9 / UTC-8),"west fork beaver creek, upstream of marathon road",Beaver Creek,STREAM,MAIN,TRUE,TRUE,TBD,FALSE
2022-08-02T01:15:00Z,14.242,beaver_creek_usgs_temp_3,60.65107,-151.09076,US/Alaska (UTC-9 / UTC-8),"west fork beaver creek, upstream of marathon road",Beaver Creek,STREAM,MAIN,TRUE,TRUE,TBD,FALSE
2022-08-02T01:30:00Z,14.17,beaver_creek_usgs_temp_3,60.65107,-151.09076,US/Alaska (UTC-9 / UTC-8),"west fork beaver creek, upstream of marathon road",Beaver Creek,STREAM,MAIN,TRUE,TRUE,TBD,FALSE
2022-08-02T01:45:00Z,14.098,beaver_creek_usgs_temp_3,60.65107,-151.09076,US/Alaska (UTC-9 / UTC-8),"west fork beaver creek, upstream of marathon road",Beaver Creek,STREAM,MAIN,TRUE,TRUE,TBD,FALSE
2022-08-02T02:00:00Z,14.002,beaver_creek_usgs_temp_3,60.65107,-151.09076,US/Alaska (UTC-9 / UTC-8),"west fork beaver creek, upstream of marathon road",Beaver Creek,STREAM,MAIN,TRUE,TRUE,TBD,FALSE
2022-08-02T02:15:00Z,13.93,beaver_creek_usgs_temp_3,60.65107,-151.09076,US/Alaska (UTC-9 / UTC-8),"west fork beaver creek, upstream of marathon road",Beaver Creek,STREAM,MAIN,TRUE,TRUE,TBD,FALSE
2022-08-02T02:30:00Z,13.834,beaver_creek_usgs_temp_3,60.65107,-151.09076,US/Alaska (UTC-9 / UTC-8),"west fork beaver creek, upstream of marathon road",Beaver Creek,STREAM,MAIN,TRUE,TRUE,TBD,FALSE
2022-08-02T02:45:00Z,13.762,beaver_creek_usgs_temp_3,60.65107,-151.09076,US/Alaska (UTC-9 / UTC-8),"west fork beaver creek, upstream of marathon road",Beaver Creek,STREAM,MAIN,TRUE,TRUE,TBD,FALSE
2022-08-02T03:00:00Z,13.666,beaver_creek_usgs_temp_3,60.65107,-151.09076,US/Alaska (UTC-9 / UTC-8),"west fork beaver creek, upstream of marathon road",Beaver Creek,STREAM,MAIN,TRUE,TRUE,TBD,FALSE
2022-08-02T03:15:00Z,13.618,beaver_creek_usgs_temp_3,60.65107,-151.09076,US/Alaska (UTC-9 / UTC-8),"west fork beaver creek, upstream of marathon road",Beaver Creek,STREAM,MAIN,TRUE,TRUE,TBD,FALSE
2022-08-02T03:30:00Z,13.522,beaver_creek_usgs_temp_3,60.65107,-151.09076,US/Alaska (UTC-9 / UTC-8),"west fork beaver creek, upstream of marathon road",Beaver Creek,STREAM,MAIN,TRUE,TRUE,TBD,FALSE
2022-08-02T03:45:00Z,13.449,beaver_creek_usgs_temp_3,60.65107,-151.09076,US/Alaska (UTC-9 / UTC-8),"west fork beaver creek, upstream of marathon road",Beaver Creek,STREAM,MAIN,TRUE,TRUE,TBD,FALSE
2022-08-02T04:00:00Z,13.377,beaver_creek_usgs_temp_3,60.65107,-151.09076,US/Alaska (UTC-9 / UTC-8),"west fork beaver creek, upstream of marathon road",Beaver Creek,STREAM,MAIN,TRUE,TRUE,TBD,FALSE
2022-08-02T04:15:00Z,13.329,beaver_creek_usgs_temp_3,60.65107,-151.09076,US/Alaska (UTC-9 / UTC-8),"west fork beaver creek, upstream of marathon road",Beaver Creek,STREAM,MAIN,TRUE,TRUE,TBD,FALSE
2022-08-02T04:30:00Z,13.257,beaver_creek_usgs_temp_3,60.65107,-151.09076,US/Alaska (UTC-9 / UTC-8),"west fork beaver creek, upstream of marathon road",Beaver Creek,STREAM,MAIN,TRUE,TRUE,TBD,FALSE
2022-08-02T04:45:00Z,13.185,beaver_creek_usgs_temp_3,60.65107,-151.09076,US/Alaska (UTC-9 / UTC-8),"west fork beaver creek, upstream of marathon road",Beaver Creek,STREAM,MAIN,TRUE,TRUE,TBD,FALSE
2022-08-02T05:00:00Z,13.137,beaver_creek_usgs_temp_3,60.65107,-151.09076,US/Alaska (UTC-9 / UTC-8),"west fork beaver creek, upstream of marathon road",Beaver Creek,STREAM,MAIN,TRUE,TRUE,TBD,FALSE
2022-08-02T05:15:00Z,13.088,beaver_creek_usgs_temp_3,60.65107,-151.09076,US/Alaska (UTC-9 / UTC-8),"west fork beaver creek, upstream of marathon road",Beaver Creek,STREAM,MAIN,TRUE,TRUE,TBD,FALSE
2022-08-02T05:30:00Z,13.016,beaver_creek_usgs_temp_3,60.65107,-151.09076,US/Alaska (UTC-9 / UTC-8),"west fork beaver creek, upstream of marathon road",Beaver Creek,STREAM,MAIN,TRUE,TRUE,TBD,FALSE
2022-08-02T05:45:00Z,12.944,beaver_creek_usgs_temp_3,60.65107,-151.09076,US/Alaska (UTC-9 / UTC-8),"west fork beaver creek, upstream of marathon road",Beaver Creek,STREAM,MAIN,TRUE,TRUE,TBD,FALSE
2022-08-02T06:00:00Z,12.896,beaver_creek_usgs_temp_3,60.65107,-151.09076,US/Alaska (UTC-9 / UTC-8),"west fork beaver creek, upstream of marathon road",Beaver Creek,STREAM,MAIN,TRUE,TRUE,TBD,FALSE
2022-08-02T06:15:00Z,12.823,beaver_creek_usgs_temp_3,60.65107,-151.09076,US/Alaska (UTC-9 / UTC-8),"west fork beaver creek, upstream of marathon road",Beaver Creek,STREAM,MAIN,TRUE,TRUE,TBD,FALSE
2022-08-02T06:30:00Z,12.775,beaver_creek_usgs_temp_3,60.65107,-151.09076,US/Alaska (UTC-9 / UTC-8),"west fork beaver creek, upstream of marathon road",Beaver Creek,STREAM,MAIN,TRUE,TRUE,TBD,FALSE
2022-08-02T06:45:00Z,12.751,beaver_creek_usgs_temp_3,60.65107,-151.09076,US/Alaska (UTC-9 / UTC-8),"west fork beaver creek, upstream of marathon road",Beaver Creek,STREAM,MAIN,TRUE,TRUE,TBD,FALSE
2022-08-02T07:00:00Z,12.678,beaver_creek_usgs_temp_3,60.65107,-151.09076,US/Alaska (UTC-9 / UTC-8),"west fork beaver creek, upstream of marathon road",Beaver Creek,STREAM,MAIN,TRUE,TRUE,TBD,FALSE
2022-08-02T07:15:00Z,12.654,beaver_creek_usgs_temp_3,60.65107,-151.09076,US/Alaska (UTC-9 / UTC-8),"west fork beaver creek, upstream of marathon road",Beaver Creek,STREAM,MAIN,TRUE,TRUE,TBD,FALSE
2022-08-02T07:30:00Z,12.606,beaver_creek_usgs_temp_3,60.65107,-151.09076,US/Alaska (UTC-9 / UTC-8),"west fork beaver creek, upstream of marathon road",Beaver Creek,STREAM,MAIN,TRUE,TRUE,TBD,FALSE
2022-08-02T07:45:00Z,12.606,beaver_creek_usgs_temp_3,60.65107,-151.09076,US/Alaska (UTC-9 / UTC-8),"west fork beaver creek, upstream of marathon road",Beaver Creek,STREAM,MAIN,TRUE,TRUE,TBD,FALSE
2022-08-02T08:00:00Z,12.606,beaver_creek_usgs_temp_3,60.65107,-151.09076,US/Alaska (UTC-9 / UTC-8),"west fork beaver creek, upstream of marathon road",Beaver Creek,STREAM,MAIN,TRUE,TRUE,TBD,FALSE
2022-08-02T08:15:00Z,12.63,beaver_creek_usgs_temp_3,60.65107,-151.09076,US/Alaska (UTC-9 / UTC-8),"west fork beaver creek, upstream of marathon road",Beaver Creek,STREAM,MAIN,TRUE,TRUE,TBD,FALSE
2022-08-02T08:30:00Z,12.654,beaver_creek_usgs_temp_3,60.65107,-151.09076,US/Alaska (UTC-9 / UTC-8),"west fork beaver creek, upstream of marathon road",Beaver Creek,STREAM,MAIN,TRUE,TRUE,TBD,FALSE
2022-08-02T08:45:00Z,12.727,beaver_creek_usgs_temp_3,60.65107,-151.09076,US/Alaska (UTC-9 / UTC-8),"west fork beaver creek, upstream of marathon road",Beaver Creek,STREAM,MAIN,TRUE,TRUE,TBD,FALSE
2022-08-02T09:00:00Z,12.775,beaver_creek_usgs_temp_3,60.65107,-151.09076,US/Alaska (UTC-9 / UTC-8),"west fork beaver creek, upstream of marathon road",Beaver Creek,STREAM,MAIN,TRUE,TRUE,TBD,FALSE
2022-08-02T09:15:00Z,12.847,beaver_creek_usgs_temp_3,60.65107,-151.09076,US/Alaska (UTC-9 / UTC-8),"west fork beaver creek, upstream of marathon road",Beaver Creek,STREAM,MAIN,TRUE,TRUE,TBD,FALSE
2022-08-02T09:30:00Z,12.968,beaver_creek_usgs_temp_3,60.65107,-151.09076,US/Alaska (UTC-9 / UTC-8),"west fork beaver creek, upstream of marathon road",Beaver Creek,STREAM,MAIN,TRUE,TRUE,TBD,FALSE
2022-08-02T09:45:00Z,13.064,beaver_creek_usgs_temp_3,60.65107,-151.09076,US/Alaska (UTC-9 / UTC-8),"west fork beaver creek, upstream of marathon road",Beaver Creek,STREAM,MAIN,TRUE,TRUE,TBD,FALSE
2022-08-02T10:00:00Z,13.185,beaver_creek_usgs_temp_3,60.65107,-151.09076,US/Alaska (UTC-9 / UTC-8),"west fork beaver creek, upstream of marathon road",Beaver Creek,STREAM,MAIN,TRUE,TRUE,TBD,FALSE
2022-08-02T10:15:00Z,13.329,beaver_creek_usgs_temp_3,60.65107,-151.09076,US/Alaska (UTC-9 / UTC-8),"west fork beaver creek, upstream of marathon road",Beaver Creek,STREAM,MAIN,TRUE,TRUE,TBD,FALSE
2022-08-02T10:30:00Z,13.449,beaver_creek_usgs_temp_3,60.65107,-151.09076,US/Alaska (UTC-9 / UTC-8),"west fork beaver creek, upstream of marathon road",Beaver Creek,STREAM,MAIN,TRUE,TRUE,TBD,FALSE
2022-08-02T10:45:00Z,13.546,beaver_creek_usgs_temp_3,60.65107,-151.09076,US/Alaska (UTC-9 / UTC-8),"west fork beaver creek, upstream of marathon road",Beaver Creek,STREAM,MAIN,TRUE,TRUE,TBD,FALSE
2022-08-02T11:00:00Z,13.618,beaver_creek_usgs_temp_3,60.65107,-151.09076,US/Alaska (UTC-9 / UTC-8),"west fork beaver creek, upstream of marathon road",Beaver Creek,STREAM,MAIN,TRUE,TRUE,TBD,FALSE
2022-08-02T11:15:00Z,13.666,beaver_creek_usgs_temp_3,60.65107,-151.09076,US/Alaska (UTC-9 / UTC-8),"west fork beaver creek, upstream of marathon road",Beaver Creek,STREAM,MAIN,TRUE,TRUE,TBD,FALSE
2022-08-02T11:30:00Z,13.714,beaver_creek_usgs_temp_3,60.65107,-151.09076,US/Alaska (UTC-9 / UTC-8),"west fork beaver creek, upstream of marathon road",Beaver Creek,STREAM,MAIN,TRUE,TRUE,TBD,FALSE
2022-08-02T11:45:00Z,13.762,beaver_creek_usgs_temp_3,60.65107,-151.09076,US/Alaska (UTC-9 / UTC-8),"west fork beaver creek, upstream of marathon road",Beaver Creek,STREAM,MAIN,TRUE,TRUE,TBD,FALSE
2022-08-02T12:00:00Z,13.834,beaver_creek_usgs_temp_3,60.65107,-151.09076,US/Alaska (UTC-9 / UTC-8),"west fork beaver creek, upstream of marathon road",Beaver Creek,STREAM,MAIN,TRUE,TRUE,TBD,FALSE
2022-08-02T12:15:00Z,13.906,beaver_creek_usgs_temp_3,60.65107,-151.09076,US/Alaska (UTC-9 / UTC-8),"west fork beaver creek, upstream of marathon road",Beaver Creek,STREAM,MAIN,TRUE,TRUE,TBD,FALSE
2022-08-02T12:30:00Z,14.002,beaver_creek_usgs_temp_3,60.65107,-151.09076,US/Alaska (UTC-9 / UTC-8),"west fork beaver creek, upstream of marathon road",Beaver Creek,STREAM,MAIN,TRUE,TRUE,TBD,FALSE
2022-08-02T12:45:00Z,14.122,beaver_creek_usgs_temp_3,60.65107,-151.09076,US/Alaska (UTC-9 / UTC-8),"west fork beaver creek, upstream of marathon road",Beaver Creek,STREAM,MAIN,TRUE,TRUE,TBD,FALSE
2022-08-02T13:00:00Z,14.194,beaver_creek_usgs_temp_3,60.65107,-151.09076,US/Alaska (UTC-9 / UTC-8),"west fork beaver creek, upstream of marathon road",Beaver Creek,STREAM,MAIN,TRUE,TRUE,TBD,FALSE
2022-08-02T13:15:00Z,14.29,beaver_creek_usgs_temp_3,60.65107,-151.09076,US/Alaska (UTC-9 / UTC-8),"west fork beaver creek, upstream of marathon road",Beaver Creek,STREAM,MAIN,TRUE,TRUE,TBD,FALSE
2022-08-02T13:30:00Z,14.29,beaver_creek_usgs_temp_3,60.65107,-151.09076,US/Alaska (UTC-9 / UTC-8),"west fork beaver creek, upstream of marathon road",Beaver Creek,STREAM,MAIN,TRUE,TRUE,TBD,FALSE
2022-08-02T13:45:00Z,14.29,beaver_creek_usgs_temp_3,60.65107,-151.09076,US/Alaska (UTC-9 / UTC-8),"west fork beaver creek, upstream of marathon road",Beaver Creek,STREAM,MAIN,TRUE,TRUE,TBD,FALSE
2022-08-02T14:00:00Z,14.29,beaver_creek_usgs_temp_3,60.65107,-151.09076,US/Alaska (UTC-9 / UTC-8),"west fork beaver creek, upstream of marathon road",Beaver Creek,STREAM,MAIN,TRUE,TRUE,TBD,FALSE
2022-08-02T14:15:00Z,14.29,beaver_creek_usgs_temp_3,60.65107,-151.09076,US/Alaska (UTC-9 / UTC-8),"west fork beaver creek, upstream of marathon road",Beaver Creek,STREAM,MAIN,TRUE,TRUE,TBD,FALSE
2022-08-02T14:30:00Z,14.29,beaver_creek_usgs_temp_3,60.65107,-151.09076,US/Alaska (UTC-9 / UTC-8),"west fork beaver creek, upstream of marathon road",Beaver Creek,STREAM,MAIN,TRUE,TRUE,TBD,FALSE
2022-08-02T14:45:00Z,14.29,beaver_creek_usgs_temp_3,60.65107,-151.09076,US/Alaska (UTC-9 / UTC-8),"west fork beaver creek, upstream of marathon road",Beaver Creek,STREAM,MAIN,TRUE,TRUE,TBD,FALSE
2022-08-02T15:00:00Z,14.337,beaver_creek_usgs_temp_3,60.65107,-151.09076,US/Alaska (UTC-9 / UTC-8),"west fork beaver creek, upstream of marathon road",Beaver Creek,STREAM,MAIN,TRUE,TRUE,TBD,FALSE
2022-08-02T15:15:00Z,14.385,beaver_creek_usgs_temp_3,60.65107,-151.09076,US/Alaska (UTC-9 / UTC-8),"west fork beaver creek, upstream of marathon road",Beaver Creek,STREAM,MAIN,TRUE,TRUE,TBD,FALSE
2022-08-02T15:30:00Z,14.433,beaver_creek_usgs_temp_3,60.65107,-151.09076,US/Alaska (UTC-9 / UTC-8),"west fork beaver creek, upstream of marathon road",Beaver Creek,STREAM,MAIN,TRUE,TRUE,TBD,FALSE
2022-08-02T15:45:00Z,14.481,beaver_creek_usgs_temp_3,60.65107,-151.09076,US/Alaska (UTC-9 / UTC-8),"west fork beaver creek, upstream of marathon road",Beaver Creek,STREAM,MAIN,TRUE,TRUE,TBD,FALSE
2022-08-02T16:00:00Z,14.553,beaver_creek_usgs_temp_3,60.65107,-151.09076,US/Alaska (UTC-9 / UTC-8),"west fork beaver creek, upstream of marathon road",Beaver Creek,STREAM,MAIN,TRUE,TRUE,TBD,FALSE
2022-08-02T16:15:00Z,14.601,beaver_creek_usgs_temp_3,60.65107,-151.09076,US/Alaska (UTC-9 / UTC-8),"west fork beaver creek, upstream of marathon road",Beaver Creek,STREAM,MAIN,TRUE,TRUE,TBD,FALSE
2022-08-02T16:30:00Z,14.697,beaver_creek_usgs_temp_3,60.65107,-151.09076,US/Alaska (UTC-9 / UTC-8),"west fork beaver creek, upstream of marathon road",Beaver Creek,STREAM,MAIN,TRUE,TRUE,TBD,FALSE
2022-08-02T16:45:00Z,14.816,beaver_creek_usgs_temp_3,60.65107,-151.09076,US/Alaska (UTC-9 / UTC-8),"west fork beaver creek, upstream of marathon road",Beaver Creek,STREAM,MAIN,TRUE,TRUE,TBD,FALSE
2022-08-02T17:00:00Z,14.96,beaver_creek_usgs_temp_3,60.65107,-151.09076,US/Alaska (UTC-9 / UTC-8),"west fork beaver creek, upstream of marathon road",Beaver Creek,STREAM,MAIN,TRUE,TRUE,TBD,FALSE
2022-08-02T17:15:00Z,15.079,beaver_creek_usgs_temp_3,60.65107,-151.09076,US/Alaska (UTC-9 / UTC-8),"west fork beaver creek, upstream of marathon road",Beaver Creek,STREAM,MAIN,TRUE,TRUE,TBD,FALSE
2022-08-02T17:30:00Z,15.223,beaver_creek_usgs_temp_3,60.65107,-151.09076,US/Alaska (UTC-9 / UTC-8),"west fork beaver creek, upstream of marathon road",Beaver Creek,STREAM,MAIN,TRUE,TRUE,TBD,FALSE
2022-08-02T17:45:00Z,15.318,beaver_creek_usgs_temp_3,60.65107,-151.09076,US/Alaska (UTC-9 / UTC-8),"west fork beaver creek, upstream of marathon road",Beaver Creek,STREAM,MAIN,TRUE,TRUE,TBD,FALSE
2022-08-02T18:00:00Z,15.366,beaver_creek_usgs_temp_3,60.65107,-151.09076,US/Alaska (UTC-9 / UTC-8),"west fork beaver creek, upstream of marathon road",Beaver Creek,STREAM,MAIN,TRUE,TRUE,TBD,FALSE
2022-08-02T18:15:00Z,15.39,beaver_creek_usgs_temp_3,60.65107,-151.09076,US/Alaska (UTC-9 / UTC-8),"west fork beaver creek, upstream of marathon road",Beaver Creek,STREAM,MAIN,TRUE,TRUE,TBD,FALSE
2022-08-02T18:30:00Z,15.39,beaver_creek_usgs_temp_3,60.65107,-151.09076,US/Alaska (UTC-9 / UTC-8),"west fork beaver creek, upstream of marathon road",Beaver Creek,STREAM,MAIN,TRUE,TRUE,TBD,FALSE
2022-08-02T18:45:00Z,15.39,beaver_creek_usgs_temp_3,60.65107,-151.09076,US/Alaska (UTC-9 / UTC-8),"west fork beaver creek, upstream of marathon road",Beaver Creek,STREAM,MAIN,TRUE,TRUE,TBD,FALSE
2022-08-02T19:00:00Z,15.39,beaver_creek_usgs_temp_3,60.65107,-151.09076,US/Alaska (UTC-9 / UTC-8),"west fork beaver creek, upstream of marathon road",Beaver Creek,STREAM,MAIN,TRUE,TRUE,TBD,FALSE
2022-08-02T19:15:00Z,15.39,beaver_creek_usgs_temp_3,60.65107,-151.09076,US/Alaska (UTC-9 / UTC-8),"west fork beaver creek, upstream of marathon road",Beaver Creek,STREAM,MAIN,TRUE,TRUE,TBD,FALSE
2022-08-02T19:30:00Z,15.366,beaver_creek_usgs_temp_3,60.65107,-151.09076,US/Alaska (UTC-9 / UTC-8),"west fork beaver creek, upstream of marathon road",Beaver Creek,STREAM,MAIN,TRUE,TRUE,TBD,FALSE
2022-08-02T19:45:00Z,15.342,beaver_creek_usgs_temp_3,60.65107,-151.09076,US/Alaska (UTC-9 / UTC-8),"west fork beaver creek, upstream of marathon road",Beaver Creek,STREAM,MAIN,TRUE,TRUE,TBD,FALSE
2022-08-02T20:00:00Z,15.294,beaver_creek_usgs_temp_3,60.65107,-151.09076,US/Alaska (UTC-9 / UTC-8),"west fork beaver creek, upstream of marathon road",Beaver Creek,STREAM,MAIN,TRUE,TRUE,TBD,FALSE
2022-08-02T20:15:00Z,15.247,beaver_creek_usgs_temp_3,60.65107,-151.09076,US/Alaska (UTC-9 / UTC-8),"west fork beaver creek, upstream of marathon road",Beaver Creek,STREAM,MAIN,TRUE,TRUE,TBD,FALSE
2022-08-02T20:30:00Z,15.199,beaver_creek_usgs_temp_3,60.65107,-151.09076,US/Alaska (UTC-9 / UTC-8),"west fork beaver creek, upstream of marathon road",Beaver Creek,STREAM,MAIN,TRUE,TRUE,TBD,FALSE
2022-08-02T20:45:00Z,15.151,beaver_creek_usgs_temp_3,60.65107,-151.09076,US/Alaska (UTC-9 / UTC-8),"west fork beaver creek, upstream of marathon road",Beaver Creek,STREAM,MAIN,TRUE,TRUE,TBD,FALSE
2022-08-02T21:00:00Z,15.103,beaver_creek_usgs_temp_3,60.65107,-151.09076,US/Alaska (UTC-9 / UTC-8),"west fork beaver creek, upstream of marathon road",Beaver Creek,STREAM,MAIN,TRUE,TRUE,TBD,FALSE
2022-08-02T21:15:00Z,15.055,beaver_creek_usgs_temp_3,60.65107,-151.09076,US/Alaska (UTC-9 / UTC-8),"west fork beaver creek, upstream of marathon road",Beaver Creek,STREAM,MAIN,TRUE,TRUE,TBD,FALSE
2022-08-02T21:30:00Z,14.984,beaver_creek_usgs_temp_3,60.65107,-151.09076,US/Alaska (UTC-9 / UTC-8),"west fork beaver creek, upstream of marathon road",Beaver Creek,STREAM,MAIN,TRUE,TRUE,TBD,FALSE
2022-08-02T21:45:00Z,14.936,beaver_creek_usgs_temp_3,60.65107,-151.09076,US/Alaska (UTC-9 / UTC-8),"west fork beaver creek, upstream of marathon road",Beaver Creek,STREAM,MAIN,TRUE,TRUE,TBD,FALSE
2022-08-02T22:00:00Z,14.864,beaver_creek_usgs_temp_3,60.65107,-151.09076,US/Alaska (UTC-9 / UTC-8),"west fork beaver creek, upstream of marathon road",Beaver Creek,STREAM,MAIN,TRUE,TRUE,TBD,FALSE
2022-08-02T22:15:00Z,14.816,beaver_creek_usgs_temp_3,60.65107,-151.09076,US/Alaska (UTC-9 / UTC-8),"west fork beaver creek, upstream of marathon road",Beaver Creek,STREAM,MAIN,TRUE,TRUE,TBD,FALSE
2022-08-02T22:30:00Z,14.745,beaver_creek_usgs_temp_3,60.65107,-151.09076,US/Alaska (UTC-9 / UTC-8),"west fork beaver creek, upstream of marathon road",Beaver Creek,STREAM,MAIN,TRUE,TRUE,TBD,FALSE
2022-08-02T22:45:00Z,14.697,beaver_creek_usgs_temp_3,60.65107,-151.09076,US/Alaska (UTC-9 / UTC-8),"west fork beaver creek, upstream of marathon road",Beaver Creek,STREAM,MAIN,TRUE,TRUE,TBD,FALSE
2022-08-02T23:00:00Z,14.625,beaver_creek_usgs_temp_3,60.65107,-151.09076,US/Alaska (UTC-9 / UTC-8),"west fork beaver creek, upstream of marathon road",Beaver Creek,STREAM,MAIN,TRUE,TRUE,TBD,FALSE
2022-08-02T23:15:00Z,14.553,beaver_creek_usgs_temp_3,60.65107,-151.09076,US/Alaska (UTC-9 / UTC-8),"west fork beaver creek, upstream of marathon road",Beaver Creek,STREAM,MAIN,TRUE,TRUE,TBD,FALSE
2022-08-02T23:30:00Z,14.481,beaver_creek_usgs_temp_3,60.65107,-151.09076,US/Alaska (UTC-9 / UTC-8),"west fork beaver creek, upstream of marathon road",Beaver Creek,STREAM,MAIN,TRUE,TRUE,TBD,FALSE
2022-08-02T23:45:00Z,14.385,beaver_creek_usgs_temp_3,60.65107,-151.09076,US/Alaska (UTC-9 / UTC-8),"west fork beaver creek, upstream of marathon road",Beaver Creek,STREAM,MAIN,TRUE,TRUE,TBD,FALSE
2022-08-03T00:00:00Z,14.314,beaver_creek_usgs_temp_3,60.65107,-151.09076,US/Alaska (UTC-9 / UTC-8),"west fork beaver creek, upstream of marathon road",Beaver Creek,STREAM,MAIN,TRUE,TRUE,TBD,FALSE
2022-08-03T00:15:00Z,14.218,beaver_creek_usgs_temp_3,60.65107,-151.09076,US/Alaska (UTC-9 / UTC-8),"west fork beaver creek, upstream of marathon road",Beaver Creek,STREAM,MAIN,TRUE,TRUE,TBD,FALSE
2022-08-03T00:30:00Z,14.146,beaver_creek_usgs_temp_3,60.65107,-151.09076,US/Alaska (UTC-9 / UTC-8),"west fork beaver creek, upstream of marathon road",Beaver Creek,STREAM,MAIN,TRUE,TRUE,TBD,FALSE
2022-08-03T00:45:00Z,14.05,beaver_creek_usgs_temp_3,60.65107,-151.09076,US/Alaska (UTC-9 / UTC-8),"west fork beaver creek, upstream of marathon road",Beaver Creek,STREAM,MAIN,TRUE,TRUE,TBD,FALSE
2022-08-03T01:00:00Z,13.978,beaver_creek_usgs_temp_3,60.65107,-151.09076,US/Alaska (UTC-9 / UTC-8),"west fork beaver creek, upstream of marathon road",Beaver Creek,STREAM,MAIN,TRUE,TRUE,TBD,FALSE
2022-08-03T01:15:00Z,13.906,beaver_creek_usgs_temp_3,60.65107,-151.09076,US/Alaska (UTC-9 / UTC-8),"west fork beaver creek, upstream of marathon road",Beaver Creek,STREAM,MAIN,TRUE,TRUE,TBD,FALSE
2022-08-03T01:30:00Z,13.834,beaver_creek_usgs_temp_3,60.65107,-151.09076,US/Alaska (UTC-9 / UTC-8),"west fork beaver creek, upstream of marathon road",Beaver Creek,STREAM,MAIN,TRUE,TRUE,TBD,FALSE
2022-08-03T01:45:00Z,13.762,beaver_creek_usgs_temp_3,60.65107,-151.09076,US/Alaska (UTC-9 / UTC-8),"west fork beaver creek, upstream of marathon road",Beaver Creek,STREAM,MAIN,TRUE,TRUE,TBD,FALSE
2022-08-03T02:00:00Z,13.714,beaver_creek_usgs_temp_3,60.65107,-151.09076,US/Alaska (UTC-9 / UTC-8),"west fork beaver creek, upstream of marathon road",Beaver Creek,STREAM,MAIN,TRUE,TRUE,TBD,FALSE
2022-08-03T02:15:00Z,13.642,beaver_creek_usgs_temp_3,60.65107,-151.09076,US/Alaska (UTC-9 / UTC-8),"west fork beaver creek, upstream of marathon road",Beaver Creek,STREAM,MAIN,TRUE,TRUE,TBD,FALSE
2022-08-03T02:30:00Z,13.57,beaver_creek_usgs_temp_3,60.65107,-151.09076,US/Alaska (UTC-9 / UTC-8),"west fork beaver creek, upstream of marathon road",Beaver Creek,STREAM,MAIN,TRUE,TRUE,TBD,FALSE
2022-08-03T02:45:00Z,13.522,beaver_creek_usgs_temp_3,60.65107,-151.09076,US/Alaska (UTC-9 / UTC-8),"west fork beaver creek, upstream of marathon road",Beaver Creek,STREAM,MAIN,TRUE,TRUE,TBD,FALSE
2022-08-03T03:00:00Z,13.473,beaver_creek_usgs_temp_3,60.65107,-151.09076,US/Alaska (UTC-9 / UTC-8),"west fork beaver creek, upstream of marathon road",Beaver Creek,STREAM,MAIN,TRUE,TRUE,TBD,FALSE
2022-08-03T03:15:00Z,13.425,beaver_creek_usgs_temp_3,60.65107,-151.09076,US/Alaska (UTC-9 / UTC-8),"west fork beaver creek, upstream of marathon road",Beaver Creek,STREAM,MAIN,TRUE,TRUE,TBD,FALSE
2022-08-03T03:30:00Z,13.353,beaver_creek_usgs_temp_3,60.65107,-151.09076,US/Alaska (UTC-9 / UTC-8),"west fork beaver creek, upstream of marathon road",Beaver Creek,STREAM,MAIN,TRUE,TRUE,TBD,FALSE
2022-08-03T03:45:00Z,13.281,beaver_creek_usgs_temp_3,60.65107,-151.09076,US/Alaska (UTC-9 / UTC-8),"west fork beaver creek, upstream of marathon road",Beaver Creek,STREAM,MAIN,TRUE,TRUE,TBD,FALSE
2022-08-03T04:00:00Z,13.233,beaver_creek_usgs_temp_3,60.65107,-151.09076,US/Alaska (UTC-9 / UTC-8),"west fork beaver creek, upstream of marathon road",Beaver Creek,STREAM,MAIN,TRUE,TRUE,TBD,FALSE
2022-08-03T04:15:00Z,13.161,beaver_creek_usgs_temp_3,60.65107,-151.09076,US/Alaska (UTC-9 / UTC-8),"west fork beaver creek, upstream of marathon road",Beaver Creek,STREAM,MAIN,TRUE,TRUE,TBD,FALSE
2022-08-03T04:30:00Z,13.088,beaver_creek_usgs_temp_3,60.65107,-151.09076,US/Alaska (UTC-9 / UTC-8),"west fork beaver creek, upstream of marathon road",Beaver Creek,STREAM,MAIN,TRUE,TRUE,TBD,FALSE
2022-08-03T04:45:00Z,13.04,beaver_creek_usgs_temp_3,60.65107,-151.09076,US/Alaska (UTC-9 / UTC-8),"west fork beaver creek, upstream of marathon road",Beaver Creek,STREAM,MAIN,TRUE,TRUE,TBD,FALSE
2022-08-03T05:00:00Z,12.968,beaver_creek_usgs_temp_3,60.65107,-151.09076,US/Alaska (UTC-9 / UTC-8),"west fork beaver creek, upstream of marathon road",Beaver Creek,STREAM,MAIN,TRUE,TRUE,TBD,FALSE
2022-08-03T05:15:00Z,12.896,beaver_creek_usgs_temp_3,60.65107,-151.09076,US/Alaska (UTC-9 / UTC-8),"west fork beaver creek, upstream of marathon road",Beaver Creek,STREAM,MAIN,TRUE,TRUE,TBD,FALSE
2022-08-03T05:30:00Z,12.847,beaver_creek_usgs_temp_3,60.65107,-151.09076,US/Alaska (UTC-9 / UTC-8),"west fork beaver creek, upstream of marathon road",Beaver Creek,STREAM,MAIN,TRUE,TRUE,TBD,FALSE
2022-08-03T05:45:00Z,12.775,beaver_creek_usgs_temp_3,60.65107,-151.09076,US/Alaska (UTC-9 / UTC-8),"west fork beaver creek, upstream of marathon road",Beaver Creek,STREAM,MAIN,TRUE,TRUE,TBD,FALSE
2022-08-03T06:00:00Z,12.703,beaver_creek_usgs_temp_3,60.65107,-151.09076,US/Alaska (UTC-9 / UTC-8),"west fork beaver creek, upstream of marathon road",Beaver Creek,STREAM,MAIN,TRUE,TRUE,TBD,FALSE
2022-08-03T06:15:00Z,12.654,beaver_creek_usgs_temp_3,60.65107,-151.09076,US/Alaska (UTC-9 / UTC-8),"west fork beaver creek, upstream of marathon road",Beaver Creek,STREAM,MAIN,TRUE,TRUE,TBD,FALSE
2022-08-03T06:30:00Z,12.606,beaver_creek_usgs_temp_3,60.65107,-151.09076,US/Alaska (UTC-9 / UTC-8),"west fork beaver creek, upstream of marathon road",Beaver Creek,STREAM,MAIN,TRUE,TRUE,TBD,FALSE
2022-08-03T06:45:00Z,12.558,beaver_creek_usgs_temp_3,60.65107,-151.09076,US/Alaska (UTC-9 / UTC-8),"west fork beaver creek, upstream of marathon road",Beaver Creek,STREAM,MAIN,TRUE,TRUE,TBD,FALSE
2022-08-03T07:00:00Z,12.509,beaver_creek_usgs_temp_3,60.65107,-151.09076,US/Alaska (UTC-9 / UTC-8),"west fork beaver creek, upstream of marathon road",Beaver Creek,STREAM,MAIN,TRUE,TRUE,TBD,FALSE
2022-08-03T07:15:00Z,12.485,beaver_creek_usgs_temp_3,60.65107,-151.09076,US/Alaska (UTC-9 / UTC-8),"west fork beaver creek, upstream of marathon road",Beaver Creek,STREAM,MAIN,TRUE,TRUE,TBD,FALSE
2022-08-03T07:30:00Z,12.461,beaver_creek_usgs_temp_3,60.65107,-151.09076,US/Alaska (UTC-9 / UTC-8),"west fork beaver creek, upstream of marathon road",Beaver Creek,STREAM,MAIN,TRUE,TRUE,TBD,FALSE
2022-08-03T07:45:00Z,12.461,beaver_creek_usgs_temp_3,60.65107,-151.09076,US/Alaska (UTC-9 / UTC-8),"west fork beaver creek, upstream of marathon road",Beaver Creek,STREAM,MAIN,TRUE,TRUE,TBD,FALSE
2022-08-03T08:00:00Z,12.485,beaver_creek_usgs_temp_3,60.65107,-151.09076,US/Alaska (UTC-9 / UTC-8),"west fork beaver creek, upstream of marathon road",Beaver Creek,STREAM,MAIN,TRUE,TRUE,TBD,FALSE
2022-08-03T08:15:00Z,12.534,beaver_creek_usgs_temp_3,60.65107,-151.09076,US/Alaska (UTC-9 / UTC-8),"west fork beaver creek, upstream of marathon road",Beaver Creek,STREAM,MAIN,TRUE,TRUE,TBD,FALSE
2022-08-03T08:30:00Z,12.582,beaver_creek_usgs_temp_3,60.65107,-151.09076,US/Alaska (UTC-9 / UTC-8),"west fork beaver creek, upstream of marathon road",Beaver Creek,STREAM,MAIN,TRUE,TRUE,TBD,FALSE
2022-08-03T08:45:00Z,12.654,beaver_creek_usgs_temp_3,60.65107,-151.09076,US/Alaska (UTC-9 / UTC-8),"west fork beaver creek, upstream of marathon road",Beaver Creek,STREAM,MAIN,TRUE,TRUE,TBD,FALSE
2022-08-03T09:00:00Z,12.751,beaver_creek_usgs_temp_3,60.65107,-151.09076,US/Alaska (UTC-9 / UTC-8),"west fork beaver creek, upstream of marathon road",Beaver Creek,STREAM,MAIN,TRUE,TRUE,TBD,FALSE
2022-08-03T09:15:00Z,12.847,beaver_creek_usgs_temp_3,60.65107,-151.09076,US/Alaska (UTC-9 / UTC-8),"west fork beaver creek, upstream of marathon road",Beaver Creek,STREAM,MAIN,TRUE,TRUE,TBD,FALSE
2022-08-03T09:30:00Z,12.944,beaver_creek_usgs_temp_3,60.65107,-151.09076,US/Alaska (UTC-9 / UTC-8),"west fork beaver creek, upstream of marathon road",Beaver Creek,STREAM,MAIN,TRUE,TRUE,TBD,FALSE
2022-08-03T09:45:00Z,13.064,beaver_creek_usgs_temp_3,60.65107,-151.09076,US/Alaska (UTC-9 / UTC-8),"west fork beaver creek, upstream of marathon road",Beaver Creek,STREAM,MAIN,TRUE,TRUE,TBD,FALSE
2022-08-03T10:00:00Z,13.185,beaver_creek_usgs_temp_3,60.65107,-151.09076,US/Alaska (UTC-9 / UTC-8),"west fork beaver creek, upstream of marathon road",Beaver Creek,STREAM,MAIN,TRUE,TRUE,TBD,FALSE
2022-08-03T10:15:00Z,13.329,beaver_creek_usgs_temp_3,60.65107,-151.09076,US/Alaska (UTC-9 / UTC-8),"west fork beaver creek, upstream of marathon road",Beaver Creek,STREAM,MAIN,TRUE,TRUE,TBD,FALSE
2022-08-03T10:30:00Z,13.449,beaver_creek_usgs_temp_3,60.65107,-151.09076,US/Alaska (UTC-9 / UTC-8),"west fork beaver creek, upstream of marathon road",Beaver Creek,STREAM,MAIN,TRUE,TRUE,TBD,FALSE
2022-08-03T10:45:00Z,13.594,beaver_creek_usgs_temp_3,60.65107,-151.09076,US/Alaska (UTC-9 / UTC-8),"west fork beaver creek, upstream of marathon road",Beaver Creek,STREAM,MAIN,TRUE,TRUE,TBD,FALSE
2022-08-03T11:00:00Z,13.714,beaver_creek_usgs_temp_3,60.65107,-151.09076,US/Alaska (UTC-9 / UTC-8),"west fork beaver creek, upstream of marathon road",Beaver Creek,STREAM,MAIN,TRUE,TRUE,TBD,FALSE
2022-08-03T11:15:00Z,13.834,beaver_creek_usgs_temp_3,60.65107,-151.09076,US/Alaska (UTC-9 / UTC-8),"west fork beaver creek, upstream of marathon road",Beaver Creek,STREAM,MAIN,TRUE,TRUE,TBD,FALSE
2022-08-03T11:30:00Z,13.954,beaver_creek_usgs_temp_3,60.65107,-151.09076,US/Alaska (UTC-9 / UTC-8),"west fork beaver creek, upstream of marathon road",Beaver Creek,STREAM,MAIN,TRUE,TRUE,TBD,FALSE
2022-08-03T11:45:00Z,14.074,beaver_creek_usgs_temp_3,60.65107,-151.09076,US/Alaska (UTC-9 / UTC-8),"west fork beaver creek, upstream of marathon road",Beaver Creek,STREAM,MAIN,TRUE,TRUE,TBD,FALSE
2022-08-03T12:00:00Z,14.194,beaver_creek_usgs_temp_3,60.65107,-151.09076,US/Alaska (UTC-9 / UTC-8),"west fork beaver creek, upstream of marathon road",Beaver Creek,STREAM,MAIN,TRUE,TRUE,TBD,FALSE
2022-08-03T12:15:00Z,14.29,beaver_creek_usgs_temp_3,60.65107,-151.09076,US/Alaska (UTC-9 / UTC-8),"west fork beaver creek, upstream of marathon road",Beaver Creek,STREAM,MAIN,TRUE,TRUE,TBD,FALSE
2022-08-03T12:30:00Z,14.409,beaver_creek_usgs_temp_3,60.65107,-151.09076,US/Alaska (UTC-9 / UTC-8),"west fork beaver creek, upstream of marathon road",Beaver Creek,STREAM,MAIN,TRUE,TRUE,TBD,FALSE
2022-08-03T12:45:00Z,14.529,beaver_creek_usgs_temp_3,60.65107,-151.09076,US/Alaska (UTC-9 / UTC-8),"west fork beaver creek, upstream of marathon road",Beaver Creek,STREAM,MAIN,TRUE,TRUE,TBD,FALSE
2022-08-03T13:00:00Z,14.673,beaver_creek_usgs_temp_3,60.65107,-151.09076,US/Alaska (UTC-9 / UTC-8),"west fork beaver creek, upstream of marathon road",Beaver Creek,STREAM,MAIN,TRUE,TRUE,TBD,FALSE
2022-08-03T13:15:00Z,14.792,beaver_creek_usgs_temp_3,60.65107,-151.09076,US/Alaska (UTC-9 / UTC-8),"west fork beaver creek, upstream of marathon road",Beaver Creek,STREAM,MAIN,TRUE,TRUE,TBD,FALSE
2022-08-03T13:30:00Z,14.912,beaver_creek_usgs_temp_3,60.65107,-151.09076,US/Alaska (UTC-9 / UTC-8),"west fork beaver creek, upstream of marathon road",Beaver Creek,STREAM,MAIN,TRUE,TRUE,TBD,FALSE
2022-08-03T13:45:00Z,15.031,beaver_creek_usgs_temp_3,60.65107,-151.09076,US/Alaska (UTC-9 / UTC-8),"west fork beaver creek, upstream of marathon road",Beaver Creek,STREAM,MAIN,TRUE,TRUE,TBD,FALSE
2022-08-03T14:00:00Z,15.151,beaver_creek_usgs_temp_3,60.65107,-151.09076,US/Alaska (UTC-9 / UTC-8),"west fork beaver creek, upstream of marathon road",Beaver Creek,STREAM,MAIN,TRUE,TRUE,TBD,FALSE
2022-08-03T14:15:00Z,15.294,beaver_creek_usgs_temp_3,60.65107,-151.09076,US/Alaska (UTC-9 / UTC-8),"west fork beaver creek, upstream of marathon road",Beaver Creek,STREAM,MAIN,TRUE,TRUE,TBD,FALSE
2022-08-03T14:30:00Z,15.438,beaver_creek_usgs_temp_3,60.65107,-151.09076,US/Alaska (UTC-9 / UTC-8),"west fork beaver creek, upstream of marathon road",Beaver Creek,STREAM,MAIN,TRUE,TRUE,TBD,FALSE
2022-08-03T14:45:00Z,15.533,beaver_creek_usgs_temp_3,60.65107,-151.09076,US/Alaska (UTC-9 / UTC-8),"west fork beaver creek, upstream of marathon road",Beaver Creek,STREAM,MAIN,TRUE,TRUE,TBD,FALSE
2022-08-03T15:00:00Z,15.629,beaver_creek_usgs_temp_3,60.65107,-151.09076,US/Alaska (UTC-9 / UTC-8),"west fork beaver creek, upstream of marathon road",Beaver Creek,STREAM,MAIN,TRUE,TRUE,TBD,FALSE
2022-08-03T15:15:00Z,15.748,beaver_creek_usgs_temp_3,60.65107,-151.09076,US/Alaska (UTC-9 / UTC-8),"west fork beaver creek, upstream of marathon road",Beaver Creek,STREAM,MAIN,TRUE,TRUE,TBD,FALSE
2022-08-03T15:30:00Z,15.867,beaver_creek_usgs_temp_3,60.65107,-151.09076,US/Alaska (UTC-9 / UTC-8),"west fork beaver creek, upstream of marathon road",Beaver Creek,STREAM,MAIN,TRUE,TRUE,TBD,FALSE
2022-08-03T15:45:00Z,16.01,beaver_creek_usgs_temp_3,60.65107,-151.09076,US/Alaska (UTC-9 / UTC-8),"west fork beaver creek, upstream of marathon road",Beaver Creek,STREAM,MAIN,TRUE,TRUE,TBD,FALSE
2022-08-03T16:00:00Z,16.129,beaver_creek_usgs_temp_3,60.65107,-151.09076,US/Alaska (UTC-9 / UTC-8),"west fork beaver creek, upstream of marathon road",Beaver Creek,STREAM,MAIN,TRUE,TRUE,TBD,FALSE
2022-08-03T16:15:00Z,16.201,beaver_creek_usgs_temp_3,60.65107,-151.09076,US/Alaska (UTC-9 / UTC-8),"west fork beaver creek, upstream of marathon road",Beaver Creek,STREAM,MAIN,TRUE,TRUE,TBD,FALSE
2022-08-03T16:30:00Z,16.296,beaver_creek_usgs_temp_3,60.65107,-151.09076,US/Alaska (UTC-9 / UTC-8),"west fork beaver creek, upstream of marathon road",Beaver Creek,STREAM,MAIN,TRUE,TRUE,TBD,FALSE
2022-08-03T16:45:00Z,16.392,beaver_creek_usgs_temp_3,60.65107,-151.09076,US/Alaska (UTC-9 / UTC-8),"west fork beaver creek, upstream of marathon road",Beaver Creek,STREAM,MAIN,TRUE,TRUE,TBD,FALSE
2022-08-03T17:00:00Z,16.511,beaver_creek_usgs_temp_3,60.65107,-151.09076,US/Alaska (UTC-9 / UTC-8),"west fork beaver creek, upstream of marathon road",Beaver Creek,STREAM,MAIN,TRUE,TRUE,TBD,FALSE
2022-08-03T17:15:00Z,16.582,beaver_creek_usgs_temp_3,60.65107,-151.09076,US/Alaska (UTC-9 / UTC-8),"west fork beaver creek, upstream of marathon road",Beaver Creek,STREAM,MAIN,TRUE,TRUE,TBD,FALSE
2022-08-03T17:30:00Z,16.606,beaver_creek_usgs_temp_3,60.65107,-151.09076,US/Alaska (UTC-9 / UTC-8),"west fork beaver creek, upstream of marathon road",Beaver Creek,STREAM,MAIN,TRUE,TRUE,TBD,FALSE
2022-08-03T17:45:00Z,16.654,beaver_creek_usgs_temp_3,60.65107,-151.09076,US/Alaska (UTC-9 / UTC-8),"west fork beaver creek, upstream of marathon road",Beaver Creek,STREAM,MAIN,TRUE,TRUE,TBD,FALSE
2022-08-03T18:00:00Z,16.677,beaver_creek_usgs_temp_3,60.65107,-151.09076,US/Alaska (UTC-9 / UTC-8),"west fork beaver creek, upstream of marathon road",Beaver Creek,STREAM,MAIN,TRUE,TRUE,TBD,FALSE
2022-08-03T18:15:00Z,16.725,beaver_creek_usgs_temp_3,60.65107,-151.09076,US/Alaska (UTC-9 / UTC-8),"west fork beaver creek, upstream of marathon road",Beaver Creek,STREAM,MAIN,TRUE,TRUE,TBD,FALSE
2022-08-03T18:30:00Z,16.749,beaver_creek_usgs_temp_3,60.65107,-151.09076,US/Alaska (UTC-9 / UTC-8),"west fork beaver creek, upstream of marathon road",Beaver Creek,STREAM,MAIN,TRUE,TRUE,TBD,FALSE
2022-08-03T18:45:00Z,16.725,beaver_creek_usgs_temp_3,60.65107,-151.09076,US/Alaska (UTC-9 / UTC-8),"west fork beaver creek, upstream of marathon road",Beaver Creek,STREAM,MAIN,TRUE,TRUE,TBD,FALSE
2022-08-03T19:00:00Z,16.701,beaver_creek_usgs_temp_3,60.65107,-151.09076,US/Alaska (UTC-9 / UTC-8),"west fork beaver creek, upstream of marathon road",Beaver Creek,STREAM,MAIN,TRUE,TRUE,TBD,FALSE
2022-08-03T19:15:00Z,16.677,beaver_creek_usgs_temp_3,60.65107,-151.09076,US/Alaska (UTC-9 / UTC-8),"west fork beaver creek, upstream of marathon road",Beaver Creek,STREAM,MAIN,TRUE,TRUE,TBD,FALSE
2022-08-03T19:30:00Z,16.63,beaver_creek_usgs_temp_3,60.65107,-151.09076,US/Alaska (UTC-9 / UTC-8),"west fork beaver creek, upstream of marathon road",Beaver Creek,STREAM,MAIN,TRUE,TRUE,TBD,FALSE
2022-08-03T19:45:00Z,16.606,beaver_creek_usgs_temp_3,60.65107,-151.09076,US/Alaska (UTC-9 / UTC-8),"west fork beaver creek, upstream of marathon road",Beaver Creek,STREAM,MAIN,TRUE,TRUE,TBD,FALSE
2022-08-03T20:00:00Z,16.582,beaver_creek_usgs_temp_3,60.65107,-151.09076,US/Alaska (UTC-9 / UTC-8),"west fork beaver creek, upstream of marathon road",Beaver Creek,STREAM,MAIN,TRUE,TRUE,TBD,FALSE
2022-08-03T20:15:00Z,16.534,beaver_creek_usgs_temp_3,60.65107,-151.09076,US/Alaska (UTC-9 / UTC-8),"west fork beaver creek, upstream of marathon road",Beaver Creek,STREAM,MAIN,TRUE,TRUE,TBD,FALSE
2022-08-03T20:30:00Z,16.463,beaver_creek_usgs_temp_3,60.65107,-151.09076,US/Alaska (UTC-9 / UTC-8),"west fork beaver creek, upstream of marathon road",Beaver Creek,STREAM,MAIN,TRUE,TRUE,TBD,FALSE
2022-08-03T20:45:00Z,16.415,beaver_creek_usgs_temp_3,60.65107,-151.09076,US/Alaska (UTC-9 / UTC-8),"west fork beaver creek, upstream of marathon road",Beaver Creek,STREAM,MAIN,TRUE,TRUE,TBD,FALSE
2022-08-03T21:00:00Z,16.344,beaver_creek_usgs_temp_3,60.65107,-151.09076,US/Alaska (UTC-9 / UTC-8),"west fork beaver creek, upstream of marathon road",Beaver Creek,STREAM,MAIN,TRUE,TRUE,TBD,FALSE
2022-08-03T21:15:00Z,16.249,beaver_creek_usgs_temp_3,60.65107,-151.09076,US/Alaska (UTC-9 / UTC-8),"west fork beaver creek, upstream of marathon road",Beaver Creek,STREAM,MAIN,TRUE,TRUE,TBD,FALSE
2022-08-03T21:30:00Z,16.177,beaver_creek_usgs_temp_3,60.65107,-151.09076,US/Alaska (UTC-9 / UTC-8),"west fork beaver creek, upstream of marathon road",Beaver Creek,STREAM,MAIN,TRUE,TRUE,TBD,FALSE
2022-08-03T21:45:00Z,16.106,beaver_creek_usgs_temp_3,60.65107,-151.09076,US/Alaska (UTC-9 / UTC-8),"west fork beaver creek, upstream of marathon road",Beaver Creek,STREAM,MAIN,TRUE,TRUE,TBD,FALSE
2022-08-03T22:00:00Z,16.034,beaver_creek_usgs_temp_3,60.65107,-151.09076,US/Alaska (UTC-9 / UTC-8),"west fork beaver creek, upstream of marathon road",Beaver Creek,STREAM,MAIN,TRUE,TRUE,TBD,FALSE
2022-08-03T22:15:00Z,15.963,beaver_creek_usgs_temp_3,60.65107,-151.09076,US/Alaska (UTC-9 / UTC-8),"west fork beaver creek, upstream of marathon road",Beaver Creek,STREAM,MAIN,TRUE,TRUE,TBD,FALSE
2022-08-03T22:30:00Z,15.867,beaver_creek_usgs_temp_3,60.65107,-151.09076,US/Alaska (UTC-9 / UTC-8),"west fork beaver creek, upstream of marathon road",Beaver Creek,STREAM,MAIN,TRUE,TRUE,TBD,FALSE
2022-08-03T22:45:00Z,15.796,beaver_creek_usgs_temp_3,60.65107,-151.09076,US/Alaska (UTC-9 / UTC-8),"west fork beaver creek, upstream of marathon road",Beaver Creek,STREAM,MAIN,TRUE,TRUE,TBD,FALSE
2022-08-03T23:00:00Z,15.7,beaver_creek_usgs_temp_3,60.65107,-151.09076,US/Alaska (UTC-9 / UTC-8),"west fork beaver creek, upstream of marathon road",Beaver Creek,STREAM,MAIN,TRUE,TRUE,TBD,FALSE
2022-08-03T23:15:00Z,15.605,beaver_creek_usgs_temp_3,60.65107,-151.09076,US/Alaska (UTC-9 / UTC-8),"west fork beaver creek, upstream of marathon road",Beaver Creek,STREAM,MAIN,TRUE,TRUE,TBD,FALSE
2022-08-03T23:30:00Z,15.509,beaver_creek_usgs_temp_3,60.65107,-151.09076,US/Alaska (UTC-9 / UTC-8),"west fork beaver creek, upstream of marathon road",Beaver Creek,STREAM,MAIN,TRUE,TRUE,TBD,FALSE
2022-08-03T23:45:00Z,15.414,beaver_creek_usgs_temp_3,60.65107,-151.09076,US/Alaska (UTC-9 / UTC-8),"west fork beaver creek, upstream of marathon road",Beaver Creek,STREAM,MAIN,TRUE,TRUE,TBD,FALSE
2022-08-04T00:00:00Z,15.318,beaver_creek_usgs_temp_3,60.65107,-151.09076,US/Alaska (UTC-9 / UTC-8),"west fork beaver creek, upstream of marathon road",Beaver Creek,STREAM,MAIN,TRUE,TRUE,TBD,FALSE
2022-08-04T00:15:00Z,15.223,beaver_creek_usgs_temp_3,60.65107,-151.09076,US/Alaska (UTC-9 / UTC-8),"west fork beaver creek, upstream of marathon road",Beaver Creek,STREAM,MAIN,TRUE,TRUE,TBD,FALSE
2022-08-04T00:30:00Z,15.127,beaver_creek_usgs_temp_3,60.65107,-151.09076,US/Alaska (UTC-9 / UTC-8),"west fork beaver creek, upstream of marathon road",Beaver Creek,STREAM,MAIN,TRUE,TRUE,TBD,FALSE
2022-08-04T00:45:00Z,15.031,beaver_creek_usgs_temp_3,60.65107,-151.09076,US/Alaska (UTC-9 / UTC-8),"west fork beaver creek, upstream of marathon road",Beaver Creek,STREAM,MAIN,TRUE,TRUE,TBD,FALSE
2022-08-04T01:00:00Z,14.936,beaver_creek_usgs_temp_3,60.65107,-151.09076,US/Alaska (UTC-9 / UTC-8),"west fork beaver creek, upstream of marathon road",Beaver Creek,STREAM,MAIN,TRUE,TRUE,TBD,FALSE
2022-08-04T01:15:00Z,14.864,beaver_creek_usgs_temp_3,60.65107,-151.09076,US/Alaska (UTC-9 / UTC-8),"west fork beaver creek, upstream of marathon road",Beaver Creek,STREAM,MAIN,TRUE,TRUE,TBD,FALSE
2022-08-04T01:30:00Z,14.768,beaver_creek_usgs_temp_3,60.65107,-151.09076,US/Alaska (UTC-9 / UTC-8),"west fork beaver creek, upstream of marathon road",Beaver Creek,STREAM,MAIN,TRUE,TRUE,TBD,FALSE
2022-08-04T01:45:00Z,14.673,beaver_creek_usgs_temp_3,60.65107,-151.09076,US/Alaska (UTC-9 / UTC-8),"west fork beaver creek, upstream of marathon road",Beaver Creek,STREAM,MAIN,TRUE,TRUE,TBD,FALSE
2022-08-04T02:00:00Z,14.601,beaver_creek_usgs_temp_3,60.65107,-151.09076,US/Alaska (UTC-9 / UTC-8),"west fork beaver creek, upstream of marathon road",Beaver Creek,STREAM,MAIN,TRUE,TRUE,TBD,FALSE
2022-08-04T02:15:00Z,14.505,beaver_creek_usgs_temp_3,60.65107,-151.09076,US/Alaska (UTC-9 / UTC-8),"west fork beaver creek, upstream of marathon road",Beaver Creek,STREAM,MAIN,TRUE,TRUE,TBD,FALSE
2022-08-04T02:30:00Z,14.433,beaver_creek_usgs_temp_3,60.65107,-151.09076,US/Alaska (UTC-9 / UTC-8),"west fork beaver creek, upstream of marathon road",Beaver Creek,STREAM,MAIN,TRUE,TRUE,TBD,FALSE
2022-08-04T02:45:00Z,14.337,beaver_creek_usgs_temp_3,60.65107,-151.09076,US/Alaska (UTC-9 / UTC-8),"west fork beaver creek, upstream of marathon road",Beaver Creek,STREAM,MAIN,TRUE,TRUE,TBD,FALSE
2022-08-04T03:00:00Z,14.266,beaver_creek_usgs_temp_3,60.65107,-151.09076,US/Alaska (UTC-9 / UTC-8),"west fork beaver creek, upstream of marathon road",Beaver Creek,STREAM,MAIN,TRUE,TRUE,TBD,FALSE
2022-08-04T03:15:00Z,14.194,beaver_creek_usgs_temp_3,60.65107,-151.09076,US/Alaska (UTC-9 / UTC-8),"west fork beaver creek, upstream of marathon road",Beaver Creek,STREAM,MAIN,TRUE,TRUE,TBD,FALSE
2022-08-04T03:30:00Z,14.098,beaver_creek_usgs_temp_3,60.65107,-151.09076,US/Alaska (UTC-9 / UTC-8),"west fork beaver creek, upstream of marathon road",Beaver Creek,STREAM,MAIN,TRUE,TRUE,TBD,FALSE
2022-08-04T03:45:00Z,14.026,beaver_creek_usgs_temp_3,60.65107,-151.09076,US/Alaska (UTC-9 / UTC-8),"west fork beaver creek, upstream of marathon road",Beaver Creek,STREAM,MAIN,TRUE,TRUE,TBD,FALSE
2022-08-04T04:00:00Z,13.954,beaver_creek_usgs_temp_3,60.65107,-151.09076,US/Alaska (UTC-9 / UTC-8),"west fork beaver creek, upstream of marathon road",Beaver Creek,STREAM,MAIN,TRUE,TRUE,TBD,FALSE
2022-08-04T04:15:00Z,13.882,beaver_creek_usgs_temp_3,60.65107,-151.09076,US/Alaska (UTC-9 / UTC-8),"west fork beaver creek, upstream of marathon road",Beaver Creek,STREAM,MAIN,TRUE,TRUE,TBD,FALSE
2022-08-04T04:30:00Z,13.81,beaver_creek_usgs_temp_3,60.65107,-151.09076,US/Alaska (UTC-9 / UTC-8),"west fork beaver creek, upstream of marathon road",Beaver Creek,STREAM,MAIN,TRUE,TRUE,TBD,FALSE
2022-08-04T04:45:00Z,13.738,beaver_creek_usgs_temp_3,60.65107,-151.09076,US/Alaska (UTC-9 / UTC-8),"west fork beaver creek, upstream of marathon road",Beaver Creek,STREAM,MAIN,TRUE,TRUE,TBD,FALSE
2022-08-04T05:00:00Z,13.666,beaver_creek_usgs_temp_3,60.65107,-151.09076,US/Alaska (UTC-9 / UTC-8),"west fork beaver creek, upstream of marathon road",Beaver Creek,STREAM,MAIN,TRUE,TRUE,TBD,FALSE
2022-08-04T05:15:00Z,13.594,beaver_creek_usgs_temp_3,60.65107,-151.09076,US/Alaska (UTC-9 / UTC-8),"west fork beaver creek, upstream of marathon road",Beaver Creek,STREAM,MAIN,TRUE,TRUE,TBD,FALSE
2022-08-04T05:30:00Z,13.546,beaver_creek_usgs_temp_3,60.65107,-151.09076,US/Alaska (UTC-9 / UTC-8),"west fork beaver creek, upstream of marathon road",Beaver Creek,STREAM,MAIN,TRUE,TRUE,TBD,FALSE
2022-08-04T05:45:00Z,13.473,beaver_creek_usgs_temp_3,60.65107,-151.09076,US/Alaska (UTC-9 / UTC-8),"west fork beaver creek, upstream of marathon road",Beaver Creek,STREAM,MAIN,TRUE,TRUE,TBD,FALSE
2022-08-04T06:00:00Z,13.449,beaver_creek_usgs_temp_3,60.65107,-151.09076,US/Alaska (UTC-9 / UTC-8),"west fork beaver creek, upstream of marathon road",Beaver Creek,STREAM,MAIN,TRUE,TRUE,TBD,FALSE
2022-08-04T06:15:00Z,13.425,beaver_creek_usgs_temp_3,60.65107,-151.09076,US/Alaska (UTC-9 / UTC-8),"west fork beaver creek, upstream of marathon road",Beaver Creek,STREAM,MAIN,TRUE,TRUE,TBD,FALSE
2022-08-04T06:30:00Z,13.377,beaver_creek_usgs_temp_3,60.65107,-151.09076,US/Alaska (UTC-9 / UTC-8),"west fork beaver creek, upstream of marathon road",Beaver Creek,STREAM,MAIN,TRUE,TRUE,TBD,FALSE
2022-08-04T06:45:00Z,13.353,beaver_creek_usgs_temp_3,60.65107,-151.09076,US/Alaska (UTC-9 / UTC-8),"west fork beaver creek, upstream of marathon road",Beaver Creek,STREAM,MAIN,TRUE,TRUE,TBD,FALSE
2022-08-04T07:00:00Z,13.305,beaver_creek_usgs_temp_3,60.65107,-151.09076,US/Alaska (UTC-9 / UTC-8),"west fork beaver creek, upstream of marathon road",Beaver Creek,STREAM,MAIN,TRUE,TRUE,TBD,FALSE
2022-08-04T07:15:00Z,13.305,beaver_creek_usgs_temp_3,60.65107,-151.09076,US/Alaska (UTC-9 / UTC-8),"west fork beaver creek, upstream of marathon road",Beaver Creek,STREAM,MAIN,TRUE,TRUE,TBD,FALSE
2022-08-04T07:30:00Z,13.329,beaver_creek_usgs_temp_3,60.65107,-151.09076,US/Alaska (UTC-9 / UTC-8),"west fork beaver creek, upstream of marathon road",Beaver Creek,STREAM,MAIN,TRUE,TRUE,TBD,FALSE
2022-08-04T07:45:00Z,13.329,beaver_creek_usgs_temp_3,60.65107,-151.09076,US/Alaska (UTC-9 / UTC-8),"west fork beaver creek, upstream of marathon road",Beaver Creek,STREAM,MAIN,TRUE,TRUE,TBD,FALSE
2022-08-04T08:00:00Z,13.377,beaver_creek_usgs_temp_3,60.65107,-151.09076,US/Alaska (UTC-9 / UTC-8),"west fork beaver creek, upstream of marathon road",Beaver Creek,STREAM,MAIN,TRUE,TRUE,TBD,FALSE
2022-08-04T08:15:00Z,13.401,beaver_creek_usgs_temp_3,60.65107,-151.09076,US/Alaska (UTC-9 / UTC-8),"west fork beaver creek, upstream of marathon road",Beaver Creek,STREAM,MAIN,TRUE,TRUE,TBD,FALSE
2022-08-04T08:30:00Z,13.425,beaver_creek_usgs_temp_3,60.65107,-151.09076,US/Alaska (UTC-9 / UTC-8),"west fork beaver creek, upstream of marathon road",Beaver Creek,STREAM,MAIN,TRUE,TRUE,TBD,FALSE
2022-08-04T08:45:00Z,13.473,beaver_creek_usgs_temp_3,60.65107,-151.09076,US/Alaska (UTC-9 / UTC-8),"west fork beaver creek, upstream of marathon road",Beaver Creek,STREAM,MAIN,TRUE,TRUE,TBD,FALSE
2022-08-04T09:00:00Z,13.522,beaver_creek_usgs_temp_3,60.65107,-151.09076,US/Alaska (UTC-9 / UTC-8),"west fork beaver creek, upstream of marathon road",Beaver Creek,STREAM,MAIN,TRUE,TRUE,TBD,FALSE
2022-08-04T09:15:00Z,13.594,beaver_creek_usgs_temp_3,60.65107,-151.09076,US/Alaska (UTC-9 / UTC-8),"west fork beaver creek, upstream of marathon road",Beaver Creek,STREAM,MAIN,TRUE,TRUE,TBD,FALSE
2022-08-04T09:30:00Z,13.666,beaver_creek_usgs_temp_3,60.65107,-151.09076,US/Alaska (UTC-9 / UTC-8),"west fork beaver creek, upstream of marathon road",Beaver Creek,STREAM,MAIN,TRUE,TRUE,TBD,FALSE
2022-08-04T09:45:00Z,13.738,beaver_creek_usgs_temp_3,60.65107,-151.09076,US/Alaska (UTC-9 / UTC-8),"west fork beaver creek, upstream of marathon road",Beaver Creek,STREAM,MAIN,TRUE,TRUE,TBD,FALSE
2022-08-04T10:00:00Z,13.81,beaver_creek_usgs_temp_3,60.65107,-151.09076,US/Alaska (UTC-9 / UTC-8),"west fork beaver creek, upstream of marathon road",Beaver Creek,STREAM,MAIN,TRUE,TRUE,TBD,FALSE
2022-08-04T10:15:00Z,13.858,beaver_creek_usgs_temp_3,60.65107,-151.09076,US/Alaska (UTC-9 / UTC-8),"west fork beaver creek, upstream of marathon road",Beaver Creek,STREAM,MAIN,TRUE,TRUE,TBD,FALSE
2022-08-04T10:30:00Z,13.93,beaver_creek_usgs_temp_3,60.65107,-151.09076,US/Alaska (UTC-9 / UTC-8),"west fork beaver creek, upstream of marathon road",Beaver Creek,STREAM,MAIN,TRUE,TRUE,TBD,FALSE
2022-08-04T10:45:00Z,13.978,beaver_creek_usgs_temp_3,60.65107,-151.09076,US/Alaska (UTC-9 / UTC-8),"west fork beaver creek, upstream of marathon road",Beaver Creek,STREAM,MAIN,TRUE,TRUE,TBD,FALSE
2022-08-04T11:00:00Z,14.026,beaver_creek_usgs_temp_3,60.65107,-151.09076,US/Alaska (UTC-9 / UTC-8),"west fork beaver creek, upstream of marathon road",Beaver Creek,STREAM,MAIN,TRUE,TRUE,TBD,FALSE
2022-08-04T11:15:00Z,14.074,beaver_creek_usgs_temp_3,60.65107,-151.09076,US/Alaska (UTC-9 / UTC-8),"west fork beaver creek, upstream of marathon road",Beaver Creek,STREAM,MAIN,TRUE,TRUE,TBD,FALSE
2022-08-04T11:30:00Z,14.146,beaver_creek_usgs_temp_3,60.65107,-151.09076,US/Alaska (UTC-9 / UTC-8),"west fork beaver creek, upstream of marathon road",Beaver Creek,STREAM,MAIN,TRUE,TRUE,TBD,FALSE
2022-08-04T11:45:00Z,14.194,beaver_creek_usgs_temp_3,60.65107,-151.09076,US/Alaska (UTC-9 / UTC-8),"west fork beaver creek, upstream of marathon road",Beaver Creek,STREAM,MAIN,TRUE,TRUE,TBD,FALSE
2022-08-04T12:00:00Z,14.266,beaver_creek_usgs_temp_3,60.65107,-151.09076,US/Alaska (UTC-9 / UTC-8),"west fork beaver creek, upstream of marathon road",Beaver Creek,STREAM,MAIN,TRUE,TRUE,TBD,FALSE
2022-08-04T12:15:00Z,14.337,beaver_creek_usgs_temp_3,60.65107,-151.09076,US/Alaska (UTC-9 / UTC-8),"west fork beaver creek, upstream of marathon road",Beaver Creek,STREAM,MAIN,TRUE,TRUE,TBD,FALSE
2022-08-04T12:30:00Z,14.433,beaver_creek_usgs_temp_3,60.65107,-151.09076,US/Alaska (UTC-9 / UTC-8),"west fork beaver creek, upstream of marathon road",Beaver Creek,STREAM,MAIN,TRUE,TRUE,TBD,FALSE
2022-08-04T12:45:00Z,14.505,beaver_creek_usgs_temp_3,60.65107,-151.09076,US/Alaska (UTC-9 / UTC-8),"west fork beaver creek, upstream of marathon road",Beaver Creek,STREAM,MAIN,TRUE,TRUE,TBD,FALSE
2022-08-04T13:00:00Z,14.577,beaver_creek_usgs_temp_3,60.65107,-151.09076,US/Alaska (UTC-9 / UTC-8),"west fork beaver creek, upstream of marathon road",Beaver Creek,STREAM,MAIN,TRUE,TRUE,TBD,FALSE
2022-08-04T13:15:00Z,14.649,beaver_creek_usgs_temp_3,60.65107,-151.09076,US/Alaska (UTC-9 / UTC-8),"west fork beaver creek, upstream of marathon road",Beaver Creek,STREAM,MAIN,TRUE,TRUE,TBD,FALSE
2022-08-04T13:30:00Z,14.697,beaver_creek_usgs_temp_3,60.65107,-151.09076,US/Alaska (UTC-9 / UTC-8),"west fork beaver creek, upstream of marathon road",Beaver Creek,STREAM,MAIN,TRUE,TRUE,TBD,FALSE
2022-08-04T13:45:00Z,14.768,beaver_creek_usgs_temp_3,60.65107,-151.09076,US/Alaska (UTC-9 / UTC-8),"west fork beaver creek, upstream of marathon road",Beaver Creek,STREAM,MAIN,TRUE,TRUE,TBD,FALSE
2022-08-04T14:00:00Z,14.816,beaver_creek_usgs_temp_3,60.65107,-151.09076,US/Alaska (UTC-9 / UTC-8),"west fork beaver creek, upstream of marathon road",Beaver Creek,STREAM,MAIN,TRUE,TRUE,TBD,FALSE
2022-08-04T14:15:00Z,14.864,beaver_creek_usgs_temp_3,60.65107,-151.09076,US/Alaska (UTC-9 / UTC-8),"west fork beaver creek, upstream of marathon road",Beaver Creek,STREAM,MAIN,TRUE,TRUE,TBD,FALSE
2022-08-04T14:30:00Z,14.912,beaver_creek_usgs_temp_3,60.65107,-151.09076,US/Alaska (UTC-9 / UTC-8),"west fork beaver creek, upstream of marathon road",Beaver Creek,STREAM,MAIN,TRUE,TRUE,TBD,FALSE
2022-08-04T14:45:00Z,14.96,beaver_creek_usgs_temp_3,60.65107,-151.09076,US/Alaska (UTC-9 / UTC-8),"west fork beaver creek, upstream of marathon road",Beaver Creek,STREAM,MAIN,TRUE,TRUE,TBD,FALSE
2022-08-04T15:00:00Z,15.008,beaver_creek_usgs_temp_3,60.65107,-151.09076,US/Alaska (UTC-9 / UTC-8),"west fork beaver creek, upstream of marathon road",Beaver Creek,STREAM,MAIN,TRUE,TRUE,TBD,FALSE
2022-08-04T15:15:00Z,15.031,beaver_creek_usgs_temp_3,60.65107,-151.09076,US/Alaska (UTC-9 / UTC-8),"west fork beaver creek, upstream of marathon road",Beaver Creek,STREAM,MAIN,TRUE,TRUE,TBD,FALSE
2022-08-04T15:30:00Z,15.055,beaver_creek_usgs_temp_3,60.65107,-151.09076,US/Alaska (UTC-9 / UTC-8),"west fork beaver creek, upstream of marathon road",Beaver Creek,STREAM,MAIN,TRUE,TRUE,TBD,FALSE
2022-08-04T15:45:00Z,15.127,beaver_creek_usgs_temp_3,60.65107,-151.09076,US/Alaska (UTC-9 / UTC-8),"west fork beaver creek, upstream of marathon road",Beaver Creek,STREAM,MAIN,TRUE,TRUE,TBD,FALSE
2022-08-04T16:00:00Z,15.199,beaver_creek_usgs_temp_3,60.65107,-151.09076,US/Alaska (UTC-9 / UTC-8),"west fork beaver creek, upstream of marathon road",Beaver Creek,STREAM,MAIN,TRUE,TRUE,TBD,FALSE
2022-08-04T16:15:00Z,15.27,beaver_creek_usgs_temp_3,60.65107,-151.09076,US/Alaska (UTC-9 / UTC-8),"west fork beaver creek, upstream of marathon road",Beaver Creek,STREAM,MAIN,TRUE,TRUE,TBD,FALSE
2022-08-04T16:30:00Z,15.318,beaver_creek_usgs_temp_3,60.65107,-151.09076,US/Alaska (UTC-9 / UTC-8),"west fork beaver creek, upstream of marathon road",Beaver Creek,STREAM,MAIN,TRUE,TRUE,TBD,FALSE
2022-08-04T16:45:00Z,15.366,beaver_creek_usgs_temp_3,60.65107,-151.09076,US/Alaska (UTC-9 / UTC-8),"west fork beaver creek, upstream of marathon road",Beaver Creek,STREAM,MAIN,TRUE,TRUE,TBD,FALSE
2022-08-04T17:00:00Z,15.366,beaver_creek_usgs_temp_3,60.65107,-151.09076,US/Alaska (UTC-9 / UTC-8),"west fork beaver creek, upstream of marathon road",Beaver Creek,STREAM,MAIN,TRUE,TRUE,TBD,FALSE
2022-08-04T17:15:00Z,15.342,beaver_creek_usgs_temp_3,60.65107,-151.09076,US/Alaska (UTC-9 / UTC-8),"west fork beaver creek, upstream of marathon road",Beaver Creek,STREAM,MAIN,TRUE,TRUE,TBD,FALSE
2022-08-04T17:30:00Z,15.342,beaver_creek_usgs_temp_3,60.65107,-151.09076,US/Alaska (UTC-9 / UTC-8),"west fork beaver creek, upstream of marathon road",Beaver Creek,STREAM,MAIN,TRUE,TRUE,TBD,FALSE
2022-08-04T17:45:00Z,15.318,beaver_creek_usgs_temp_3,60.65107,-151.09076,US/Alaska (UTC-9 / UTC-8),"west fork beaver creek, upstream of marathon road",Beaver Creek,STREAM,MAIN,TRUE,TRUE,TBD,FALSE
2022-08-04T18:00:00Z,15.27,beaver_creek_usgs_temp_3,60.65107,-151.09076,US/Alaska (UTC-9 / UTC-8),"west fork beaver creek, upstream of marathon road",Beaver Creek,STREAM,MAIN,TRUE,TRUE,TBD,FALSE
2022-08-04T18:15:00Z,15.247,beaver_creek_usgs_temp_3,60.65107,-151.09076,US/Alaska (UTC-9 / UTC-8),"west fork beaver creek, upstream of marathon road",Beaver Creek,STREAM,MAIN,TRUE,TRUE,TBD,FALSE
2022-08-04T18:30:00Z,15.223,beaver_creek_usgs_temp_3,60.65107,-151.09076,US/Alaska (UTC-9 / UTC-8),"west fork beaver creek, upstream of marathon road",Beaver Creek,STREAM,MAIN,TRUE,TRUE,TBD,FALSE
2022-08-04T18:45:00Z,15.199,beaver_creek_usgs_temp_3,60.65107,-151.09076,US/Alaska (UTC-9 / UTC-8),"west fork beaver creek, upstream of marathon road",Beaver Creek,STREAM,MAIN,TRUE,TRUE,TBD,FALSE
2022-08-04T19:00:00Z,15.175,beaver_creek_usgs_temp_3,60.65107,-151.09076,US/Alaska (UTC-9 / UTC-8),"west fork beaver creek, upstream of marathon road",Beaver Creek,STREAM,MAIN,TRUE,TRUE,TBD,FALSE
2022-08-04T19:15:00Z,15.151,beaver_creek_usgs_temp_3,60.65107,-151.09076,US/Alaska (UTC-9 / UTC-8),"west fork beaver creek, upstream of marathon road",Beaver Creek,STREAM,MAIN,TRUE,TRUE,TBD,FALSE
2022-08-04T19:30:00Z,15.127,beaver_creek_usgs_temp_3,60.65107,-151.09076,US/Alaska (UTC-9 / UTC-8),"west fork beaver creek, upstream of marathon road",Beaver Creek,STREAM,MAIN,TRUE,TRUE,TBD,FALSE
2022-08-04T19:45:00Z,15.103,beaver_creek_usgs_temp_3,60.65107,-151.09076,US/Alaska (UTC-9 / UTC-8),"west fork beaver creek, upstream of marathon road",Beaver Creek,STREAM,MAIN,TRUE,TRUE,TBD,FALSE
2022-08-04T20:00:00Z,15.055,beaver_creek_usgs_temp_3,60.65107,-151.09076,US/Alaska (UTC-9 / UTC-8),"west fork beaver creek, upstream of marathon road",Beaver Creek,STREAM,MAIN,TRUE,TRUE,TBD,FALSE
2022-08-04T20:15:00Z,15.031,beaver_creek_usgs_temp_3,60.65107,-151.09076,US/Alaska (UTC-9 / UTC-8),"west fork beaver creek, upstream of marathon road",Beaver Creek,STREAM,MAIN,TRUE,TRUE,TBD,FALSE
2022-08-04T20:30:00Z,14.984,beaver_creek_usgs_temp_3,60.65107,-151.09076,US/Alaska (UTC-9 / UTC-8),"west fork beaver creek, upstream of marathon road",Beaver Creek,STREAM,MAIN,TRUE,TRUE,TBD,FALSE
2022-08-04T20:45:00Z,14.96,beaver_creek_usgs_temp_3,60.65107,-151.09076,US/Alaska (UTC-9 / UTC-8),"west fork beaver creek, upstream of marathon road",Beaver Creek,STREAM,MAIN,TRUE,TRUE,TBD,FALSE
2022-08-04T21:00:00Z,14.912,beaver_creek_usgs_temp_3,60.65107,-151.09076,US/Alaska (UTC-9 / UTC-8),"west fork beaver creek, upstream of marathon road",Beaver Creek,STREAM,MAIN,TRUE,TRUE,TBD,FALSE
2022-08-04T21:15:00Z,14.888,beaver_creek_usgs_temp_3,60.65107,-151.09076,US/Alaska (UTC-9 / UTC-8),"west fork beaver creek, upstream of marathon road",Beaver Creek,STREAM,MAIN,TRUE,TRUE,TBD,FALSE
2022-08-04T21:30:00Z,14.84,beaver_creek_usgs_temp_3,60.65107,-151.09076,US/Alaska (UTC-9 / UTC-8),"west fork beaver creek, upstream of marathon road",Beaver Creek,STREAM,MAIN,TRUE,TRUE,TBD,FALSE
2022-08-04T21:45:00Z,14.816,beaver_creek_usgs_temp_3,60.65107,-151.09076,US/Alaska (UTC-9 / UTC-8),"west fork beaver creek, upstream of marathon road",Beaver Creek,STREAM,MAIN,TRUE,TRUE,TBD,FALSE
2022-08-04T22:00:00Z,14.792,beaver_creek_usgs_temp_3,60.65107,-151.09076,US/Alaska (UTC-9 / UTC-8),"west fork beaver creek, upstream of marathon road",Beaver Creek,STREAM,MAIN,TRUE,TRUE,TBD,FALSE
2022-08-04T22:15:00Z,14.768,beaver_creek_usgs_temp_3,60.65107,-151.09076,US/Alaska (UTC-9 / UTC-8),"west fork beaver creek, upstream of marathon road",Beaver Creek,STREAM,MAIN,TRUE,TRUE,TBD,FALSE
2022-08-04T22:30:00Z,14.745,beaver_creek_usgs_temp_3,60.65107,-151.09076,US/Alaska (UTC-9 / UTC-8),"west fork beaver creek, upstream of marathon road",Beaver Creek,STREAM,MAIN,TRUE,TRUE,TBD,FALSE
2022-08-04T22:45:00Z,14.697,beaver_creek_usgs_temp_3,60.65107,-151.09076,US/Alaska (UTC-9 / UTC-8),"west fork beaver creek, upstream of marathon road",Beaver Creek,STREAM,MAIN,TRUE,TRUE,TBD,FALSE
2022-08-04T23:00:00Z,14.673,beaver_creek_usgs_temp_3,60.65107,-151.09076,US/Alaska (UTC-9 / UTC-8),"west fork beaver creek, upstream of marathon road",Beaver Creek,STREAM,MAIN,TRUE,TRUE,TBD,FALSE
2022-08-04T23:15:00Z,14.625,beaver_creek_usgs_temp_3,60.65107,-151.09076,US/Alaska (UTC-9 / UTC-8),"west fork beaver creek, upstream of marathon road",Beaver Creek,STREAM,MAIN,TRUE,TRUE,TBD,FALSE
2022-08-04T23:30:00Z,14.577,beaver_creek_usgs_temp_3,60.65107,-151.09076,US/Alaska (UTC-9 / UTC-8),"west fork beaver creek, upstream of marathon road",Beaver Creek,STREAM,MAIN,TRUE,TRUE,TBD,FALSE
2022-08-04T23:45:00Z,14.529,beaver_creek_usgs_temp_3,60.65107,-151.09076,US/Alaska (UTC-9 / UTC-8),"west fork beaver creek, upstream of marathon road",Beaver Creek,STREAM,MAIN,TRUE,TRUE,TBD,FALSE
2022-08-05T00:00:00Z,14.481,beaver_creek_usgs_temp_3,60.65107,-151.09076,US/Alaska (UTC-9 / UTC-8),"west fork beaver creek, upstream of marathon road",Beaver Creek,STREAM,MAIN,TRUE,TRUE,TBD,FALSE
2022-08-05T00:15:00Z,14.457,beaver_creek_usgs_temp_3,60.65107,-151.09076,US/Alaska (UTC-9 / UTC-8),"west fork beaver creek, upstream of marathon road",Beaver Creek,STREAM,MAIN,TRUE,TRUE,TBD,FALSE
2022-08-05T00:30:00Z,14.409,beaver_creek_usgs_temp_3,60.65107,-151.09076,US/Alaska (UTC-9 / UTC-8),"west fork beaver creek, upstream of marathon road",Beaver Creek,STREAM,MAIN,TRUE,TRUE,TBD,FALSE
2022-08-05T00:45:00Z,14.385,beaver_creek_usgs_temp_3,60.65107,-151.09076,US/Alaska (UTC-9 / UTC-8),"west fork beaver creek, upstream of marathon road",Beaver Creek,STREAM,MAIN,TRUE,TRUE,TBD,FALSE
2022-08-05T01:00:00Z,14.337,beaver_creek_usgs_temp_3,60.65107,-151.09076,US/Alaska (UTC-9 / UTC-8),"west fork beaver creek, upstream of marathon road",Beaver Creek,STREAM,MAIN,TRUE,TRUE,TBD,FALSE
2022-08-05T01:15:00Z,14.314,beaver_creek_usgs_temp_3,60.65107,-151.09076,US/Alaska (UTC-9 / UTC-8),"west fork beaver creek, upstream of marathon road",Beaver Creek,STREAM,MAIN,TRUE,TRUE,TBD,FALSE
2022-08-05T01:30:00Z,14.29,beaver_creek_usgs_temp_3,60.65107,-151.09076,US/Alaska (UTC-9 / UTC-8),"west fork beaver creek, upstream of marathon road",Beaver Creek,STREAM,MAIN,TRUE,TRUE,TBD,FALSE
2022-08-05T01:45:00Z,14.242,beaver_creek_usgs_temp_3,60.65107,-151.09076,US/Alaska (UTC-9 / UTC-8),"west fork beaver creek, upstream of marathon road",Beaver Creek,STREAM,MAIN,TRUE,TRUE,TBD,FALSE
2022-08-05T02:00:00Z,14.218,beaver_creek_usgs_temp_3,60.65107,-151.09076,US/Alaska (UTC-9 / UTC-8),"west fork beaver creek, upstream of marathon road",Beaver Creek,STREAM,MAIN,TRUE,TRUE,TBD,FALSE
2022-08-05T02:15:00Z,14.194,beaver_creek_usgs_temp_3,60.65107,-151.09076,US/Alaska (UTC-9 / UTC-8),"west fork beaver creek, upstream of marathon road",Beaver Creek,STREAM,MAIN,TRUE,TRUE,TBD,FALSE
2022-08-05T02:30:00Z,14.17,beaver_creek_usgs_temp_3,60.65107,-151.09076,US/Alaska (UTC-9 / UTC-8),"west fork beaver creek, upstream of marathon road",Beaver Creek,STREAM,MAIN,TRUE,TRUE,TBD,FALSE
2022-08-05T02:45:00Z,14.146,beaver_creek_usgs_temp_3,60.65107,-151.09076,US/Alaska (UTC-9 / UTC-8),"west fork beaver creek, upstream of marathon road",Beaver Creek,STREAM,MAIN,TRUE,TRUE,TBD,FALSE
2022-08-05T03:00:00Z,14.122,beaver_creek_usgs_temp_3,60.65107,-151.09076,US/Alaska (UTC-9 / UTC-8),"west fork beaver creek, upstream of marathon road",Beaver Creek,STREAM,MAIN,TRUE,TRUE,TBD,FALSE
2022-08-05T03:15:00Z,14.098,beaver_creek_usgs_temp_3,60.65107,-151.09076,US/Alaska (UTC-9 / UTC-8),"west fork beaver creek, upstream of marathon road",Beaver Creek,STREAM,MAIN,TRUE,TRUE,TBD,FALSE
2022-08-05T03:30:00Z,14.074,beaver_creek_usgs_temp_3,60.65107,-151.09076,US/Alaska (UTC-9 / UTC-8),"west fork beaver creek, upstream of marathon road",Beaver Creek,STREAM,MAIN,TRUE,TRUE,TBD,FALSE
2022-08-05T03:45:00Z,14.05,beaver_creek_usgs_temp_3,60.65107,-151.09076,US/Alaska (UTC-9 / UTC-8),"west fork beaver creek, upstream of marathon road",Beaver Creek,STREAM,MAIN,TRUE,TRUE,TBD,FALSE
2022-08-05T04:00:00Z,14.026,beaver_creek_usgs_temp_3,60.65107,-151.09076,US/Alaska (UTC-9 / UTC-8),"west fork beaver creek, upstream of marathon road",Beaver Creek,STREAM,MAIN,TRUE,TRUE,TBD,FALSE
2022-08-05T04:15:00Z,14.002,beaver_creek_usgs_temp_3,60.65107,-151.09076,US/Alaska (UTC-9 / UTC-8),"west fork beaver creek, upstream of marathon road",Beaver Creek,STREAM,MAIN,TRUE,TRUE,TBD,FALSE
2022-08-05T04:30:00Z,14.002,beaver_creek_usgs_temp_3,60.65107,-151.09076,US/Alaska (UTC-9 / UTC-8),"west fork beaver creek, upstream of marathon road",Beaver Creek,STREAM,MAIN,TRUE,TRUE,TBD,FALSE
2022-08-05T04:45:00Z,13.978,beaver_creek_usgs_temp_3,60.65107,-151.09076,US/Alaska (UTC-9 / UTC-8),"west fork beaver creek, upstream of marathon road",Beaver Creek,STREAM,MAIN,TRUE,TRUE,TBD,FALSE
2022-08-05T05:00:00Z,13.954,beaver_creek_usgs_temp_3,60.65107,-151.09076,US/Alaska (UTC-9 / UTC-8),"west fork beaver creek, upstream of marathon road",Beaver Creek,STREAM,MAIN,TRUE,TRUE,TBD,FALSE
2022-08-05T05:15:00Z,13.93,beaver_creek_usgs_temp_3,60.65107,-151.09076,US/Alaska (UTC-9 / UTC-8),"west fork beaver creek, upstream of marathon road",Beaver Creek,STREAM,MAIN,TRUE,TRUE,TBD,FALSE
2022-08-05T05:30:00Z,13.906,beaver_creek_usgs_temp_3,60.65107,-151.09076,US/Alaska (UTC-9 / UTC-8),"west fork beaver creek, upstream of marathon road",Beaver Creek,STREAM,MAIN,TRUE,TRUE,TBD,FALSE
2022-08-05T05:45:00Z,13.906,beaver_creek_usgs_temp_3,60.65107,-151.09076,US/Alaska (UTC-9 / UTC-8),"west fork beaver creek, upstream of marathon road",Beaver Creek,STREAM,MAIN,TRUE,TRUE,TBD,FALSE
2022-08-05T06:00:00Z,13.882,beaver_creek_usgs_temp_3,60.65107,-151.09076,US/Alaska (UTC-9 / UTC-8),"west fork beaver creek, upstream of marathon road",Beaver Creek,STREAM,MAIN,TRUE,TRUE,TBD,FALSE
2022-08-05T06:15:00Z,13.858,beaver_creek_usgs_temp_3,60.65107,-151.09076,US/Alaska (UTC-9 / UTC-8),"west fork beaver creek, upstream of marathon road",Beaver Creek,STREAM,MAIN,TRUE,TRUE,TBD,FALSE
2022-08-05T06:30:00Z,13.858,beaver_creek_usgs_temp_3,60.65107,-151.09076,US/Alaska (UTC-9 / UTC-8),"west fork beaver creek, upstream of marathon road",Beaver Creek,STREAM,MAIN,TRUE,TRUE,TBD,FALSE
2022-08-05T06:45:00Z,13.834,beaver_creek_usgs_temp_3,60.65107,-151.09076,US/Alaska (UTC-9 / UTC-8),"west fork beaver creek, upstream of marathon road",Beaver Creek,STREAM,MAIN,TRUE,TRUE,TBD,FALSE
2022-08-05T07:00:00Z,13.81,beaver_creek_usgs_temp_3,60.65107,-151.09076,US/Alaska (UTC-9 / UTC-8),"west fork beaver creek, upstream of marathon road",Beaver Creek,STREAM,MAIN,TRUE,TRUE,TBD,FALSE
2022-08-05T07:15:00Z,13.81,beaver_creek_usgs_temp_3,60.65107,-151.09076,US/Alaska (UTC-9 / UTC-8),"west fork beaver creek, upstream of marathon road",Beaver Creek,STREAM,MAIN,TRUE,TRUE,TBD,FALSE
2022-08-05T07:30:00Z,13.786,beaver_creek_usgs_temp_3,60.65107,-151.09076,US/Alaska (UTC-9 / UTC-8),"west fork beaver creek, upstream of marathon road",Beaver Creek,STREAM,MAIN,TRUE,TRUE,TBD,FALSE
2022-08-05T07:45:00Z,13.762,beaver_creek_usgs_temp_3,60.65107,-151.09076,US/Alaska (UTC-9 / UTC-8),"west fork beaver creek, upstream of marathon road",Beaver Creek,STREAM,MAIN,TRUE,TRUE,TBD,FALSE
2022-08-05T08:00:00Z,13.738,beaver_creek_usgs_temp_3,60.65107,-151.09076,US/Alaska (UTC-9 / UTC-8),"west fork beaver creek, upstream of marathon road",Beaver Creek,STREAM,MAIN,TRUE,TRUE,TBD,FALSE
2022-08-05T08:15:00Z,13.738,beaver_creek_usgs_temp_3,60.65107,-151.09076,US/Alaska (UTC-9 / UTC-8),"west fork beaver creek, upstream of marathon road",Beaver Creek,STREAM,MAIN,TRUE,TRUE,TBD,FALSE
2022-08-05T08:30:00Z,13.714,beaver_creek_usgs_temp_3,60.65107,-151.09076,US/Alaska (UTC-9 / UTC-8),"west fork beaver creek, upstream of marathon road",Beaver Creek,STREAM,MAIN,TRUE,TRUE,TBD,FALSE
2022-08-05T08:45:00Z,13.714,beaver_creek_usgs_temp_3,60.65107,-151.09076,US/Alaska (UTC-9 / UTC-8),"west fork beaver creek, upstream of marathon road",Beaver Creek,STREAM,MAIN,TRUE,TRUE,TBD,FALSE
2022-08-05T09:00:00Z,13.714,beaver_creek_usgs_temp_3,60.65107,-151.09076,US/Alaska (UTC-9 / UTC-8),"west fork beaver creek, upstream of marathon road",Beaver Creek,STREAM,MAIN,TRUE,TRUE,TBD,FALSE
2022-08-05T09:15:00Z,13.738,beaver_creek_usgs_temp_3,60.65107,-151.09076,US/Alaska (UTC-9 / UTC-8),"west fork beaver creek, upstream of marathon road",Beaver Creek,STREAM,MAIN,TRUE,TRUE,TBD,FALSE
2022-08-05T09:30:00Z,13.738,beaver_creek_usgs_temp_3,60.65107,-151.09076,US/Alaska (UTC-9 / UTC-8),"west fork beaver creek, upstream of marathon road",Beaver Creek,STREAM,MAIN,TRUE,TRUE,TBD,FALSE
2022-08-05T09:45:00Z,13.714,beaver_creek_usgs_temp_3,60.65107,-151.09076,US/Alaska (UTC-9 / UTC-8),"west fork beaver creek, upstream of marathon road",Beaver Creek,STREAM,MAIN,TRUE,TRUE,TBD,FALSE
2022-08-05T10:00:00Z,13.714,beaver_creek_usgs_temp_3,60.65107,-151.09076,US/Alaska (UTC-9 / UTC-8),"west fork beaver creek, upstream of marathon road",Beaver Creek,STREAM,MAIN,TRUE,TRUE,TBD,FALSE
2022-08-05T10:15:00Z,13.69,beaver_creek_usgs_temp_3,60.65107,-151.09076,US/Alaska (UTC-9 / UTC-8),"west fork beaver creek, upstream of marathon road",Beaver Creek,STREAM,MAIN,TRUE,TRUE,TBD,FALSE
2022-08-05T10:30:00Z,13.666,beaver_creek_usgs_temp_3,60.65107,-151.09076,US/Alaska (UTC-9 / UTC-8),"west fork beaver creek, upstream of marathon road",Beaver Creek,STREAM,MAIN,TRUE,TRUE,TBD,FALSE
2022-08-05T10:45:00Z,13.666,beaver_creek_usgs_temp_3,60.65107,-151.09076,US/Alaska (UTC-9 / UTC-8),"west fork beaver creek, upstream of marathon road",Beaver Creek,STREAM,MAIN,TRUE,TRUE,TBD,FALSE
2022-08-05T11:00:00Z,13.666,beaver_creek_usgs_temp_3,60.65107,-151.09076,US/Alaska (UTC-9 / UTC-8),"west fork beaver creek, upstream of marathon road",Beaver Creek,STREAM,MAIN,TRUE,TRUE,TBD,FALSE
2022-08-05T11:15:00Z,13.666,beaver_creek_usgs_temp_3,60.65107,-151.09076,US/Alaska (UTC-9 / UTC-8),"west fork beaver creek, upstream of marathon road",Beaver Creek,STREAM,MAIN,TRUE,TRUE,TBD,FALSE
2022-08-05T11:30:00Z,13.666,beaver_creek_usgs_temp_3,60.65107,-151.09076,US/Alaska (UTC-9 / UTC-8),"west fork beaver creek, upstream of marathon road",Beaver Creek,STREAM,MAIN,TRUE,TRUE,TBD,FALSE
2022-08-05T11:45:00Z,13.762,beaver_creek_usgs_temp_3,60.65107,-151.09076,US/Alaska (UTC-9 / UTC-8),"west fork beaver creek, upstream of marathon road",Beaver Creek,STREAM,MAIN,TRUE,TRUE,TBD,FALSE
2022-08-05T12:00:00Z,13.882,beaver_creek_usgs_temp_3,60.65107,-151.09076,US/Alaska (UTC-9 / UTC-8),"west fork beaver creek, upstream of marathon road",Beaver Creek,STREAM,MAIN,TRUE,TRUE,TBD,FALSE
2022-08-05T12:15:00Z,14.05,beaver_creek_usgs_temp_3,60.65107,-151.09076,US/Alaska (UTC-9 / UTC-8),"west fork beaver creek, upstream of marathon road",Beaver Creek,STREAM,MAIN,TRUE,TRUE,TBD,FALSE
2022-08-05T12:30:00Z,14.218,beaver_creek_usgs_temp_3,60.65107,-151.09076,US/Alaska (UTC-9 / UTC-8),"west fork beaver creek, upstream of marathon road",Beaver Creek,STREAM,MAIN,TRUE,TRUE,TBD,FALSE
2022-08-05T12:45:00Z,14.361,beaver_creek_usgs_temp_3,60.65107,-151.09076,US/Alaska (UTC-9 / UTC-8),"west fork beaver creek, upstream of marathon road",Beaver Creek,STREAM,MAIN,TRUE,TRUE,TBD,FALSE
2022-08-05T13:00:00Z,14.529,beaver_creek_usgs_temp_3,60.65107,-151.09076,US/Alaska (UTC-9 / UTC-8),"west fork beaver creek, upstream of marathon road",Beaver Creek,STREAM,MAIN,TRUE,TRUE,TBD,FALSE
2022-08-05T13:15:00Z,14.625,beaver_creek_usgs_temp_3,60.65107,-151.09076,US/Alaska (UTC-9 / UTC-8),"west fork beaver creek, upstream of marathon road",Beaver Creek,STREAM,MAIN,TRUE,TRUE,TBD,FALSE
2022-08-05T13:30:00Z,14.768,beaver_creek_usgs_temp_3,60.65107,-151.09076,US/Alaska (UTC-9 / UTC-8),"west fork beaver creek, upstream of marathon road",Beaver Creek,STREAM,MAIN,TRUE,TRUE,TBD,FALSE
2022-08-05T13:45:00Z,14.912,beaver_creek_usgs_temp_3,60.65107,-151.09076,US/Alaska (UTC-9 / UTC-8),"west fork beaver creek, upstream of marathon road",Beaver Creek,STREAM,MAIN,TRUE,TRUE,TBD,FALSE
2022-08-05T14:00:00Z,15.055,beaver_creek_usgs_temp_3,60.65107,-151.09076,US/Alaska (UTC-9 / UTC-8),"west fork beaver creek, upstream of marathon road",Beaver Creek,STREAM,MAIN,TRUE,TRUE,TBD,FALSE
2022-08-05T14:15:00Z,15.199,beaver_creek_usgs_temp_3,60.65107,-151.09076,US/Alaska (UTC-9 / UTC-8),"west fork beaver creek, upstream of marathon road",Beaver Creek,STREAM,MAIN,TRUE,TRUE,TBD,FALSE
2022-08-05T14:30:00Z,15.294,beaver_creek_usgs_temp_3,60.65107,-151.09076,US/Alaska (UTC-9 / UTC-8),"west fork beaver creek, upstream of marathon road",Beaver Creek,STREAM,MAIN,TRUE,TRUE,TBD,FALSE
2022-08-05T14:45:00Z,15.39,beaver_creek_usgs_temp_3,60.65107,-151.09076,US/Alaska (UTC-9 / UTC-8),"west fork beaver creek, upstream of marathon road",Beaver Creek,STREAM,MAIN,TRUE,TRUE,TBD,FALSE
2022-08-05T15:00:00Z,15.509,beaver_creek_usgs_temp_3,60.65107,-151.09076,US/Alaska (UTC-9 / UTC-8),"west fork beaver creek, upstream of marathon road",Beaver Creek,STREAM,MAIN,TRUE,TRUE,TBD,FALSE
2022-08-05T15:15:00Z,15.629,beaver_creek_usgs_temp_3,60.65107,-151.09076,US/Alaska (UTC-9 / UTC-8),"west fork beaver creek, upstream of marathon road",Beaver Creek,STREAM,MAIN,TRUE,TRUE,TBD,FALSE
2022-08-05T15:30:00Z,15.748,beaver_creek_usgs_temp_3,60.65107,-151.09076,US/Alaska (UTC-9 / UTC-8),"west fork beaver creek, upstream of marathon road",Beaver Creek,STREAM,MAIN,TRUE,TRUE,TBD,FALSE
2022-08-05T15:45:00Z,15.819,beaver_creek_usgs_temp_3,60.65107,-151.09076,US/Alaska (UTC-9 / UTC-8),"west fork beaver creek, upstream of marathon road",Beaver Creek,STREAM,MAIN,TRUE,TRUE,TBD,FALSE
2022-08-05T16:00:00Z,15.891,beaver_creek_usgs_temp_3,60.65107,-151.09076,US/Alaska (UTC-9 / UTC-8),"west fork beaver creek, upstream of marathon road",Beaver Creek,STREAM,MAIN,TRUE,TRUE,TBD,FALSE
2022-08-05T16:15:00Z,15.939,beaver_creek_usgs_temp_3,60.65107,-151.09076,US/Alaska (UTC-9 / UTC-8),"west fork beaver creek, upstream of marathon road",Beaver Creek,STREAM,MAIN,TRUE,TRUE,TBD,FALSE
2022-08-05T16:30:00Z,15.986,beaver_creek_usgs_temp_3,60.65107,-151.09076,US/Alaska (UTC-9 / UTC-8),"west fork beaver creek, upstream of marathon road",Beaver Creek,STREAM,MAIN,TRUE,TRUE,TBD,FALSE
2022-08-05T16:45:00Z,16.034,beaver_creek_usgs_temp_3,60.65107,-151.09076,US/Alaska (UTC-9 / UTC-8),"west fork beaver creek, upstream of marathon road",Beaver Creek,STREAM,MAIN,TRUE,TRUE,TBD,FALSE
2022-08-05T17:00:00Z,16.058,beaver_creek_usgs_temp_3,60.65107,-151.09076,US/Alaska (UTC-9 / UTC-8),"west fork beaver creek, upstream of marathon road",Beaver Creek,STREAM,MAIN,TRUE,TRUE,TBD,FALSE
2022-08-05T17:15:00Z,16.058,beaver_creek_usgs_temp_3,60.65107,-151.09076,US/Alaska (UTC-9 / UTC-8),"west fork beaver creek, upstream of marathon road",Beaver Creek,STREAM,MAIN,TRUE,TRUE,TBD,FALSE
2022-08-05T17:30:00Z,16.034,beaver_creek_usgs_temp_3,60.65107,-151.09076,US/Alaska (UTC-9 / UTC-8),"west fork beaver creek, upstream of marathon road",Beaver Creek,STREAM,MAIN,TRUE,TRUE,TBD,FALSE
2022-08-05T17:45:00Z,16.01,beaver_creek_usgs_temp_3,60.65107,-151.09076,US/Alaska (UTC-9 / UTC-8),"west fork beaver creek, upstream of marathon road",Beaver Creek,STREAM,MAIN,TRUE,TRUE,TBD,FALSE
2022-08-05T18:00:00Z,15.963,beaver_creek_usgs_temp_3,60.65107,-151.09076,US/Alaska (UTC-9 / UTC-8),"west fork beaver creek, upstream of marathon road",Beaver Creek,STREAM,MAIN,TRUE,TRUE,TBD,FALSE
2022-08-05T18:15:00Z,15.915,beaver_creek_usgs_temp_3,60.65107,-151.09076,US/Alaska (UTC-9 / UTC-8),"west fork beaver creek, upstream of marathon road",Beaver Creek,STREAM,MAIN,TRUE,TRUE,TBD,FALSE
2022-08-05T18:30:00Z,15.867,beaver_creek_usgs_temp_3,60.65107,-151.09076,US/Alaska (UTC-9 / UTC-8),"west fork beaver creek, upstream of marathon road",Beaver Creek,STREAM,MAIN,TRUE,TRUE,TBD,FALSE
2022-08-05T18:45:00Z,15.772,beaver_creek_usgs_temp_3,60.65107,-151.09076,US/Alaska (UTC-9 / UTC-8),"west fork beaver creek, upstream of marathon road",Beaver Creek,STREAM,MAIN,TRUE,TRUE,TBD,FALSE
2022-08-05T19:00:00Z,15.7,beaver_creek_usgs_temp_3,60.65107,-151.09076,US/Alaska (UTC-9 / UTC-8),"west fork beaver creek, upstream of marathon road",Beaver Creek,STREAM,MAIN,TRUE,TRUE,TBD,FALSE
2022-08-05T19:15:00Z,15.605,beaver_creek_usgs_temp_3,60.65107,-151.09076,US/Alaska (UTC-9 / UTC-8),"west fork beaver creek, upstream of marathon road",Beaver Creek,STREAM,MAIN,TRUE,TRUE,TBD,FALSE
2022-08-05T19:30:00Z,15.533,beaver_creek_usgs_temp_3,60.65107,-151.09076,US/Alaska (UTC-9 / UTC-8),"west fork beaver creek, upstream of marathon road",Beaver Creek,STREAM,MAIN,TRUE,TRUE,TBD,FALSE
2022-08-05T19:45:00Z,15.461,beaver_creek_usgs_temp_3,60.65107,-151.09076,US/Alaska (UTC-9 / UTC-8),"west fork beaver creek, upstream of marathon road",Beaver Creek,STREAM,MAIN,TRUE,TRUE,TBD,FALSE
2022-08-05T20:00:00Z,15.39,beaver_creek_usgs_temp_3,60.65107,-151.09076,US/Alaska (UTC-9 / UTC-8),"west fork beaver creek, upstream of marathon road",Beaver Creek,STREAM,MAIN,TRUE,TRUE,TBD,FALSE
2022-08-05T20:15:00Z,15.318,beaver_creek_usgs_temp_3,60.65107,-151.09076,US/Alaska (UTC-9 / UTC-8),"west fork beaver creek, upstream of marathon road",Beaver Creek,STREAM,MAIN,TRUE,TRUE,TBD,FALSE
2022-08-05T20:30:00Z,15.247,beaver_creek_usgs_temp_3,60.65107,-151.09076,US/Alaska (UTC-9 / UTC-8),"west fork beaver creek, upstream of marathon road",Beaver Creek,STREAM,MAIN,TRUE,TRUE,TBD,FALSE
2022-08-05T20:45:00Z,15.175,beaver_creek_usgs_temp_3,60.65107,-151.09076,US/Alaska (UTC-9 / UTC-8),"west fork beaver creek, upstream of marathon road",Beaver Creek,STREAM,MAIN,TRUE,TRUE,TBD,FALSE
2022-08-05T21:00:00Z,15.103,beaver_creek_usgs_temp_3,60.65107,-151.09076,US/Alaska (UTC-9 / UTC-8),"west fork beaver creek, upstream of marathon road",Beaver Creek,STREAM,MAIN,TRUE,TRUE,TBD,FALSE
2022-08-05T21:15:00Z,15.031,beaver_creek_usgs_temp_3,60.65107,-151.09076,US/Alaska (UTC-9 / UTC-8),"west fork beaver creek, upstream of marathon road",Beaver Creek,STREAM,MAIN,TRUE,TRUE,TBD,FALSE
2022-08-05T21:30:00Z,14.96,beaver_creek_usgs_temp_3,60.65107,-151.09076,US/Alaska (UTC-9 / UTC-8),"west fork beaver creek, upstream of marathon road",Beaver Creek,STREAM,MAIN,TRUE,TRUE,TBD,FALSE
2022-08-05T21:45:00Z,14.888,beaver_creek_usgs_temp_3,60.65107,-151.09076,US/Alaska (UTC-9 / UTC-8),"west fork beaver creek, upstream of marathon road",Beaver Creek,STREAM,MAIN,TRUE,TRUE,TBD,FALSE
2022-08-05T22:00:00Z,14.816,beaver_creek_usgs_temp_3,60.65107,-151.09076,US/Alaska (UTC-9 / UTC-8),"west fork beaver creek, upstream of marathon road",Beaver Creek,STREAM,MAIN,TRUE,TRUE,TBD,FALSE
2022-08-05T22:15:00Z,14.768,beaver_creek_usgs_temp_3,60.65107,-151.09076,US/Alaska (UTC-9 / UTC-8),"west fork beaver creek, upstream of marathon road",Beaver Creek,STREAM,MAIN,TRUE,TRUE,TBD,FALSE
2022-08-05T22:30:00Z,14.697,beaver_creek_usgs_temp_3,60.65107,-151.09076,US/Alaska (UTC-9 / UTC-8),"west fork beaver creek, upstream of marathon road",Beaver Creek,STREAM,MAIN,TRUE,TRUE,TBD,FALSE
2022-08-05T22:45:00Z,14.649,beaver_creek_usgs_temp_3,60.65107,-151.09076,US/Alaska (UTC-9 / UTC-8),"west fork beaver creek, upstream of marathon road",Beaver Creek,STREAM,MAIN,TRUE,TRUE,TBD,FALSE
2022-08-05T23:00:00Z,14.577,beaver_creek_usgs_temp_3,60.65107,-151.09076,US/Alaska (UTC-9 / UTC-8),"west fork beaver creek, upstream of marathon road",Beaver Creek,STREAM,MAIN,TRUE,TRUE,TBD,FALSE
2022-08-05T23:15:00Z,14.529,beaver_creek_usgs_temp_3,60.65107,-151.09076,US/Alaska (UTC-9 / UTC-8),"west fork beaver creek, upstream of marathon road",Beaver Creek,STREAM,MAIN,TRUE,TRUE,TBD,FALSE
2022-08-05T23:30:00Z,14.433,beaver_creek_usgs_temp_3,60.65107,-151.09076,US/Alaska (UTC-9 / UTC-8),"west fork beaver creek, upstream of marathon road",Beaver Creek,STREAM,MAIN,TRUE,TRUE,TBD,FALSE
2022-08-05T23:45:00Z,14.385,beaver_creek_usgs_temp_3,60.65107,-151.09076,US/Alaska (UTC-9 / UTC-8),"west fork beaver creek, upstream of marathon road",Beaver Creek,STREAM,MAIN,TRUE,TRUE,TBD,FALSE
2022-08-06T00:00:00Z,14.314,beaver_creek_usgs_temp_3,60.65107,-151.09076,US/Alaska (UTC-9 / UTC-8),"west fork beaver creek, upstream of marathon road",Beaver Creek,STREAM,MAIN,TRUE,TRUE,TBD,FALSE
2022-08-06T00:15:00Z,14.242,beaver_creek_usgs_temp_3,60.65107,-151.09076,US/Alaska (UTC-9 / UTC-8),"west fork beaver creek, upstream of marathon road",Beaver Creek,STREAM,MAIN,TRUE,TRUE,TBD,FALSE
2022-08-06T00:30:00Z,14.194,beaver_creek_usgs_temp_3,60.65107,-151.09076,US/Alaska (UTC-9 / UTC-8),"west fork beaver creek, upstream of marathon road",Beaver Creek,STREAM,MAIN,TRUE,TRUE,TBD,FALSE
2022-08-06T00:45:00Z,14.122,beaver_creek_usgs_temp_3,60.65107,-151.09076,US/Alaska (UTC-9 / UTC-8),"west fork beaver creek, upstream of marathon road",Beaver Creek,STREAM,MAIN,TRUE,TRUE,TBD,FALSE
2022-08-06T01:00:00Z,14.074,beaver_creek_usgs_temp_3,60.65107,-151.09076,US/Alaska (UTC-9 / UTC-8),"west fork beaver creek, upstream of marathon road",Beaver Creek,STREAM,MAIN,TRUE,TRUE,TBD,FALSE
2022-08-06T01:15:00Z,14.026,beaver_creek_usgs_temp_3,60.65107,-151.09076,US/Alaska (UTC-9 / UTC-8),"west fork beaver creek, upstream of marathon road",Beaver Creek,STREAM,MAIN,TRUE,TRUE,TBD,FALSE
2022-08-06T01:30:00Z,13.954,beaver_creek_usgs_temp_3,60.65107,-151.09076,US/Alaska (UTC-9 / UTC-8),"west fork beaver creek, upstream of marathon road",Beaver Creek,STREAM,MAIN,TRUE,TRUE,TBD,FALSE
2022-08-06T01:45:00Z,13.906,beaver_creek_usgs_temp_3,60.65107,-151.09076,US/Alaska (UTC-9 / UTC-8),"west fork beaver creek, upstream of marathon road",Beaver Creek,STREAM,MAIN,TRUE,TRUE,TBD,FALSE
2022-08-06T02:00:00Z,13.858,beaver_creek_usgs_temp_3,60.65107,-151.09076,US/Alaska (UTC-9 / UTC-8),"west fork beaver creek, upstream of marathon road",Beaver Creek,STREAM,MAIN,TRUE,TRUE,TBD,FALSE
2022-08-06T02:15:00Z,13.834,beaver_creek_usgs_temp_3,60.65107,-151.09076,US/Alaska (UTC-9 / UTC-8),"west fork beaver creek, upstream of marathon road",Beaver Creek,STREAM,MAIN,TRUE,TRUE,TBD,FALSE
2022-08-06T02:30:00Z,13.834,beaver_creek_usgs_temp_3,60.65107,-151.09076,US/Alaska (UTC-9 / UTC-8),"west fork beaver creek, upstream of marathon road",Beaver Creek,STREAM,MAIN,TRUE,TRUE,TBD,FALSE
2022-08-06T02:45:00Z,13.81,beaver_creek_usgs_temp_3,60.65107,-151.09076,US/Alaska (UTC-9 / UTC-8),"west fork beaver creek, upstream of marathon road",Beaver Creek,STREAM,MAIN,TRUE,TRUE,TBD,FALSE
2022-08-06T03:00:00Z,13.786,beaver_creek_usgs_temp_3,60.65107,-151.09076,US/Alaska (UTC-9 / UTC-8),"west fork beaver creek, upstream of marathon road",Beaver Creek,STREAM,MAIN,TRUE,TRUE,TBD,FALSE
2022-08-06T03:15:00Z,13.762,beaver_creek_usgs_temp_3,60.65107,-151.09076,US/Alaska (UTC-9 / UTC-8),"west fork beaver creek, upstream of marathon road",Beaver Creek,STREAM,MAIN,TRUE,TRUE,TBD,FALSE
2022-08-06T03:30:00Z,13.738,beaver_creek_usgs_temp_3,60.65107,-151.09076,US/Alaska (UTC-9 / UTC-8),"west fork beaver creek, upstream of marathon road",Beaver Creek,STREAM,MAIN,TRUE,TRUE,TBD,FALSE
2022-08-06T03:45:00Z,13.714,beaver_creek_usgs_temp_3,60.65107,-151.09076,US/Alaska (UTC-9 / UTC-8),"west fork beaver creek, upstream of marathon road",Beaver Creek,STREAM,MAIN,TRUE,TRUE,TBD,FALSE
2022-08-06T04:00:00Z,13.69,beaver_creek_usgs_temp_3,60.65107,-151.09076,US/Alaska (UTC-9 / UTC-8),"west fork beaver creek, upstream of marathon road",Beaver Creek,STREAM,MAIN,TRUE,TRUE,TBD,FALSE
2022-08-06T04:15:00Z,13.642,beaver_creek_usgs_temp_3,60.65107,-151.09076,US/Alaska (UTC-9 / UTC-8),"west fork beaver creek, upstream of marathon road",Beaver Creek,STREAM,MAIN,TRUE,TRUE,TBD,FALSE
2022-08-06T04:30:00Z,13.594,beaver_creek_usgs_temp_3,60.65107,-151.09076,US/Alaska (UTC-9 / UTC-8),"west fork beaver creek, upstream of marathon road",Beaver Creek,STREAM,MAIN,TRUE,TRUE,TBD,FALSE
2022-08-06T04:45:00Z,13.546,beaver_creek_usgs_temp_3,60.65107,-151.09076,US/Alaska (UTC-9 / UTC-8),"west fork beaver creek, upstream of marathon road",Beaver Creek,STREAM,MAIN,TRUE,TRUE,TBD,FALSE
2022-08-06T05:00:00Z,13.522,beaver_creek_usgs_temp_3,60.65107,-151.09076,US/Alaska (UTC-9 / UTC-8),"west fork beaver creek, upstream of marathon road",Beaver Creek,STREAM,MAIN,TRUE,TRUE,TBD,FALSE
2022-08-06T05:15:00Z,13.473,beaver_creek_usgs_temp_3,60.65107,-151.09076,US/Alaska (UTC-9 / UTC-8),"west fork beaver creek, upstream of marathon road",Beaver Creek,STREAM,MAIN,TRUE,TRUE,TBD,FALSE
2022-08-06T05:30:00Z,13.425,beaver_creek_usgs_temp_3,60.65107,-151.09076,US/Alaska (UTC-9 / UTC-8),"west fork beaver creek, upstream of marathon road",Beaver Creek,STREAM,MAIN,TRUE,TRUE,TBD,FALSE
2022-08-06T05:45:00Z,13.401,beaver_creek_usgs_temp_3,60.65107,-151.09076,US/Alaska (UTC-9 / UTC-8),"west fork beaver creek, upstream of marathon road",Beaver Creek,STREAM,MAIN,TRUE,TRUE,TBD,FALSE
2022-08-06T06:00:00Z,13.353,beaver_creek_usgs_temp_3,60.65107,-151.09076,US/Alaska (UTC-9 / UTC-8),"west fork beaver creek, upstream of marathon road",Beaver Creek,STREAM,MAIN,TRUE,TRUE,TBD,FALSE
2022-08-06T06:15:00Z,13.329,beaver_creek_usgs_temp_3,60.65107,-151.09076,US/Alaska (UTC-9 / UTC-8),"west fork beaver creek, upstream of marathon road",Beaver Creek,STREAM,MAIN,TRUE,TRUE,TBD,FALSE
2022-08-06T06:30:00Z,13.281,beaver_creek_usgs_temp_3,60.65107,-151.09076,US/Alaska (UTC-9 / UTC-8),"west fork beaver creek, upstream of marathon road",Beaver Creek,STREAM,MAIN,TRUE,TRUE,TBD,FALSE
2022-08-06T06:45:00Z,13.257,beaver_creek_usgs_temp_3,60.65107,-151.09076,US/Alaska (UTC-9 / UTC-8),"west fork beaver creek, upstream of marathon road",Beaver Creek,STREAM,MAIN,TRUE,TRUE,TBD,FALSE
2022-08-06T07:00:00Z,13.233,beaver_creek_usgs_temp_3,60.65107,-151.09076,US/Alaska (UTC-9 / UTC-8),"west fork beaver creek, upstream of marathon road",Beaver Creek,STREAM,MAIN,TRUE,TRUE,TBD,FALSE
2022-08-06T07:15:00Z,13.209,beaver_creek_usgs_temp_3,60.65107,-151.09076,US/Alaska (UTC-9 / UTC-8),"west fork beaver creek, upstream of marathon road",Beaver Creek,STREAM,MAIN,TRUE,TRUE,TBD,FALSE
2022-08-06T07:30:00Z,13.185,beaver_creek_usgs_temp_3,60.65107,-151.09076,US/Alaska (UTC-9 / UTC-8),"west fork beaver creek, upstream of marathon road",Beaver Creek,STREAM,MAIN,TRUE,TRUE,TBD,FALSE
2022-08-06T07:45:00Z,13.185,beaver_creek_usgs_temp_3,60.65107,-151.09076,US/Alaska (UTC-9 / UTC-8),"west fork beaver creek, upstream of marathon road",Beaver Creek,STREAM,MAIN,TRUE,TRUE,TBD,FALSE
2022-08-06T08:00:00Z,13.185,beaver_creek_usgs_temp_3,60.65107,-151.09076,US/Alaska (UTC-9 / UTC-8),"west fork beaver creek, upstream of marathon road",Beaver Creek,STREAM,MAIN,TRUE,TRUE,TBD,FALSE
2022-08-06T08:15:00Z,13.161,beaver_creek_usgs_temp_3,60.65107,-151.09076,US/Alaska (UTC-9 / UTC-8),"west fork beaver creek, upstream of marathon road",Beaver Creek,STREAM,MAIN,TRUE,TRUE,TBD,FALSE
2022-08-06T08:30:00Z,13.185,beaver_creek_usgs_temp_3,60.65107,-151.09076,US/Alaska (UTC-9 / UTC-8),"west fork beaver creek, upstream of marathon road",Beaver Creek,STREAM,MAIN,TRUE,TRUE,TBD,FALSE
2022-08-06T08:45:00Z,13.185,beaver_creek_usgs_temp_3,60.65107,-151.09076,US/Alaska (UTC-9 / UTC-8),"west fork beaver creek, upstream of marathon road",Beaver Creek,STREAM,MAIN,TRUE,TRUE,TBD,FALSE
2022-08-06T09:00:00Z,13.233,beaver_creek_usgs_temp_3,60.65107,-151.09076,US/Alaska (UTC-9 / UTC-8),"west fork beaver creek, upstream of marathon road",Beaver Creek,STREAM,MAIN,TRUE,TRUE,TBD,FALSE
2022-08-06T09:15:00Z,13.305,beaver_creek_usgs_temp_3,60.65107,-151.09076,US/Alaska (UTC-9 / UTC-8),"west fork beaver creek, upstream of marathon road",Beaver Creek,STREAM,MAIN,TRUE,TRUE,TBD,FALSE
2022-08-06T09:30:00Z,13.377,beaver_creek_usgs_temp_3,60.65107,-151.09076,US/Alaska (UTC-9 / UTC-8),"west fork beaver creek, upstream of marathon road",Beaver Creek,STREAM,MAIN,TRUE,TRUE,TBD,FALSE
2022-08-06T09:45:00Z,13.425,beaver_creek_usgs_temp_3,60.65107,-151.09076,US/Alaska (UTC-9 / UTC-8),"west fork beaver creek, upstream of marathon road",Beaver Creek,STREAM,MAIN,TRUE,TRUE,TBD,FALSE
2022-08-06T10:00:00Z,13.473,beaver_creek_usgs_temp_3,60.65107,-151.09076,US/Alaska (UTC-9 / UTC-8),"west fork beaver creek, upstream of marathon road",Beaver Creek,STREAM,MAIN,TRUE,TRUE,TBD,FALSE
2022-08-06T10:15:00Z,13.522,beaver_creek_usgs_temp_3,60.65107,-151.09076,US/Alaska (UTC-9 / UTC-8),"west fork beaver creek, upstream of marathon road",Beaver Creek,STREAM,MAIN,TRUE,TRUE,TBD,FALSE
2022-08-06T10:30:00Z,13.618,beaver_creek_usgs_temp_3,60.65107,-151.09076,US/Alaska (UTC-9 / UTC-8),"west fork beaver creek, upstream of marathon road",Beaver Creek,STREAM,MAIN,TRUE,TRUE,TBD,FALSE
2022-08-06T10:45:00Z,13.666,beaver_creek_usgs_temp_3,60.65107,-151.09076,US/Alaska (UTC-9 / UTC-8),"west fork beaver creek, upstream of marathon road",Beaver Creek,STREAM,MAIN,TRUE,TRUE,TBD,FALSE
2022-08-06T11:00:00Z,13.714,beaver_creek_usgs_temp_3,60.65107,-151.09076,US/Alaska (UTC-9 / UTC-8),"west fork beaver creek, upstream of marathon road",Beaver Creek,STREAM,MAIN,TRUE,TRUE,TBD,FALSE
2022-08-06T11:15:00Z,13.762,beaver_creek_usgs_temp_3,60.65107,-151.09076,US/Alaska (UTC-9 / UTC-8),"west fork beaver creek, upstream of marathon road",Beaver Creek,STREAM,MAIN,TRUE,TRUE,TBD,FALSE
2022-08-06T11:30:00Z,13.81,beaver_creek_usgs_temp_3,60.65107,-151.09076,US/Alaska (UTC-9 / UTC-8),"west fork beaver creek, upstream of marathon road",Beaver Creek,STREAM,MAIN,TRUE,TRUE,TBD,FALSE
2022-08-06T11:45:00Z,13.906,beaver_creek_usgs_temp_3,60.65107,-151.09076,US/Alaska (UTC-9 / UTC-8),"west fork beaver creek, upstream of marathon road",Beaver Creek,STREAM,MAIN,TRUE,TRUE,TBD,FALSE
2022-08-06T12:00:00Z,14.002,beaver_creek_usgs_temp_3,60.65107,-151.09076,US/Alaska (UTC-9 / UTC-8),"west fork beaver creek, upstream of marathon road",Beaver Creek,STREAM,MAIN,TRUE,TRUE,TBD,FALSE
2022-08-06T12:15:00Z,14.098,beaver_creek_usgs_temp_3,60.65107,-151.09076,US/Alaska (UTC-9 / UTC-8),"west fork beaver creek, upstream of marathon road",Beaver Creek,STREAM,MAIN,TRUE,TRUE,TBD,FALSE
2022-08-06T12:30:00Z,14.218,beaver_creek_usgs_temp_3,60.65107,-151.09076,US/Alaska (UTC-9 / UTC-8),"west fork beaver creek, upstream of marathon road",Beaver Creek,STREAM,MAIN,TRUE,TRUE,TBD,FALSE
2022-08-06T12:45:00Z,14.361,beaver_creek_usgs_temp_3,60.65107,-151.09076,US/Alaska (UTC-9 / UTC-8),"west fork beaver creek, upstream of marathon road",Beaver Creek,STREAM,MAIN,TRUE,TRUE,TBD,FALSE
2022-08-06T13:00:00Z,14.505,beaver_creek_usgs_temp_3,60.65107,-151.09076,US/Alaska (UTC-9 / UTC-8),"west fork beaver creek, upstream of marathon road",Beaver Creek,STREAM,MAIN,TRUE,TRUE,TBD,FALSE
2022-08-06T13:15:00Z,14.649,beaver_creek_usgs_temp_3,60.65107,-151.09076,US/Alaska (UTC-9 / UTC-8),"west fork beaver creek, upstream of marathon road",Beaver Creek,STREAM,MAIN,TRUE,TRUE,TBD,FALSE
2022-08-06T13:30:00Z,14.768,beaver_creek_usgs_temp_3,60.65107,-151.09076,US/Alaska (UTC-9 / UTC-8),"west fork beaver creek, upstream of marathon road",Beaver Creek,STREAM,MAIN,TRUE,TRUE,TBD,FALSE
2022-08-06T13:45:00Z,14.864,beaver_creek_usgs_temp_3,60.65107,-151.09076,US/Alaska (UTC-9 / UTC-8),"west fork beaver creek, upstream of marathon road",Beaver Creek,STREAM,MAIN,TRUE,TRUE,TBD,FALSE
2022-08-06T14:00:00Z,15.008,beaver_creek_usgs_temp_3,60.65107,-151.09076,US/Alaska (UTC-9 / UTC-8),"west fork beaver creek, upstream of marathon road",Beaver Creek,STREAM,MAIN,TRUE,TRUE,TBD,FALSE
2022-08-06T14:15:00Z,15.079,beaver_creek_usgs_temp_3,60.65107,-151.09076,US/Alaska (UTC-9 / UTC-8),"west fork beaver creek, upstream of marathon road",Beaver Creek,STREAM,MAIN,TRUE,TRUE,TBD,FALSE
2022-08-06T14:30:00Z,15.151,beaver_creek_usgs_temp_3,60.65107,-151.09076,US/Alaska (UTC-9 / UTC-8),"west fork beaver creek, upstream of marathon road",Beaver Creek,STREAM,MAIN,TRUE,TRUE,TBD,FALSE
2022-08-06T14:45:00Z,15.247,beaver_creek_usgs_temp_3,60.65107,-151.09076,US/Alaska (UTC-9 / UTC-8),"west fork beaver creek, upstream of marathon road",Beaver Creek,STREAM,MAIN,TRUE,TRUE,TBD,FALSE
2022-08-06T15:00:00Z,15.366,beaver_creek_usgs_temp_3,60.65107,-151.09076,US/Alaska (UTC-9 / UTC-8),"west fork beaver creek, upstream of marathon road",Beaver Creek,STREAM,MAIN,TRUE,TRUE,TBD,FALSE
2022-08-06T15:15:00Z,15.461,beaver_creek_usgs_temp_3,60.65107,-151.09076,US/Alaska (UTC-9 / UTC-8),"west fork beaver creek, upstream of marathon road",Beaver Creek,STREAM,MAIN,TRUE,TRUE,TBD,FALSE
2022-08-06T15:30:00Z,15.557,beaver_creek_usgs_temp_3,60.65107,-151.09076,US/Alaska (UTC-9 / UTC-8),"west fork beaver creek, upstream of marathon road",Beaver Creek,STREAM,MAIN,TRUE,TRUE,TBD,FALSE
2022-08-06T15:45:00Z,15.652,beaver_creek_usgs_temp_3,60.65107,-151.09076,US/Alaska (UTC-9 / UTC-8),"west fork beaver creek, upstream of marathon road",Beaver Creek,STREAM,MAIN,TRUE,TRUE,TBD,FALSE
2022-08-06T16:00:00Z,15.724,beaver_creek_usgs_temp_3,60.65107,-151.09076,US/Alaska (UTC-9 / UTC-8),"west fork beaver creek, upstream of marathon road",Beaver Creek,STREAM,MAIN,TRUE,TRUE,TBD,FALSE
2022-08-06T16:15:00Z,15.796,beaver_creek_usgs_temp_3,60.65107,-151.09076,US/Alaska (UTC-9 / UTC-8),"west fork beaver creek, upstream of marathon road",Beaver Creek,STREAM,MAIN,TRUE,TRUE,TBD,FALSE
2022-08-06T16:30:00Z,15.843,beaver_creek_usgs_temp_3,60.65107,-151.09076,US/Alaska (UTC-9 / UTC-8),"west fork beaver creek, upstream of marathon road",Beaver Creek,STREAM,MAIN,TRUE,TRUE,TBD,FALSE
2022-08-06T16:45:00Z,15.867,beaver_creek_usgs_temp_3,60.65107,-151.09076,US/Alaska (UTC-9 / UTC-8),"west fork beaver creek, upstream of marathon road",Beaver Creek,STREAM,MAIN,TRUE,TRUE,TBD,FALSE
2022-08-06T17:00:00Z,15.915,beaver_creek_usgs_temp_3,60.65107,-151.09076,US/Alaska (UTC-9 / UTC-8),"west fork beaver creek, upstream of marathon road",Beaver Creek,STREAM,MAIN,TRUE,TRUE,TBD,FALSE
2022-08-06T17:15:00Z,15.963,beaver_creek_usgs_temp_3,60.65107,-151.09076,US/Alaska (UTC-9 / UTC-8),"west fork beaver creek, upstream of marathon road",Beaver Creek,STREAM,MAIN,TRUE,TRUE,TBD,FALSE
2022-08-06T17:30:00Z,15.963,beaver_creek_usgs_temp_3,60.65107,-151.09076,US/Alaska (UTC-9 / UTC-8),"west fork beaver creek, upstream of marathon road",Beaver Creek,STREAM,MAIN,TRUE,TRUE,TBD,FALSE
2022-08-06T17:45:00Z,15.986,beaver_creek_usgs_temp_3,60.65107,-151.09076,US/Alaska (UTC-9 / UTC-8),"west fork beaver creek, upstream of marathon road",Beaver Creek,STREAM,MAIN,TRUE,TRUE,TBD,FALSE
2022-08-06T18:00:00Z,15.986,beaver_creek_usgs_temp_3,60.65107,-151.09076,US/Alaska (UTC-9 / UTC-8),"west fork beaver creek, upstream of marathon road",Beaver Creek,STREAM,MAIN,TRUE,TRUE,TBD,FALSE
2022-08-06T18:15:00Z,15.963,beaver_creek_usgs_temp_3,60.65107,-151.09076,US/Alaska (UTC-9 / UTC-8),"west fork beaver creek, upstream of marathon road",Beaver Creek,STREAM,MAIN,TRUE,TRUE,TBD,FALSE
2022-08-06T18:30:00Z,15.915,beaver_creek_usgs_temp_3,60.65107,-151.09076,US/Alaska (UTC-9 / UTC-8),"west fork beaver creek, upstream of marathon road",Beaver Creek,STREAM,MAIN,TRUE,TRUE,TBD,FALSE
2022-08-06T18:45:00Z,15.867,beaver_creek_usgs_temp_3,60.65107,-151.09076,US/Alaska (UTC-9 / UTC-8),"west fork beaver creek, upstream of marathon road",Beaver Creek,STREAM,MAIN,TRUE,TRUE,TBD,FALSE
2022-08-06T19:00:00Z,15.819,beaver_creek_usgs_temp_3,60.65107,-151.09076,US/Alaska (UTC-9 / UTC-8),"west fork beaver creek, upstream of marathon road",Beaver Creek,STREAM,MAIN,TRUE,TRUE,TBD,FALSE
2022-08-06T19:15:00Z,15.796,beaver_creek_usgs_temp_3,60.65107,-151.09076,US/Alaska (UTC-9 / UTC-8),"west fork beaver creek, upstream of marathon road",Beaver Creek,STREAM,MAIN,TRUE,TRUE,TBD,FALSE
2022-08-06T19:30:00Z,15.724,beaver_creek_usgs_temp_3,60.65107,-151.09076,US/Alaska (UTC-9 / UTC-8),"west fork beaver creek, upstream of marathon road",Beaver Creek,STREAM,MAIN,TRUE,TRUE,TBD,FALSE
2022-08-06T19:45:00Z,15.652,beaver_creek_usgs_temp_3,60.65107,-151.09076,US/Alaska (UTC-9 / UTC-8),"west fork beaver creek, upstream of marathon road",Beaver Creek,STREAM,MAIN,TRUE,TRUE,TBD,FALSE
2022-08-06T20:00:00Z,15.581,beaver_creek_usgs_temp_3,60.65107,-151.09076,US/Alaska (UTC-9 / UTC-8),"west fork beaver creek, upstream of marathon road",Beaver Creek,STREAM,MAIN,TRUE,TRUE,TBD,FALSE
2022-08-06T20:15:00Z,15.557,beaver_creek_usgs_temp_3,60.65107,-151.09076,US/Alaska (UTC-9 / UTC-8),"west fork beaver creek, upstream of marathon road",Beaver Creek,STREAM,MAIN,TRUE,TRUE,TBD,FALSE
2022-08-06T20:30:00Z,15.533,beaver_creek_usgs_temp_3,60.65107,-151.09076,US/Alaska (UTC-9 / UTC-8),"west fork beaver creek, upstream of marathon road",Beaver Creek,STREAM,MAIN,TRUE,TRUE,TBD,FALSE
2022-08-06T20:45:00Z,15.485,beaver_creek_usgs_temp_3,60.65107,-151.09076,US/Alaska (UTC-9 / UTC-8),"west fork beaver creek, upstream of marathon road",Beaver Creek,STREAM,MAIN,TRUE,TRUE,TBD,FALSE
2022-08-06T21:00:00Z,15.438,beaver_creek_usgs_temp_3,60.65107,-151.09076,US/Alaska (UTC-9 / UTC-8),"west fork beaver creek, upstream of marathon road",Beaver Creek,STREAM,MAIN,TRUE,TRUE,TBD,FALSE
2022-08-06T21:15:00Z,15.414,beaver_creek_usgs_temp_3,60.65107,-151.09076,US/Alaska (UTC-9 / UTC-8),"west fork beaver creek, upstream of marathon road",Beaver Creek,STREAM,MAIN,TRUE,TRUE,TBD,FALSE
2022-08-06T21:30:00Z,15.366,beaver_creek_usgs_temp_3,60.65107,-151.09076,US/Alaska (UTC-9 / UTC-8),"west fork beaver creek, upstream of marathon road",Beaver Creek,STREAM,MAIN,TRUE,TRUE,TBD,FALSE
2022-08-06T21:45:00Z,15.318,beaver_creek_usgs_temp_3,60.65107,-151.09076,US/Alaska (UTC-9 / UTC-8),"west fork beaver creek, upstream of marathon road",Beaver Creek,STREAM,MAIN,TRUE,TRUE,TBD,FALSE
2022-08-06T22:00:00Z,15.294,beaver_creek_usgs_temp_3,60.65107,-151.09076,US/Alaska (UTC-9 / UTC-8),"west fork beaver creek, upstream of marathon road",Beaver Creek,STREAM,MAIN,TRUE,TRUE,TBD,FALSE
2022-08-06T22:15:00Z,15.223,beaver_creek_usgs_temp_3,60.65107,-151.09076,US/Alaska (UTC-9 / UTC-8),"west fork beaver creek, upstream of marathon road",Beaver Creek,STREAM,MAIN,TRUE,TRUE,TBD,FALSE
2022-08-06T22:30:00Z,15.151,beaver_creek_usgs_temp_3,60.65107,-151.09076,US/Alaska (UTC-9 / UTC-8),"west fork beaver creek, upstream of marathon road",Beaver Creek,STREAM,MAIN,TRUE,TRUE,TBD,FALSE
2022-08-06T22:45:00Z,15.103,beaver_creek_usgs_temp_3,60.65107,-151.09076,US/Alaska (UTC-9 / UTC-8),"west fork beaver creek, upstream of marathon road",Beaver Creek,STREAM,MAIN,TRUE,TRUE,TBD,FALSE
2022-08-06T23:00:00Z,15.008,beaver_creek_usgs_temp_3,60.65107,-151.09076,US/Alaska (UTC-9 / UTC-8),"west fork beaver creek, upstream of marathon road",Beaver Creek,STREAM,MAIN,TRUE,TRUE,TBD,FALSE
2022-08-06T23:15:00Z,14.912,beaver_creek_usgs_temp_3,60.65107,-151.09076,US/Alaska (UTC-9 / UTC-8),"west fork beaver creek, upstream of marathon road",Beaver Creek,STREAM,MAIN,TRUE,TRUE,TBD,FALSE
2022-08-06T23:30:00Z,14.84,beaver_creek_usgs_temp_3,60.65107,-151.09076,US/Alaska (UTC-9 / UTC-8),"west fork beaver creek, upstream of marathon road",Beaver Creek,STREAM,MAIN,TRUE,TRUE,TBD,FALSE
2022-08-06T23:45:00Z,14.745,beaver_creek_usgs_temp_3,60.65107,-151.09076,US/Alaska (UTC-9 / UTC-8),"west fork beaver creek, upstream of marathon road",Beaver Creek,STREAM,MAIN,TRUE,TRUE,TBD,FALSE
2022-08-07T00:00:00Z,14.673,beaver_creek_usgs_temp_3,60.65107,-151.09076,US/Alaska (UTC-9 / UTC-8),"west fork beaver creek, upstream of marathon road",Beaver Creek,STREAM,MAIN,TRUE,TRUE,TBD,FALSE
2022-08-07T00:15:00Z,14.577,beaver_creek_usgs_temp_3,60.65107,-151.09076,US/Alaska (UTC-9 / UTC-8),"west fork beaver creek, upstream of marathon road",Beaver Creek,STREAM,MAIN,TRUE,TRUE,TBD,FALSE
2022-08-07T00:30:00Z,14.481,beaver_creek_usgs_temp_3,60.65107,-151.09076,US/Alaska (UTC-9 / UTC-8),"west fork beaver creek, upstream of marathon road",Beaver Creek,STREAM,MAIN,TRUE,TRUE,TBD,FALSE
2022-08-07T00:45:00Z,14.409,beaver_creek_usgs_temp_3,60.65107,-151.09076,US/Alaska (UTC-9 / UTC-8),"west fork beaver creek, upstream of marathon road",Beaver Creek,STREAM,MAIN,TRUE,TRUE,TBD,FALSE
2022-08-07T01:00:00Z,14.314,beaver_creek_usgs_temp_3,60.65107,-151.09076,US/Alaska (UTC-9 / UTC-8),"west fork beaver creek, upstream of marathon road",Beaver Creek,STREAM,MAIN,TRUE,TRUE,TBD,FALSE
2022-08-07T01:15:00Z,14.242,beaver_creek_usgs_temp_3,60.65107,-151.09076,US/Alaska (UTC-9 / UTC-8),"west fork beaver creek, upstream of marathon road",Beaver Creek,STREAM,MAIN,TRUE,TRUE,TBD,FALSE
2022-08-07T01:30:00Z,14.146,beaver_creek_usgs_temp_3,60.65107,-151.09076,US/Alaska (UTC-9 / UTC-8),"west fork beaver creek, upstream of marathon road",Beaver Creek,STREAM,MAIN,TRUE,TRUE,TBD,FALSE
2022-08-07T01:45:00Z,14.05,beaver_creek_usgs_temp_3,60.65107,-151.09076,US/Alaska (UTC-9 / UTC-8),"west fork beaver creek, upstream of marathon road",Beaver Creek,STREAM,MAIN,TRUE,TRUE,TBD,FALSE
2022-08-07T02:00:00Z,13.978,beaver_creek_usgs_temp_3,60.65107,-151.09076,US/Alaska (UTC-9 / UTC-8),"west fork beaver creek, upstream of marathon road",Beaver Creek,STREAM,MAIN,TRUE,TRUE,TBD,FALSE
2022-08-07T02:15:00Z,13.93,beaver_creek_usgs_temp_3,60.65107,-151.09076,US/Alaska (UTC-9 / UTC-8),"west fork beaver creek, upstream of marathon road",Beaver Creek,STREAM,MAIN,TRUE,TRUE,TBD,FALSE
2022-08-07T02:30:00Z,13.906,beaver_creek_usgs_temp_3,60.65107,-151.09076,US/Alaska (UTC-9 / UTC-8),"west fork beaver creek, upstream of marathon road",Beaver Creek,STREAM,MAIN,TRUE,TRUE,TBD,FALSE
2022-08-07T02:45:00Z,13.858,beaver_creek_usgs_temp_3,60.65107,-151.09076,US/Alaska (UTC-9 / UTC-8),"west fork beaver creek, upstream of marathon road",Beaver Creek,STREAM,MAIN,TRUE,TRUE,TBD,FALSE
2022-08-07T03:00:00Z,13.81,beaver_creek_usgs_temp_3,60.65107,-151.09076,US/Alaska (UTC-9 / UTC-8),"west fork beaver creek, upstream of marathon road",Beaver Creek,STREAM,MAIN,TRUE,TRUE,TBD,FALSE
2022-08-07T03:15:00Z,13.762,beaver_creek_usgs_temp_3,60.65107,-151.09076,US/Alaska (UTC-9 / UTC-8),"west fork beaver creek, upstream of marathon road",Beaver Creek,STREAM,MAIN,TRUE,TRUE,TBD,FALSE
2022-08-07T03:30:00Z,13.714,beaver_creek_usgs_temp_3,60.65107,-151.09076,US/Alaska (UTC-9 / UTC-8),"west fork beaver creek, upstream of marathon road",Beaver Creek,STREAM,MAIN,TRUE,TRUE,TBD,FALSE
2022-08-07T03:45:00Z,13.642,beaver_creek_usgs_temp_3,60.65107,-151.09076,US/Alaska (UTC-9 / UTC-8),"west fork beaver creek, upstream of marathon road",Beaver Creek,STREAM,MAIN,TRUE,TRUE,TBD,FALSE
2022-08-07T04:00:00Z,13.594,beaver_creek_usgs_temp_3,60.65107,-151.09076,US/Alaska (UTC-9 / UTC-8),"west fork beaver creek, upstream of marathon road",Beaver Creek,STREAM,MAIN,TRUE,TRUE,TBD,FALSE
2022-08-07T04:15:00Z,13.546,beaver_creek_usgs_temp_3,60.65107,-151.09076,US/Alaska (UTC-9 / UTC-8),"west fork beaver creek, upstream of marathon road",Beaver Creek,STREAM,MAIN,TRUE,TRUE,TBD,FALSE
2022-08-07T04:30:00Z,13.473,beaver_creek_usgs_temp_3,60.65107,-151.09076,US/Alaska (UTC-9 / UTC-8),"west fork beaver creek, upstream of marathon road",Beaver Creek,STREAM,MAIN,TRUE,TRUE,TBD,FALSE
2022-08-07T04:45:00Z,13.425,beaver_creek_usgs_temp_3,60.65107,-151.09076,US/Alaska (UTC-9 / UTC-8),"west fork beaver creek, upstream of marathon road",Beaver Creek,STREAM,MAIN,TRUE,TRUE,TBD,FALSE
2022-08-07T05:00:00Z,13.377,beaver_creek_usgs_temp_3,60.65107,-151.09076,US/Alaska (UTC-9 / UTC-8),"west fork beaver creek, upstream of marathon road",Beaver Creek,STREAM,MAIN,TRUE,TRUE,TBD,FALSE
2022-08-07T05:15:00Z,13.353,beaver_creek_usgs_temp_3,60.65107,-151.09076,US/Alaska (UTC-9 / UTC-8),"west fork beaver creek, upstream of marathon road",Beaver Creek,STREAM,MAIN,TRUE,TRUE,TBD,FALSE
2022-08-07T05:30:00Z,13.305,beaver_creek_usgs_temp_3,60.65107,-151.09076,US/Alaska (UTC-9 / UTC-8),"west fork beaver creek, upstream of marathon road",Beaver Creek,STREAM,MAIN,TRUE,TRUE,TBD,FALSE
2022-08-07T05:45:00Z,13.281,beaver_creek_usgs_temp_3,60.65107,-151.09076,US/Alaska (UTC-9 / UTC-8),"west fork beaver creek, upstream of marathon road",Beaver Creek,STREAM,MAIN,TRUE,TRUE,TBD,FALSE
2022-08-07T06:00:00Z,13.233,beaver_creek_usgs_temp_3,60.65107,-151.09076,US/Alaska (UTC-9 / UTC-8),"west fork beaver creek, upstream of marathon road",Beaver Creek,STREAM,MAIN,TRUE,TRUE,TBD,FALSE
2022-08-07T06:15:00Z,13.209,beaver_creek_usgs_temp_3,60.65107,-151.09076,US/Alaska (UTC-9 / UTC-8),"west fork beaver creek, upstream of marathon road",Beaver Creek,STREAM,MAIN,TRUE,TRUE,TBD,FALSE
2022-08-07T06:30:00Z,13.185,beaver_creek_usgs_temp_3,60.65107,-151.09076,US/Alaska (UTC-9 / UTC-8),"west fork beaver creek, upstream of marathon road",Beaver Creek,STREAM,MAIN,TRUE,TRUE,TBD,FALSE
2022-08-07T06:45:00Z,13.161,beaver_creek_usgs_temp_3,60.65107,-151.09076,US/Alaska (UTC-9 / UTC-8),"west fork beaver creek, upstream of marathon road",Beaver Creek,STREAM,MAIN,TRUE,TRUE,TBD,FALSE
2022-08-07T07:00:00Z,13.161,beaver_creek_usgs_temp_3,60.65107,-151.09076,US/Alaska (UTC-9 / UTC-8),"west fork beaver creek, upstream of marathon road",Beaver Creek,STREAM,MAIN,TRUE,TRUE,TBD,FALSE
2022-08-07T07:15:00Z,13.137,beaver_creek_usgs_temp_3,60.65107,-151.09076,US/Alaska (UTC-9 / UTC-8),"west fork beaver creek, upstream of marathon road",Beaver Creek,STREAM,MAIN,TRUE,TRUE,TBD,FALSE
2022-08-07T07:30:00Z,13.137,beaver_creek_usgs_temp_3,60.65107,-151.09076,US/Alaska (UTC-9 / UTC-8),"west fork beaver creek, upstream of marathon road",Beaver Creek,STREAM,MAIN,TRUE,TRUE,TBD,FALSE
2022-08-07T07:45:00Z,13.137,beaver_creek_usgs_temp_3,60.65107,-151.09076,US/Alaska (UTC-9 / UTC-8),"west fork beaver creek, upstream of marathon road",Beaver Creek,STREAM,MAIN,TRUE,TRUE,TBD,FALSE
2022-08-07T08:00:00Z,13.137,beaver_creek_usgs_temp_3,60.65107,-151.09076,US/Alaska (UTC-9 / UTC-8),"west fork beaver creek, upstream of marathon road",Beaver Creek,STREAM,MAIN,TRUE,TRUE,TBD,FALSE
2022-08-07T08:15:00Z,13.137,beaver_creek_usgs_temp_3,60.65107,-151.09076,US/Alaska (UTC-9 / UTC-8),"west fork beaver creek, upstream of marathon road",Beaver Creek,STREAM,MAIN,TRUE,TRUE,TBD,FALSE
2022-08-07T08:30:00Z,13.137,beaver_creek_usgs_temp_3,60.65107,-151.09076,US/Alaska (UTC-9 / UTC-8),"west fork beaver creek, upstream of marathon road",Beaver Creek,STREAM,MAIN,TRUE,TRUE,TBD,FALSE
2022-08-07T08:45:00Z,13.185,beaver_creek_usgs_temp_3,60.65107,-151.09076,US/Alaska (UTC-9 / UTC-8),"west fork beaver creek, upstream of marathon road",Beaver Creek,STREAM,MAIN,TRUE,TRUE,TBD,FALSE
2022-08-07T09:00:00Z,13.209,beaver_creek_usgs_temp_3,60.65107,-151.09076,US/Alaska (UTC-9 / UTC-8),"west fork beaver creek, upstream of marathon road",Beaver Creek,STREAM,MAIN,TRUE,TRUE,TBD,FALSE
2022-08-07T09:15:00Z,13.257,beaver_creek_usgs_temp_3,60.65107,-151.09076,US/Alaska (UTC-9 / UTC-8),"west fork beaver creek, upstream of marathon road",Beaver Creek,STREAM,MAIN,TRUE,TRUE,TBD,FALSE
2022-08-07T09:30:00Z,13.305,beaver_creek_usgs_temp_3,60.65107,-151.09076,US/Alaska (UTC-9 / UTC-8),"west fork beaver creek, upstream of marathon road",Beaver Creek,STREAM,MAIN,TRUE,TRUE,TBD,FALSE
2022-08-07T09:45:00Z,13.377,beaver_creek_usgs_temp_3,60.65107,-151.09076,US/Alaska (UTC-9 / UTC-8),"west fork beaver creek, upstream of marathon road",Beaver Creek,STREAM,MAIN,TRUE,TRUE,TBD,FALSE
2022-08-07T10:00:00Z,13.425,beaver_creek_usgs_temp_3,60.65107,-151.09076,US/Alaska (UTC-9 / UTC-8),"west fork beaver creek, upstream of marathon road",Beaver Creek,STREAM,MAIN,TRUE,TRUE,TBD,FALSE
2022-08-07T10:15:00Z,13.522,beaver_creek_usgs_temp_3,60.65107,-151.09076,US/Alaska (UTC-9 / UTC-8),"west fork beaver creek, upstream of marathon road",Beaver Creek,STREAM,MAIN,TRUE,TRUE,TBD,FALSE
2022-08-07T10:30:00Z,13.618,beaver_creek_usgs_temp_3,60.65107,-151.09076,US/Alaska (UTC-9 / UTC-8),"west fork beaver creek, upstream of marathon road",Beaver Creek,STREAM,MAIN,TRUE,TRUE,TBD,FALSE
2022-08-07T10:45:00Z,13.714,beaver_creek_usgs_temp_3,60.65107,-151.09076,US/Alaska (UTC-9 / UTC-8),"west fork beaver creek, upstream of marathon road",Beaver Creek,STREAM,MAIN,TRUE,TRUE,TBD,FALSE
2022-08-07T11:00:00Z,13.81,beaver_creek_usgs_temp_3,60.65107,-151.09076,US/Alaska (UTC-9 / UTC-8),"west fork beaver creek, upstream of marathon road",Beaver Creek,STREAM,MAIN,TRUE,TRUE,TBD,FALSE
2022-08-07T11:15:00Z,13.858,beaver_creek_usgs_temp_3,60.65107,-151.09076,US/Alaska (UTC-9 / UTC-8),"west fork beaver creek, upstream of marathon road",Beaver Creek,STREAM,MAIN,TRUE,TRUE,TBD,FALSE
2022-08-07T11:30:00Z,13.906,beaver_creek_usgs_temp_3,60.65107,-151.09076,US/Alaska (UTC-9 / UTC-8),"west fork beaver creek, upstream of marathon road",Beaver Creek,STREAM,MAIN,TRUE,TRUE,TBD,FALSE
2022-08-07T11:45:00Z,13.954,beaver_creek_usgs_temp_3,60.65107,-151.09076,US/Alaska (UTC-9 / UTC-8),"west fork beaver creek, upstream of marathon road",Beaver Creek,STREAM,MAIN,TRUE,TRUE,TBD,FALSE
2022-08-07T12:00:00Z,14.002,beaver_creek_usgs_temp_3,60.65107,-151.09076,US/Alaska (UTC-9 / UTC-8),"west fork beaver creek, upstream of marathon road",Beaver Creek,STREAM,MAIN,TRUE,TRUE,TBD,FALSE
2022-08-07T12:15:00Z,14.026,beaver_creek_usgs_temp_3,60.65107,-151.09076,US/Alaska (UTC-9 / UTC-8),"west fork beaver creek, upstream of marathon road",Beaver Creek,STREAM,MAIN,TRUE,TRUE,TBD,FALSE
2022-08-07T12:30:00Z,14.074,beaver_creek_usgs_temp_3,60.65107,-151.09076,US/Alaska (UTC-9 / UTC-8),"west fork beaver creek, upstream of marathon road",Beaver Creek,STREAM,MAIN,TRUE,TRUE,TBD,FALSE
2022-08-07T12:45:00Z,14.098,beaver_creek_usgs_temp_3,60.65107,-151.09076,US/Alaska (UTC-9 / UTC-8),"west fork beaver creek, upstream of marathon road",Beaver Creek,STREAM,MAIN,TRUE,TRUE,TBD,FALSE
2022-08-07T13:00:00Z,14.194,beaver_creek_usgs_temp_3,60.65107,-151.09076,US/Alaska (UTC-9 / UTC-8),"west fork beaver creek, upstream of marathon road",Beaver Creek,STREAM,MAIN,TRUE,TRUE,TBD,FALSE
2022-08-07T13:15:00Z,14.29,beaver_creek_usgs_temp_3,60.65107,-151.09076,US/Alaska (UTC-9 / UTC-8),"west fork beaver creek, upstream of marathon road",Beaver Creek,STREAM,MAIN,TRUE,TRUE,TBD,FALSE
2022-08-07T13:30:00Z,14.433,beaver_creek_usgs_temp_3,60.65107,-151.09076,US/Alaska (UTC-9 / UTC-8),"west fork beaver creek, upstream of marathon road",Beaver Creek,STREAM,MAIN,TRUE,TRUE,TBD,FALSE
2022-08-07T13:45:00Z,14.577,beaver_creek_usgs_temp_3,60.65107,-151.09076,US/Alaska (UTC-9 / UTC-8),"west fork beaver creek, upstream of marathon road",Beaver Creek,STREAM,MAIN,TRUE,TRUE,TBD,FALSE
2022-08-07T14:00:00Z,14.673,beaver_creek_usgs_temp_3,60.65107,-151.09076,US/Alaska (UTC-9 / UTC-8),"west fork beaver creek, upstream of marathon road",Beaver Creek,STREAM,MAIN,TRUE,TRUE,TBD,FALSE
2022-08-07T14:15:00Z,14.721,beaver_creek_usgs_temp_3,60.65107,-151.09076,US/Alaska (UTC-9 / UTC-8),"west fork beaver creek, upstream of marathon road",Beaver Creek,STREAM,MAIN,TRUE,TRUE,TBD,FALSE
2022-08-07T14:30:00Z,14.721,beaver_creek_usgs_temp_3,60.65107,-151.09076,US/Alaska (UTC-9 / UTC-8),"west fork beaver creek, upstream of marathon road",Beaver Creek,STREAM,MAIN,TRUE,TRUE,TBD,FALSE
2022-08-07T14:45:00Z,14.673,beaver_creek_usgs_temp_3,60.65107,-151.09076,US/Alaska (UTC-9 / UTC-8),"west fork beaver creek, upstream of marathon road",Beaver Creek,STREAM,MAIN,TRUE,TRUE,TBD,FALSE
2022-08-07T15:00:00Z,14.649,beaver_creek_usgs_temp_3,60.65107,-151.09076,US/Alaska (UTC-9 / UTC-8),"west fork beaver creek, upstream of marathon road",Beaver Creek,STREAM,MAIN,TRUE,TRUE,TBD,FALSE
2022-08-07T15:15:00Z,14.577,beaver_creek_usgs_temp_3,60.65107,-151.09076,US/Alaska (UTC-9 / UTC-8),"west fork beaver creek, upstream of marathon road",Beaver Creek,STREAM,MAIN,TRUE,TRUE,TBD,FALSE
2022-08-07T15:30:00Z,14.505,beaver_creek_usgs_temp_3,60.65107,-151.09076,US/Alaska (UTC-9 / UTC-8),"west fork beaver creek, upstream of marathon road",Beaver Creek,STREAM,MAIN,TRUE,TRUE,TBD,FALSE
2022-08-07T15:45:00Z,14.409,beaver_creek_usgs_temp_3,60.65107,-151.09076,US/Alaska (UTC-9 / UTC-8),"west fork beaver creek, upstream of marathon road",Beaver Creek,STREAM,MAIN,TRUE,TRUE,TBD,FALSE
2022-08-07T16:00:00Z,14.337,beaver_creek_usgs_temp_3,60.65107,-151.09076,US/Alaska (UTC-9 / UTC-8),"west fork beaver creek, upstream of marathon road",Beaver Creek,STREAM,MAIN,TRUE,TRUE,TBD,FALSE
2022-08-07T16:15:00Z,14.29,beaver_creek_usgs_temp_3,60.65107,-151.09076,US/Alaska (UTC-9 / UTC-8),"west fork beaver creek, upstream of marathon road",Beaver Creek,STREAM,MAIN,TRUE,TRUE,TBD,FALSE
2022-08-07T16:30:00Z,14.242,beaver_creek_usgs_temp_3,60.65107,-151.09076,US/Alaska (UTC-9 / UTC-8),"west fork beaver creek, upstream of marathon road",Beaver Creek,STREAM,MAIN,TRUE,TRUE,TBD,FALSE
2022-08-07T16:45:00Z,14.242,beaver_creek_usgs_temp_3,60.65107,-151.09076,US/Alaska (UTC-9 / UTC-8),"west fork beaver creek, upstream of marathon road",Beaver Creek,STREAM,MAIN,TRUE,TRUE,TBD,FALSE
2022-08-07T17:00:00Z,14.218,beaver_creek_usgs_temp_3,60.65107,-151.09076,US/Alaska (UTC-9 / UTC-8),"west fork beaver creek, upstream of marathon road",Beaver Creek,STREAM,MAIN,TRUE,TRUE,TBD,FALSE
2022-08-07T17:15:00Z,14.194,beaver_creek_usgs_temp_3,60.65107,-151.09076,US/Alaska (UTC-9 / UTC-8),"west fork beaver creek, upstream of marathon road",Beaver Creek,STREAM,MAIN,TRUE,TRUE,TBD,FALSE
2022-08-07T17:30:00Z,14.194,beaver_creek_usgs_temp_3,60.65107,-151.09076,US/Alaska (UTC-9 / UTC-8),"west fork beaver creek, upstream of marathon road",Beaver Creek,STREAM,MAIN,TRUE,TRUE,TBD,FALSE
2022-08-07T17:45:00Z,14.146,beaver_creek_usgs_temp_3,60.65107,-151.09076,US/Alaska (UTC-9 / UTC-8),"west fork beaver creek, upstream of marathon road",Beaver Creek,STREAM,MAIN,TRUE,TRUE,TBD,FALSE
2022-08-07T18:00:00Z,14.146,beaver_creek_usgs_temp_3,60.65107,-151.09076,US/Alaska (UTC-9 / UTC-8),"west fork beaver creek, upstream of marathon road",Beaver Creek,STREAM,MAIN,TRUE,TRUE,TBD,FALSE
2022-08-07T18:15:00Z,14.122,beaver_creek_usgs_temp_3,60.65107,-151.09076,US/Alaska (UTC-9 / UTC-8),"west fork beaver creek, upstream of marathon road",Beaver Creek,STREAM,MAIN,TRUE,TRUE,TBD,FALSE
2022-08-07T18:30:00Z,14.122,beaver_creek_usgs_temp_3,60.65107,-151.09076,US/Alaska (UTC-9 / UTC-8),"west fork beaver creek, upstream of marathon road",Beaver Creek,STREAM,MAIN,TRUE,TRUE,TBD,FALSE
2022-08-07T18:45:00Z,14.098,beaver_creek_usgs_temp_3,60.65107,-151.09076,US/Alaska (UTC-9 / UTC-8),"west fork beaver creek, upstream of marathon road",Beaver Creek,STREAM,MAIN,TRUE,TRUE,TBD,FALSE
2022-08-07T19:00:00Z,14.098,beaver_creek_usgs_temp_3,60.65107,-151.09076,US/Alaska (UTC-9 / UTC-8),"west fork beaver creek, upstream of marathon road",Beaver Creek,STREAM,MAIN,TRUE,TRUE,TBD,FALSE
2022-08-07T19:15:00Z,14.05,beaver_creek_usgs_temp_3,60.65107,-151.09076,US/Alaska (UTC-9 / UTC-8),"west fork beaver creek, upstream of marathon road",Beaver Creek,STREAM,MAIN,TRUE,TRUE,TBD,FALSE
2022-08-07T19:30:00Z,14.026,beaver_creek_usgs_temp_3,60.65107,-151.09076,US/Alaska (UTC-9 / UTC-8),"west fork beaver creek, upstream of marathon road",Beaver Creek,STREAM,MAIN,TRUE,TRUE,TBD,FALSE
2022-08-07T19:45:00Z,14.002,beaver_creek_usgs_temp_3,60.65107,-151.09076,US/Alaska (UTC-9 / UTC-8),"west fork beaver creek, upstream of marathon road",Beaver Creek,STREAM,MAIN,TRUE,TRUE,TBD,FALSE
2022-08-07T20:00:00Z,13.954,beaver_creek_usgs_temp_3,60.65107,-151.09076,US/Alaska (UTC-9 / UTC-8),"west fork beaver creek, upstream of marathon road",Beaver Creek,STREAM,MAIN,TRUE,TRUE,TBD,FALSE
2022-08-07T20:15:00Z,13.882,beaver_creek_usgs_temp_3,60.65107,-151.09076,US/Alaska (UTC-9 / UTC-8),"west fork beaver creek, upstream of marathon road",Beaver Creek,STREAM,MAIN,TRUE,TRUE,TBD,FALSE
2022-08-07T20:30:00Z,13.834,beaver_creek_usgs_temp_3,60.65107,-151.09076,US/Alaska (UTC-9 / UTC-8),"west fork beaver creek, upstream of marathon road",Beaver Creek,STREAM,MAIN,TRUE,TRUE,TBD,FALSE
2022-08-07T20:45:00Z,13.786,beaver_creek_usgs_temp_3,60.65107,-151.09076,US/Alaska (UTC-9 / UTC-8),"west fork beaver creek, upstream of marathon road",Beaver Creek,STREAM,MAIN,TRUE,TRUE,TBD,FALSE
2022-08-07T21:00:00Z,13.738,beaver_creek_usgs_temp_3,60.65107,-151.09076,US/Alaska (UTC-9 / UTC-8),"west fork beaver creek, upstream of marathon road",Beaver Creek,STREAM,MAIN,TRUE,TRUE,TBD,FALSE
2022-08-07T21:15:00Z,13.69,beaver_creek_usgs_temp_3,60.65107,-151.09076,US/Alaska (UTC-9 / UTC-8),"west fork beaver creek, upstream of marathon road",Beaver Creek,STREAM,MAIN,TRUE,TRUE,TBD,FALSE
2022-08-07T21:30:00Z,13.642,beaver_creek_usgs_temp_3,60.65107,-151.09076,US/Alaska (UTC-9 / UTC-8),"west fork beaver creek, upstream of marathon road",Beaver Creek,STREAM,MAIN,TRUE,TRUE,TBD,FALSE
2022-08-07T21:45:00Z,13.594,beaver_creek_usgs_temp_3,60.65107,-151.09076,US/Alaska (UTC-9 / UTC-8),"west fork beaver creek, upstream of marathon road",Beaver Creek,STREAM,MAIN,TRUE,TRUE,TBD,FALSE
2022-08-07T22:00:00Z,13.546,beaver_creek_usgs_temp_3,60.65107,-151.09076,US/Alaska (UTC-9 / UTC-8),"west fork beaver creek, upstream of marathon road",Beaver Creek,STREAM,MAIN,TRUE,TRUE,TBD,FALSE
2022-08-07T22:15:00Z,13.522,beaver_creek_usgs_temp_3,60.65107,-151.09076,US/Alaska (UTC-9 / UTC-8),"west fork beaver creek, upstream of marathon road",Beaver Creek,STREAM,MAIN,TRUE,TRUE,TBD,FALSE
2022-08-07T22:30:00Z,13.473,beaver_creek_usgs_temp_3,60.65107,-151.09076,US/Alaska (UTC-9 / UTC-8),"west fork beaver creek, upstream of marathon road",Beaver Creek,STREAM,MAIN,TRUE,TRUE,TBD,FALSE
2022-08-07T22:45:00Z,13.449,beaver_creek_usgs_temp_3,60.65107,-151.09076,US/Alaska (UTC-9 / UTC-8),"west fork beaver creek, upstream of marathon road",Beaver Creek,STREAM,MAIN,TRUE,TRUE,TBD,FALSE
2022-08-07T23:00:00Z,13.425,beaver_creek_usgs_temp_3,60.65107,-151.09076,US/Alaska (UTC-9 / UTC-8),"west fork beaver creek, upstream of marathon road",Beaver Creek,STREAM,MAIN,TRUE,TRUE,TBD,FALSE
2022-08-07T23:15:00Z,13.377,beaver_creek_usgs_temp_3,60.65107,-151.09076,US/Alaska (UTC-9 / UTC-8),"west fork beaver creek, upstream of marathon road",Beaver Creek,STREAM,MAIN,TRUE,TRUE,TBD,FALSE
2022-08-07T23:30:00Z,13.353,beaver_creek_usgs_temp_3,60.65107,-151.09076,US/Alaska (UTC-9 / UTC-8),"west fork beaver creek, upstream of marathon road",Beaver Creek,STREAM,MAIN,TRUE,TRUE,TBD,FALSE
2022-08-07T23:45:00Z,13.329,beaver_creek_usgs_temp_3,60.65107,-151.09076,US/Alaska (UTC-9 / UTC-8),"west fork beaver creek, upstream of marathon road",Beaver Creek,STREAM,MAIN,TRUE,TRUE,TBD,FALSE
2022-08-08T00:00:00Z,13.281,beaver_creek_usgs_temp_3,60.65107,-151.09076,US/Alaska (UTC-9 / UTC-8),"west fork beaver creek, upstream of marathon road",Beaver Creek,STREAM,MAIN,TRUE,TRUE,TBD,FALSE
2022-08-08T00:15:00Z,13.257,beaver_creek_usgs_temp_3,60.65107,-151.09076,US/Alaska (UTC-9 / UTC-8),"west fork beaver creek, upstream of marathon road",Beaver Creek,STREAM,MAIN,TRUE,TRUE,TBD,FALSE
2022-08-08T00:30:00Z,13.233,beaver_creek_usgs_temp_3,60.65107,-151.09076,US/Alaska (UTC-9 / UTC-8),"west fork beaver creek, upstream of marathon road",Beaver Creek,STREAM,MAIN,TRUE,TRUE,TBD,FALSE
2022-08-08T00:45:00Z,13.209,beaver_creek_usgs_temp_3,60.65107,-151.09076,US/Alaska (UTC-9 / UTC-8),"west fork beaver creek, upstream of marathon road",Beaver Creek,STREAM,MAIN,TRUE,TRUE,TBD,FALSE
2022-08-08T01:00:00Z,13.185,beaver_creek_usgs_temp_3,60.65107,-151.09076,US/Alaska (UTC-9 / UTC-8),"west fork beaver creek, upstream of marathon road",Beaver Creek,STREAM,MAIN,TRUE,TRUE,TBD,FALSE
2022-08-08T01:15:00Z,13.161,beaver_creek_usgs_temp_3,60.65107,-151.09076,US/Alaska (UTC-9 / UTC-8),"west fork beaver creek, upstream of marathon road",Beaver Creek,STREAM,MAIN,TRUE,TRUE,TBD,FALSE
2022-08-08T01:30:00Z,13.137,beaver_creek_usgs_temp_3,60.65107,-151.09076,US/Alaska (UTC-9 / UTC-8),"west fork beaver creek, upstream of marathon road",Beaver Creek,STREAM,MAIN,TRUE,TRUE,TBD,FALSE
2022-08-08T01:45:00Z,13.137,beaver_creek_usgs_temp_3,60.65107,-151.09076,US/Alaska (UTC-9 / UTC-8),"west fork beaver creek, upstream of marathon road",Beaver Creek,STREAM,MAIN,TRUE,TRUE,TBD,FALSE
2022-08-08T02:00:00Z,13.112,beaver_creek_usgs_temp_3,60.65107,-151.09076,US/Alaska (UTC-9 / UTC-8),"west fork beaver creek, upstream of marathon road",Beaver Creek,STREAM,MAIN,TRUE,TRUE,TBD,FALSE
2022-08-08T02:15:00Z,13.088,beaver_creek_usgs_temp_3,60.65107,-151.09076,US/Alaska (UTC-9 / UTC-8),"west fork beaver creek, upstream of marathon road",Beaver Creek,STREAM,MAIN,TRUE,TRUE,TBD,FALSE
2022-08-08T02:30:00Z,13.064,beaver_creek_usgs_temp_3,60.65107,-151.09076,US/Alaska (UTC-9 / UTC-8),"west fork beaver creek, upstream of marathon road",Beaver Creek,STREAM,MAIN,TRUE,TRUE,TBD,FALSE
2022-08-08T02:45:00Z,13.04,beaver_creek_usgs_temp_3,60.65107,-151.09076,US/Alaska (UTC-9 / UTC-8),"west fork beaver creek, upstream of marathon road",Beaver Creek,STREAM,MAIN,TRUE,TRUE,TBD,FALSE
2022-08-08T03:00:00Z,13.04,beaver_creek_usgs_temp_3,60.65107,-151.09076,US/Alaska (UTC-9 / UTC-8),"west fork beaver creek, upstream of marathon road",Beaver Creek,STREAM,MAIN,TRUE,TRUE,TBD,FALSE
2022-08-08T03:15:00Z,13.016,beaver_creek_usgs_temp_3,60.65107,-151.09076,US/Alaska (UTC-9 / UTC-8),"west fork beaver creek, upstream of marathon road",Beaver Creek,STREAM,MAIN,TRUE,TRUE,TBD,FALSE
2022-08-08T03:30:00Z,12.992,beaver_creek_usgs_temp_3,60.65107,-151.09076,US/Alaska (UTC-9 / UTC-8),"west fork beaver creek, upstream of marathon road",Beaver Creek,STREAM,MAIN,TRUE,TRUE,TBD,FALSE
2022-08-08T03:45:00Z,12.968,beaver_creek_usgs_temp_3,60.65107,-151.09076,US/Alaska (UTC-9 / UTC-8),"west fork beaver creek, upstream of marathon road",Beaver Creek,STREAM,MAIN,TRUE,TRUE,TBD,FALSE
2022-08-08T04:00:00Z,12.968,beaver_creek_usgs_temp_3,60.65107,-151.09076,US/Alaska (UTC-9 / UTC-8),"west fork beaver creek, upstream of marathon road",Beaver Creek,STREAM,MAIN,TRUE,TRUE,TBD,FALSE
2022-08-08T04:15:00Z,12.944,beaver_creek_usgs_temp_3,60.65107,-151.09076,US/Alaska (UTC-9 / UTC-8),"west fork beaver creek, upstream of marathon road",Beaver Creek,STREAM,MAIN,TRUE,TRUE,TBD,FALSE
2022-08-08T04:30:00Z,12.92,beaver_creek_usgs_temp_3,60.65107,-151.09076,US/Alaska (UTC-9 / UTC-8),"west fork beaver creek, upstream of marathon road",Beaver Creek,STREAM,MAIN,TRUE,TRUE,TBD,FALSE
2022-08-08T04:45:00Z,12.896,beaver_creek_usgs_temp_3,60.65107,-151.09076,US/Alaska (UTC-9 / UTC-8),"west fork beaver creek, upstream of marathon road",Beaver Creek,STREAM,MAIN,TRUE,TRUE,TBD,FALSE
2022-08-08T05:00:00Z,12.896,beaver_creek_usgs_temp_3,60.65107,-151.09076,US/Alaska (UTC-9 / UTC-8),"west fork beaver creek, upstream of marathon road",Beaver Creek,STREAM,MAIN,TRUE,TRUE,TBD,FALSE
2022-08-08T05:15:00Z,12.871,beaver_creek_usgs_temp_3,60.65107,-151.09076,US/Alaska (UTC-9 / UTC-8),"west fork beaver creek, upstream of marathon road",Beaver Creek,STREAM,MAIN,TRUE,TRUE,TBD,FALSE
2022-08-08T05:30:00Z,12.847,beaver_creek_usgs_temp_3,60.65107,-151.09076,US/Alaska (UTC-9 / UTC-8),"west fork beaver creek, upstream of marathon road",Beaver Creek,STREAM,MAIN,TRUE,TRUE,TBD,FALSE
2022-08-08T05:45:00Z,12.823,beaver_creek_usgs_temp_3,60.65107,-151.09076,US/Alaska (UTC-9 / UTC-8),"west fork beaver creek, upstream of marathon road",Beaver Creek,STREAM,MAIN,TRUE,TRUE,TBD,FALSE
2022-08-08T06:00:00Z,12.799,beaver_creek_usgs_temp_3,60.65107,-151.09076,US/Alaska (UTC-9 / UTC-8),"west fork beaver creek, upstream of marathon road",Beaver Creek,STREAM,MAIN,TRUE,TRUE,TBD,FALSE
2022-08-08T06:15:00Z,12.799,beaver_creek_usgs_temp_3,60.65107,-151.09076,US/Alaska (UTC-9 / UTC-8),"west fork beaver creek, upstream of marathon road",Beaver Creek,STREAM,MAIN,TRUE,TRUE,TBD,FALSE
2022-08-08T06:30:00Z,12.775,beaver_creek_usgs_temp_3,60.65107,-151.09076,US/Alaska (UTC-9 / UTC-8),"west fork beaver creek, upstream of marathon road",Beaver Creek,STREAM,MAIN,TRUE,TRUE,TBD,FALSE
2022-08-08T06:45:00Z,12.751,beaver_creek_usgs_temp_3,60.65107,-151.09076,US/Alaska (UTC-9 / UTC-8),"west fork beaver creek, upstream of marathon road",Beaver Creek,STREAM,MAIN,TRUE,TRUE,TBD,FALSE
2022-08-08T07:00:00Z,12.751,beaver_creek_usgs_temp_3,60.65107,-151.09076,US/Alaska (UTC-9 / UTC-8),"west fork beaver creek, upstream of marathon road",Beaver Creek,STREAM,MAIN,TRUE,TRUE,TBD,FALSE
2022-08-08T07:15:00Z,12.727,beaver_creek_usgs_temp_3,60.65107,-151.09076,US/Alaska (UTC-9 / UTC-8),"west fork beaver creek, upstream of marathon road",Beaver Creek,STREAM,MAIN,TRUE,TRUE,TBD,FALSE
2022-08-08T07:30:00Z,12.703,beaver_creek_usgs_temp_3,60.65107,-151.09076,US/Alaska (UTC-9 / UTC-8),"west fork beaver creek, upstream of marathon road",Beaver Creek,STREAM,MAIN,TRUE,TRUE,TBD,FALSE
2022-08-08T07:45:00Z,12.703,beaver_creek_usgs_temp_3,60.65107,-151.09076,US/Alaska (UTC-9 / UTC-8),"west fork beaver creek, upstream of marathon road",Beaver Creek,STREAM,MAIN,TRUE,TRUE,TBD,FALSE
2022-08-08T08:00:00Z,12.678,beaver_creek_usgs_temp_3,60.65107,-151.09076,US/Alaska (UTC-9 / UTC-8),"west fork beaver creek, upstream of marathon road",Beaver Creek,STREAM,MAIN,TRUE,TRUE,TBD,FALSE
2022-08-08T08:15:00Z,12.678,beaver_creek_usgs_temp_3,60.65107,-151.09076,US/Alaska (UTC-9 / UTC-8),"west fork beaver creek, upstream of marathon road",Beaver Creek,STREAM,MAIN,TRUE,TRUE,TBD,FALSE
2022-08-08T08:30:00Z,12.678,beaver_creek_usgs_temp_3,60.65107,-151.09076,US/Alaska (UTC-9 / UTC-8),"west fork beaver creek, upstream of marathon road",Beaver Creek,STREAM,MAIN,TRUE,TRUE,TBD,FALSE
2022-08-08T08:45:00Z,12.678,beaver_creek_usgs_temp_3,60.65107,-151.09076,US/Alaska (UTC-9 / UTC-8),"west fork beaver creek, upstream of marathon road",Beaver Creek,STREAM,MAIN,TRUE,TRUE,TBD,FALSE
2022-08-08T09:00:00Z,12.678,beaver_creek_usgs_temp_3,60.65107,-151.09076,US/Alaska (UTC-9 / UTC-8),"west fork beaver creek, upstream of marathon road",Beaver Creek,STREAM,MAIN,TRUE,TRUE,TBD,FALSE
2022-08-08T09:15:00Z,12.678,beaver_creek_usgs_temp_3,60.65107,-151.09076,US/Alaska (UTC-9 / UTC-8),"west fork beaver creek, upstream of marathon road",Beaver Creek,STREAM,MAIN,TRUE,TRUE,TBD,FALSE
2022-08-08T09:30:00Z,12.703,beaver_creek_usgs_temp_3,60.65107,-151.09076,US/Alaska (UTC-9 / UTC-8),"west fork beaver creek, upstream of marathon road",Beaver Creek,STREAM,MAIN,TRUE,TRUE,TBD,FALSE
2022-08-08T09:45:00Z,12.751,beaver_creek_usgs_temp_3,60.65107,-151.09076,US/Alaska (UTC-9 / UTC-8),"west fork beaver creek, upstream of marathon road",Beaver Creek,STREAM,MAIN,TRUE,TRUE,TBD,FALSE
2022-08-08T10:00:00Z,12.751,beaver_creek_usgs_temp_3,60.65107,-151.09076,US/Alaska (UTC-9 / UTC-8),"west fork beaver creek, upstream of marathon road",Beaver Creek,STREAM,MAIN,TRUE,TRUE,TBD,FALSE
2022-08-08T10:15:00Z,12.775,beaver_creek_usgs_temp_3,60.65107,-151.09076,US/Alaska (UTC-9 / UTC-8),"west fork beaver creek, upstream of marathon road",Beaver Creek,STREAM,MAIN,TRUE,TRUE,TBD,FALSE
2022-08-08T10:30:00Z,12.799,beaver_creek_usgs_temp_3,60.65107,-151.09076,US/Alaska (UTC-9 / UTC-8),"west fork beaver creek, upstream of marathon road",Beaver Creek,STREAM,MAIN,TRUE,TRUE,TBD,FALSE
2022-08-08T10:45:00Z,12.823,beaver_creek_usgs_temp_3,60.65107,-151.09076,US/Alaska (UTC-9 / UTC-8),"west fork beaver creek, upstream of marathon road",Beaver Creek,STREAM,MAIN,TRUE,TRUE,TBD,FALSE
2022-08-08T11:00:00Z,12.847,beaver_creek_usgs_temp_3,60.65107,-151.09076,US/Alaska (UTC-9 / UTC-8),"west fork beaver creek, upstream of marathon road",Beaver Creek,STREAM,MAIN,TRUE,TRUE,TBD,FALSE
2022-08-08T11:15:00Z,12.896,beaver_creek_usgs_temp_3,60.65107,-151.09076,US/Alaska (UTC-9 / UTC-8),"west fork beaver creek, upstream of marathon road",Beaver Creek,STREAM,MAIN,TRUE,TRUE,TBD,FALSE
2022-08-08T11:30:00Z,12.92,beaver_creek_usgs_temp_3,60.65107,-151.09076,US/Alaska (UTC-9 / UTC-8),"west fork beaver creek, upstream of marathon road",Beaver Creek,STREAM,MAIN,TRUE,TRUE,TBD,FALSE
2022-08-08T11:45:00Z,12.944,beaver_creek_usgs_temp_3,60.65107,-151.09076,US/Alaska (UTC-9 / UTC-8),"west fork beaver creek, upstream of marathon road",Beaver Creek,STREAM,MAIN,TRUE,TRUE,TBD,FALSE
2022-08-08T12:00:00Z,12.968,beaver_creek_usgs_temp_3,60.65107,-151.09076,US/Alaska (UTC-9 / UTC-8),"west fork beaver creek, upstream of marathon road",Beaver Creek,STREAM,MAIN,TRUE,TRUE,TBD,FALSE
2022-08-08T12:15:00Z,12.992,beaver_creek_usgs_temp_3,60.65107,-151.09076,US/Alaska (UTC-9 / UTC-8),"west fork beaver creek, upstream of marathon road",Beaver Creek,STREAM,MAIN,TRUE,TRUE,TBD,FALSE
2022-08-08T12:30:00Z,13.016,beaver_creek_usgs_temp_3,60.65107,-151.09076,US/Alaska (UTC-9 / UTC-8),"west fork beaver creek, upstream of marathon road",Beaver Creek,STREAM,MAIN,TRUE,TRUE,TBD,FALSE
2022-08-08T12:45:00Z,13.064,beaver_creek_usgs_temp_3,60.65107,-151.09076,US/Alaska (UTC-9 / UTC-8),"west fork beaver creek, upstream of marathon road",Beaver Creek,STREAM,MAIN,TRUE,TRUE,TBD,FALSE
2022-08-08T13:00:00Z,13.137,beaver_creek_usgs_temp_3,60.65107,-151.09076,US/Alaska (UTC-9 / UTC-8),"west fork beaver creek, upstream of marathon road",Beaver Creek,STREAM,MAIN,TRUE,TRUE,TBD,FALSE
2022-08-08T13:15:00Z,13.185,beaver_creek_usgs_temp_3,60.65107,-151.09076,US/Alaska (UTC-9 / UTC-8),"west fork beaver creek, upstream of marathon road",Beaver Creek,STREAM,MAIN,TRUE,TRUE,TBD,FALSE
2022-08-08T13:30:00Z,13.281,beaver_creek_usgs_temp_3,60.65107,-151.09076,US/Alaska (UTC-9 / UTC-8),"west fork beaver creek, upstream of marathon road",Beaver Creek,STREAM,MAIN,TRUE,TRUE,TBD,FALSE
2022-08-08T13:45:00Z,13.329,beaver_creek_usgs_temp_3,60.65107,-151.09076,US/Alaska (UTC-9 / UTC-8),"west fork beaver creek, upstream of marathon road",Beaver Creek,STREAM,MAIN,TRUE,TRUE,TBD,FALSE
2022-08-08T14:00:00Z,13.401,beaver_creek_usgs_temp_3,60.65107,-151.09076,US/Alaska (UTC-9 / UTC-8),"west fork beaver creek, upstream of marathon road",Beaver Creek,STREAM,MAIN,TRUE,TRUE,TBD,FALSE
2022-08-08T14:15:00Z,13.473,beaver_creek_usgs_temp_3,60.65107,-151.09076,US/Alaska (UTC-9 / UTC-8),"west fork beaver creek, upstream of marathon road",Beaver Creek,STREAM,MAIN,TRUE,TRUE,TBD,FALSE
2022-08-08T14:30:00Z,13.546,beaver_creek_usgs_temp_3,60.65107,-151.09076,US/Alaska (UTC-9 / UTC-8),"west fork beaver creek, upstream of marathon road",Beaver Creek,STREAM,MAIN,TRUE,TRUE,TBD,FALSE
2022-08-08T14:45:00Z,13.594,beaver_creek_usgs_temp_3,60.65107,-151.09076,US/Alaska (UTC-9 / UTC-8),"west fork beaver creek, upstream of marathon road",Beaver Creek,STREAM,MAIN,TRUE,TRUE,TBD,FALSE
2022-08-08T15:00:00Z,13.618,beaver_creek_usgs_temp_3,60.65107,-151.09076,US/Alaska (UTC-9 / UTC-8),"west fork beaver creek, upstream of marathon road",Beaver Creek,STREAM,MAIN,TRUE,TRUE,TBD,FALSE
2022-08-08T15:15:00Z,13.618,beaver_creek_usgs_temp_3,60.65107,-151.09076,US/Alaska (UTC-9 / UTC-8),"west fork beaver creek, upstream of marathon road",Beaver Creek,STREAM,MAIN,TRUE,TRUE,TBD,FALSE
2022-08-08T15:30:00Z,13.57,beaver_creek_usgs_temp_3,60.65107,-151.09076,US/Alaska (UTC-9 / UTC-8),"west fork beaver creek, upstream of marathon road",Beaver Creek,STREAM,MAIN,TRUE,TRUE,TBD,FALSE
2022-08-08T15:45:00Z,13.546,beaver_creek_usgs_temp_3,60.65107,-151.09076,US/Alaska (UTC-9 / UTC-8),"west fork beaver creek, upstream of marathon road",Beaver Creek,STREAM,MAIN,TRUE,TRUE,TBD,FALSE
2022-08-08T16:00:00Z,13.497,beaver_creek_usgs_temp_3,60.65107,-151.09076,US/Alaska (UTC-9 / UTC-8),"west fork beaver creek, upstream of marathon road",Beaver Creek,STREAM,MAIN,TRUE,TRUE,TBD,FALSE
2022-08-08T16:15:00Z,13.449,beaver_creek_usgs_temp_3,60.65107,-151.09076,US/Alaska (UTC-9 / UTC-8),"west fork beaver creek, upstream of marathon road",Beaver Creek,STREAM,MAIN,TRUE,TRUE,TBD,FALSE
2022-08-08T16:30:00Z,13.425,beaver_creek_usgs_temp_3,60.65107,-151.09076,US/Alaska (UTC-9 / UTC-8),"west fork beaver creek, upstream of marathon road",Beaver Creek,STREAM,MAIN,TRUE,TRUE,TBD,FALSE
2022-08-08T16:45:00Z,13.401,beaver_creek_usgs_temp_3,60.65107,-151.09076,US/Alaska (UTC-9 / UTC-8),"west fork beaver creek, upstream of marathon road",Beaver Creek,STREAM,MAIN,TRUE,TRUE,TBD,FALSE
2022-08-08T17:00:00Z,13.401,beaver_creek_usgs_temp_3,60.65107,-151.09076,US/Alaska (UTC-9 / UTC-8),"west fork beaver creek, upstream of marathon road",Beaver Creek,STREAM,MAIN,TRUE,TRUE,TBD,FALSE
2022-08-08T17:15:00Z,13.401,beaver_creek_usgs_temp_3,60.65107,-151.09076,US/Alaska (UTC-9 / UTC-8),"west fork beaver creek, upstream of marathon road",Beaver Creek,STREAM,MAIN,TRUE,TRUE,TBD,FALSE
2022-08-08T17:30:00Z,13.425,beaver_creek_usgs_temp_3,60.65107,-151.09076,US/Alaska (UTC-9 / UTC-8),"west fork beaver creek, upstream of marathon road",Beaver Creek,STREAM,MAIN,TRUE,TRUE,TBD,FALSE
2022-08-08T17:45:00Z,13.449,beaver_creek_usgs_temp_3,60.65107,-151.09076,US/Alaska (UTC-9 / UTC-8),"west fork beaver creek, upstream of marathon road",Beaver Creek,STREAM,MAIN,TRUE,TRUE,TBD,FALSE
2022-08-08T18:00:00Z,13.449,beaver_creek_usgs_temp_3,60.65107,-151.09076,US/Alaska (UTC-9 / UTC-8),"west fork beaver creek, upstream of marathon road",Beaver Creek,STREAM,MAIN,TRUE,TRUE,TBD,FALSE
2022-08-08T18:15:00Z,13.425,beaver_creek_usgs_temp_3,60.65107,-151.09076,US/Alaska (UTC-9 / UTC-8),"west fork beaver creek, upstream of marathon road",Beaver Creek,STREAM,MAIN,TRUE,TRUE,TBD,FALSE
2022-08-08T18:30:00Z,13.401,beaver_creek_usgs_temp_3,60.65107,-151.09076,US/Alaska (UTC-9 / UTC-8),"west fork beaver creek, upstream of marathon road",Beaver Creek,STREAM,MAIN,TRUE,TRUE,TBD,FALSE
2022-08-08T18:45:00Z,13.353,beaver_creek_usgs_temp_3,60.65107,-151.09076,US/Alaska (UTC-9 / UTC-8),"west fork beaver creek, upstream of marathon road",Beaver Creek,STREAM,MAIN,TRUE,TRUE,TBD,FALSE
2022-08-08T19:00:00Z,13.305,beaver_creek_usgs_temp_3,60.65107,-151.09076,US/Alaska (UTC-9 / UTC-8),"west fork beaver creek, upstream of marathon road",Beaver Creek,STREAM,MAIN,TRUE,TRUE,TBD,FALSE
2022-08-08T19:15:00Z,13.281,beaver_creek_usgs_temp_3,60.65107,-151.09076,US/Alaska (UTC-9 / UTC-8),"west fork beaver creek, upstream of marathon road",Beaver Creek,STREAM,MAIN,TRUE,TRUE,TBD,FALSE
2022-08-08T19:30:00Z,13.233,beaver_creek_usgs_temp_3,60.65107,-151.09076,US/Alaska (UTC-9 / UTC-8),"west fork beaver creek, upstream of marathon road",Beaver Creek,STREAM,MAIN,TRUE,TRUE,TBD,FALSE
2022-08-08T19:45:00Z,13.209,beaver_creek_usgs_temp_3,60.65107,-151.09076,US/Alaska (UTC-9 / UTC-8),"west fork beaver creek, upstream of marathon road",Beaver Creek,STREAM,MAIN,TRUE,TRUE,TBD,FALSE
2022-08-08T20:00:00Z,13.161,beaver_creek_usgs_temp_3,60.65107,-151.09076,US/Alaska (UTC-9 / UTC-8),"west fork beaver creek, upstream of marathon road",Beaver Creek,STREAM,MAIN,TRUE,TRUE,TBD,FALSE
2022-08-08T20:15:00Z,13.137,beaver_creek_usgs_temp_3,60.65107,-151.09076,US/Alaska (UTC-9 / UTC-8),"west fork beaver creek, upstream of marathon road",Beaver Creek,STREAM,MAIN,TRUE,TRUE,TBD,FALSE
2022-08-08T20:30:00Z,13.088,beaver_creek_usgs_temp_3,60.65107,-151.09076,US/Alaska (UTC-9 / UTC-8),"west fork beaver creek, upstream of marathon road",Beaver Creek,STREAM,MAIN,TRUE,TRUE,TBD,FALSE
2022-08-08T20:45:00Z,13.064,beaver_creek_usgs_temp_3,60.65107,-151.09076,US/Alaska (UTC-9 / UTC-8),"west fork beaver creek, upstream of marathon road",Beaver Creek,STREAM,MAIN,TRUE,TRUE,TBD,FALSE
2022-08-08T21:00:00Z,13.016,beaver_creek_usgs_temp_3,60.65107,-151.09076,US/Alaska (UTC-9 / UTC-8),"west fork beaver creek, upstream of marathon road",Beaver Creek,STREAM,MAIN,TRUE,TRUE,TBD,FALSE
2022-08-08T21:15:00Z,12.968,beaver_creek_usgs_temp_3,60.65107,-151.09076,US/Alaska (UTC-9 / UTC-8),"west fork beaver creek, upstream of marathon road",Beaver Creek,STREAM,MAIN,TRUE,TRUE,TBD,FALSE
2022-08-08T21:30:00Z,12.944,beaver_creek_usgs_temp_3,60.65107,-151.09076,US/Alaska (UTC-9 / UTC-8),"west fork beaver creek, upstream of marathon road",Beaver Creek,STREAM,MAIN,TRUE,TRUE,TBD,FALSE
2022-08-08T21:45:00Z,12.896,beaver_creek_usgs_temp_3,60.65107,-151.09076,US/Alaska (UTC-9 / UTC-8),"west fork beaver creek, upstream of marathon road",Beaver Creek,STREAM,MAIN,TRUE,TRUE,TBD,FALSE
2022-08-08T22:00:00Z,12.847,beaver_creek_usgs_temp_3,60.65107,-151.09076,US/Alaska (UTC-9 / UTC-8),"west fork beaver creek, upstream of marathon road",Beaver Creek,STREAM,MAIN,TRUE,TRUE,TBD,FALSE
2022-08-08T22:15:00Z,12.823,beaver_creek_usgs_temp_3,60.65107,-151.09076,US/Alaska (UTC-9 / UTC-8),"west fork beaver creek, upstream of marathon road",Beaver Creek,STREAM,MAIN,TRUE,TRUE,TBD,FALSE
2022-08-08T22:30:00Z,12.775,beaver_creek_usgs_temp_3,60.65107,-151.09076,US/Alaska (UTC-9 / UTC-8),"west fork beaver creek, upstream of marathon road",Beaver Creek,STREAM,MAIN,TRUE,TRUE,TBD,FALSE
2022-08-08T22:45:00Z,12.751,beaver_creek_usgs_temp_3,60.65107,-151.09076,US/Alaska (UTC-9 / UTC-8),"west fork beaver creek, upstream of marathon road",Beaver Creek,STREAM,MAIN,TRUE,TRUE,TBD,FALSE
2022-08-08T23:00:00Z,12.727,beaver_creek_usgs_temp_3,60.65107,-151.09076,US/Alaska (UTC-9 / UTC-8),"west fork beaver creek, upstream of marathon road",Beaver Creek,STREAM,MAIN,TRUE,TRUE,TBD,FALSE
2022-08-08T23:15:00Z,12.678,beaver_creek_usgs_temp_3,60.65107,-151.09076,US/Alaska (UTC-9 / UTC-8),"west fork beaver creek, upstream of marathon road",Beaver Creek,STREAM,MAIN,TRUE,TRUE,TBD,FALSE
2022-08-08T23:30:00Z,12.654,beaver_creek_usgs_temp_3,60.65107,-151.09076,US/Alaska (UTC-9 / UTC-8),"west fork beaver creek, upstream of marathon road",Beaver Creek,STREAM,MAIN,TRUE,TRUE,TBD,FALSE
2022-08-08T23:45:00Z,12.606,beaver_creek_usgs_temp_3,60.65107,-151.09076,US/Alaska (UTC-9 / UTC-8),"west fork beaver creek, upstream of marathon road",Beaver Creek,STREAM,MAIN,TRUE,TRUE,TBD,FALSE
2022-08-09T00:00:00Z,12.582,beaver_creek_usgs_temp_3,60.65107,-151.09076,US/Alaska (UTC-9 / UTC-8),"west fork beaver creek, upstream of marathon road",Beaver Creek,STREAM,MAIN,TRUE,TRUE,TBD,FALSE
2022-08-09T00:15:00Z,12.558,beaver_creek_usgs_temp_3,60.65107,-151.09076,US/Alaska (UTC-9 / UTC-8),"west fork beaver creek, upstream of marathon road",Beaver Creek,STREAM,MAIN,TRUE,TRUE,TBD,FALSE
2022-08-09T00:30:00Z,12.534,beaver_creek_usgs_temp_3,60.65107,-151.09076,US/Alaska (UTC-9 / UTC-8),"west fork beaver creek, upstream of marathon road",Beaver Creek,STREAM,MAIN,TRUE,TRUE,TBD,FALSE
2022-08-09T00:45:00Z,12.509,beaver_creek_usgs_temp_3,60.65107,-151.09076,US/Alaska (UTC-9 / UTC-8),"west fork beaver creek, upstream of marathon road",Beaver Creek,STREAM,MAIN,TRUE,TRUE,TBD,FALSE
2022-08-09T01:00:00Z,12.485,beaver_creek_usgs_temp_3,60.65107,-151.09076,US/Alaska (UTC-9 / UTC-8),"west fork beaver creek, upstream of marathon road",Beaver Creek,STREAM,MAIN,TRUE,TRUE,TBD,FALSE
2022-08-09T01:15:00Z,12.461,beaver_creek_usgs_temp_3,60.65107,-151.09076,US/Alaska (UTC-9 / UTC-8),"west fork beaver creek, upstream of marathon road",Beaver Creek,STREAM,MAIN,TRUE,TRUE,TBD,FALSE
2022-08-09T01:30:00Z,12.437,beaver_creek_usgs_temp_3,60.65107,-151.09076,US/Alaska (UTC-9 / UTC-8),"west fork beaver creek, upstream of marathon road",Beaver Creek,STREAM,MAIN,TRUE,TRUE,TBD,FALSE
2022-08-09T01:45:00Z,12.413,beaver_creek_usgs_temp_3,60.65107,-151.09076,US/Alaska (UTC-9 / UTC-8),"west fork beaver creek, upstream of marathon road",Beaver Creek,STREAM,MAIN,TRUE,TRUE,TBD,FALSE
2022-08-09T02:00:00Z,12.389,beaver_creek_usgs_temp_3,60.65107,-151.09076,US/Alaska (UTC-9 / UTC-8),"west fork beaver creek, upstream of marathon road",Beaver Creek,STREAM,MAIN,TRUE,TRUE,TBD,FALSE
2022-08-09T02:15:00Z,12.364,beaver_creek_usgs_temp_3,60.65107,-151.09076,US/Alaska (UTC-9 / UTC-8),"west fork beaver creek, upstream of marathon road",Beaver Creek,STREAM,MAIN,TRUE,TRUE,TBD,FALSE
2022-08-09T02:30:00Z,12.34,beaver_creek_usgs_temp_3,60.65107,-151.09076,US/Alaska (UTC-9 / UTC-8),"west fork beaver creek, upstream of marathon road",Beaver Creek,STREAM,MAIN,TRUE,TRUE,TBD,FALSE
2022-08-09T02:45:00Z,12.292,beaver_creek_usgs_temp_3,60.65107,-151.09076,US/Alaska (UTC-9 / UTC-8),"west fork beaver creek, upstream of marathon road",Beaver Creek,STREAM,MAIN,TRUE,TRUE,TBD,FALSE
2022-08-09T03:00:00Z,12.268,beaver_creek_usgs_temp_3,60.65107,-151.09076,US/Alaska (UTC-9 / UTC-8),"west fork beaver creek, upstream of marathon road",Beaver Creek,STREAM,MAIN,TRUE,TRUE,TBD,FALSE
2022-08-09T03:15:00Z,12.219,beaver_creek_usgs_temp_3,60.65107,-151.09076,US/Alaska (UTC-9 / UTC-8),"west fork beaver creek, upstream of marathon road",Beaver Creek,STREAM,MAIN,TRUE,TRUE,TBD,FALSE
2022-08-09T03:30:00Z,12.195,beaver_creek_usgs_temp_3,60.65107,-151.09076,US/Alaska (UTC-9 / UTC-8),"west fork beaver creek, upstream of marathon road",Beaver Creek,STREAM,MAIN,TRUE,TRUE,TBD,FALSE
2022-08-09T03:45:00Z,12.171,beaver_creek_usgs_temp_3,60.65107,-151.09076,US/Alaska (UTC-9 / UTC-8),"west fork beaver creek, upstream of marathon road",Beaver Creek,STREAM,MAIN,TRUE,TRUE,TBD,FALSE
2022-08-09T04:00:00Z,12.147,beaver_creek_usgs_temp_3,60.65107,-151.09076,US/Alaska (UTC-9 / UTC-8),"west fork beaver creek, upstream of marathon road",Beaver Creek,STREAM,MAIN,TRUE,TRUE,TBD,FALSE
2022-08-09T04:15:00Z,12.122,beaver_creek_usgs_temp_3,60.65107,-151.09076,US/Alaska (UTC-9 / UTC-8),"west fork beaver creek, upstream of marathon road",Beaver Creek,STREAM,MAIN,TRUE,TRUE,TBD,FALSE
2022-08-09T04:30:00Z,12.098,beaver_creek_usgs_temp_3,60.65107,-151.09076,US/Alaska (UTC-9 / UTC-8),"west fork beaver creek, upstream of marathon road",Beaver Creek,STREAM,MAIN,TRUE,TRUE,TBD,FALSE
2022-08-09T04:45:00Z,12.074,beaver_creek_usgs_temp_3,60.65107,-151.09076,US/Alaska (UTC-9 / UTC-8),"west fork beaver creek, upstream of marathon road",Beaver Creek,STREAM,MAIN,TRUE,TRUE,TBD,FALSE
2022-08-09T05:00:00Z,12.05,beaver_creek_usgs_temp_3,60.65107,-151.09076,US/Alaska (UTC-9 / UTC-8),"west fork beaver creek, upstream of marathon road",Beaver Creek,STREAM,MAIN,TRUE,TRUE,TBD,FALSE
2022-08-09T05:15:00Z,12.025,beaver_creek_usgs_temp_3,60.65107,-151.09076,US/Alaska (UTC-9 / UTC-8),"west fork beaver creek, upstream of marathon road",Beaver Creek,STREAM,MAIN,TRUE,TRUE,TBD,FALSE
2022-08-09T05:30:00Z,11.977,beaver_creek_usgs_temp_3,60.65107,-151.09076,US/Alaska (UTC-9 / UTC-8),"west fork beaver creek, upstream of marathon road",Beaver Creek,STREAM,MAIN,TRUE,TRUE,TBD,FALSE
2022-08-09T05:45:00Z,11.953,beaver_creek_usgs_temp_3,60.65107,-151.09076,US/Alaska (UTC-9 / UTC-8),"west fork beaver creek, upstream of marathon road",Beaver Creek,STREAM,MAIN,TRUE,TRUE,TBD,FALSE
2022-08-09T06:00:00Z,11.929,beaver_creek_usgs_temp_3,60.65107,-151.09076,US/Alaska (UTC-9 / UTC-8),"west fork beaver creek, upstream of marathon road",Beaver Creek,STREAM,MAIN,TRUE,TRUE,TBD,FALSE
2022-08-09T06:15:00Z,11.929,beaver_creek_usgs_temp_3,60.65107,-151.09076,US/Alaska (UTC-9 / UTC-8),"west fork beaver creek, upstream of marathon road",Beaver Creek,STREAM,MAIN,TRUE,TRUE,TBD,FALSE
2022-08-09T06:30:00Z,11.904,beaver_creek_usgs_temp_3,60.65107,-151.09076,US/Alaska (UTC-9 / UTC-8),"west fork beaver creek, upstream of marathon road",Beaver Creek,STREAM,MAIN,TRUE,TRUE,TBD,FALSE
2022-08-09T06:45:00Z,11.88,beaver_creek_usgs_temp_3,60.65107,-151.09076,US/Alaska (UTC-9 / UTC-8),"west fork beaver creek, upstream of marathon road",Beaver Creek,STREAM,MAIN,TRUE,TRUE,TBD,FALSE
2022-08-09T07:00:00Z,11.88,beaver_creek_usgs_temp_3,60.65107,-151.09076,US/Alaska (UTC-9 / UTC-8),"west fork beaver creek, upstream of marathon road",Beaver Creek,STREAM,MAIN,TRUE,TRUE,TBD,FALSE
2022-08-09T07:15:00Z,11.856,beaver_creek_usgs_temp_3,60.65107,-151.09076,US/Alaska (UTC-9 / UTC-8),"west fork beaver creek, upstream of marathon road",Beaver Creek,STREAM,MAIN,TRUE,TRUE,TBD,FALSE
2022-08-09T07:30:00Z,11.856,beaver_creek_usgs_temp_3,60.65107,-151.09076,US/Alaska (UTC-9 / UTC-8),"west fork beaver creek, upstream of marathon road",Beaver Creek,STREAM,MAIN,TRUE,TRUE,TBD,FALSE
2022-08-09T07:45:00Z,11.856,beaver_creek_usgs_temp_3,60.65107,-151.09076,US/Alaska (UTC-9 / UTC-8),"west fork beaver creek, upstream of marathon road",Beaver Creek,STREAM,MAIN,TRUE,TRUE,TBD,FALSE
2022-08-09T08:00:00Z,11.856,beaver_creek_usgs_temp_3,60.65107,-151.09076,US/Alaska (UTC-9 / UTC-8),"west fork beaver creek, upstream of marathon road",Beaver Creek,STREAM,MAIN,TRUE,TRUE,TBD,FALSE
2022-08-09T08:15:00Z,11.856,beaver_creek_usgs_temp_3,60.65107,-151.09076,US/Alaska (UTC-9 / UTC-8),"west fork beaver creek, upstream of marathon road",Beaver Creek,STREAM,MAIN,TRUE,TRUE,TBD,FALSE
2022-08-09T08:30:00Z,11.88,beaver_creek_usgs_temp_3,60.65107,-151.09076,US/Alaska (UTC-9 / UTC-8),"west fork beaver creek, upstream of marathon road",Beaver Creek,STREAM,MAIN,TRUE,TRUE,TBD,FALSE
2022-08-09T08:45:00Z,11.88,beaver_creek_usgs_temp_3,60.65107,-151.09076,US/Alaska (UTC-9 / UTC-8),"west fork beaver creek, upstream of marathon road",Beaver Creek,STREAM,MAIN,TRUE,TRUE,TBD,FALSE
2022-08-09T09:00:00Z,11.88,beaver_creek_usgs_temp_3,60.65107,-151.09076,US/Alaska (UTC-9 / UTC-8),"west fork beaver creek, upstream of marathon road",Beaver Creek,STREAM,MAIN,TRUE,TRUE,TBD,FALSE
2022-08-09T09:15:00Z,11.904,beaver_creek_usgs_temp_3,60.65107,-151.09076,US/Alaska (UTC-9 / UTC-8),"west fork beaver creek, upstream of marathon road",Beaver Creek,STREAM,MAIN,TRUE,TRUE,TBD,FALSE
2022-08-09T09:30:00Z,11.929,beaver_creek_usgs_temp_3,60.65107,-151.09076,US/Alaska (UTC-9 / UTC-8),"west fork beaver creek, upstream of marathon road",Beaver Creek,STREAM,MAIN,TRUE,TRUE,TBD,FALSE
2022-08-09T09:45:00Z,11.929,beaver_creek_usgs_temp_3,60.65107,-151.09076,US/Alaska (UTC-9 / UTC-8),"west fork beaver creek, upstream of marathon road",Beaver Creek,STREAM,MAIN,TRUE,TRUE,TBD,FALSE
2022-08-09T10:00:00Z,11.977,beaver_creek_usgs_temp_3,60.65107,-151.09076,US/Alaska (UTC-9 / UTC-8),"west fork beaver creek, upstream of marathon road",Beaver Creek,STREAM,MAIN,TRUE,TRUE,TBD,FALSE
2022-08-09T10:15:00Z,12.001,beaver_creek_usgs_temp_3,60.65107,-151.09076,US/Alaska (UTC-9 / UTC-8),"west fork beaver creek, upstream of marathon road",Beaver Creek,STREAM,MAIN,TRUE,TRUE,TBD,FALSE
2022-08-09T10:30:00Z,12.05,beaver_creek_usgs_temp_3,60.65107,-151.09076,US/Alaska (UTC-9 / UTC-8),"west fork beaver creek, upstream of marathon road",Beaver Creek,STREAM,MAIN,TRUE,TRUE,TBD,FALSE
2022-08-09T10:45:00Z,12.098,beaver_creek_usgs_temp_3,60.65107,-151.09076,US/Alaska (UTC-9 / UTC-8),"west fork beaver creek, upstream of marathon road",Beaver Creek,STREAM,MAIN,TRUE,TRUE,TBD,FALSE
2022-08-09T11:00:00Z,12.171,beaver_creek_usgs_temp_3,60.65107,-151.09076,US/Alaska (UTC-9 / UTC-8),"west fork beaver creek, upstream of marathon road",Beaver Creek,STREAM,MAIN,TRUE,TRUE,TBD,FALSE
2022-08-09T11:15:00Z,12.195,beaver_creek_usgs_temp_3,60.65107,-151.09076,US/Alaska (UTC-9 / UTC-8),"west fork beaver creek, upstream of marathon road",Beaver Creek,STREAM,MAIN,TRUE,TRUE,TBD,FALSE
2022-08-09T11:30:00Z,12.268,beaver_creek_usgs_temp_3,60.65107,-151.09076,US/Alaska (UTC-9 / UTC-8),"west fork beaver creek, upstream of marathon road",Beaver Creek,STREAM,MAIN,TRUE,TRUE,TBD,FALSE
2022-08-09T11:45:00Z,12.292,beaver_creek_usgs_temp_3,60.65107,-151.09076,US/Alaska (UTC-9 / UTC-8),"west fork beaver creek, upstream of marathon road",Beaver Creek,STREAM,MAIN,TRUE,TRUE,TBD,FALSE
2022-08-09T12:00:00Z,12.34,beaver_creek_usgs_temp_3,60.65107,-151.09076,US/Alaska (UTC-9 / UTC-8),"west fork beaver creek, upstream of marathon road",Beaver Creek,STREAM,MAIN,TRUE,TRUE,TBD,FALSE
2022-08-09T12:15:00Z,12.389,beaver_creek_usgs_temp_3,60.65107,-151.09076,US/Alaska (UTC-9 / UTC-8),"west fork beaver creek, upstream of marathon road",Beaver Creek,STREAM,MAIN,TRUE,TRUE,TBD,FALSE
2022-08-09T12:30:00Z,12.437,beaver_creek_usgs_temp_3,60.65107,-151.09076,US/Alaska (UTC-9 / UTC-8),"west fork beaver creek, upstream of marathon road",Beaver Creek,STREAM,MAIN,TRUE,TRUE,TBD,FALSE
2022-08-09T12:45:00Z,12.485,beaver_creek_usgs_temp_3,60.65107,-151.09076,US/Alaska (UTC-9 / UTC-8),"west fork beaver creek, upstream of marathon road",Beaver Creek,STREAM,MAIN,TRUE,TRUE,TBD,FALSE
2022-08-09T13:00:00Z,12.534,beaver_creek_usgs_temp_3,60.65107,-151.09076,US/Alaska (UTC-9 / UTC-8),"west fork beaver creek, upstream of marathon road",Beaver Creek,STREAM,MAIN,TRUE,TRUE,TBD,FALSE
2022-08-09T13:15:00Z,12.558,beaver_creek_usgs_temp_3,60.65107,-151.09076,US/Alaska (UTC-9 / UTC-8),"west fork beaver creek, upstream of marathon road",Beaver Creek,STREAM,MAIN,TRUE,TRUE,TBD,FALSE
2022-08-09T13:30:00Z,12.606,beaver_creek_usgs_temp_3,60.65107,-151.09076,US/Alaska (UTC-9 / UTC-8),"west fork beaver creek, upstream of marathon road",Beaver Creek,STREAM,MAIN,TRUE,TRUE,TBD,FALSE
2022-08-09T13:45:00Z,12.654,beaver_creek_usgs_temp_3,60.65107,-151.09076,US/Alaska (UTC-9 / UTC-8),"west fork beaver creek, upstream of marathon road",Beaver Creek,STREAM,MAIN,TRUE,TRUE,TBD,FALSE
2022-08-09T14:00:00Z,12.703,beaver_creek_usgs_temp_3,60.65107,-151.09076,US/Alaska (UTC-9 / UTC-8),"west fork beaver creek, upstream of marathon road",Beaver Creek,STREAM,MAIN,TRUE,TRUE,TBD,FALSE
2022-08-09T14:15:00Z,12.727,beaver_creek_usgs_temp_3,60.65107,-151.09076,US/Alaska (UTC-9 / UTC-8),"west fork beaver creek, upstream of marathon road",Beaver Creek,STREAM,MAIN,TRUE,TRUE,TBD,FALSE
2022-08-09T14:30:00Z,12.751,beaver_creek_usgs_temp_3,60.65107,-151.09076,US/Alaska (UTC-9 / UTC-8),"west fork beaver creek, upstream of marathon road",Beaver Creek,STREAM,MAIN,TRUE,TRUE,TBD,FALSE
2022-08-09T14:45:00Z,12.775,beaver_creek_usgs_temp_3,60.65107,-151.09076,US/Alaska (UTC-9 / UTC-8),"west fork beaver creek, upstream of marathon road",Beaver Creek,STREAM,MAIN,TRUE,TRUE,TBD,FALSE
2022-08-09T15:00:00Z,12.799,beaver_creek_usgs_temp_3,60.65107,-151.09076,US/Alaska (UTC-9 / UTC-8),"west fork beaver creek, upstream of marathon road",Beaver Creek,STREAM,MAIN,TRUE,TRUE,TBD,FALSE
2022-08-09T15:15:00Z,12.823,beaver_creek_usgs_temp_3,60.65107,-151.09076,US/Alaska (UTC-9 / UTC-8),"west fork beaver creek, upstream of marathon road",Beaver Creek,STREAM,MAIN,TRUE,TRUE,TBD,FALSE
2022-08-09T15:30:00Z,12.847,beaver_creek_usgs_temp_3,60.65107,-151.09076,US/Alaska (UTC-9 / UTC-8),"west fork beaver creek, upstream of marathon road",Beaver Creek,STREAM,MAIN,TRUE,TRUE,TBD,FALSE
2022-08-09T15:45:00Z,12.847,beaver_creek_usgs_temp_3,60.65107,-151.09076,US/Alaska (UTC-9 / UTC-8),"west fork beaver creek, upstream of marathon road",Beaver Creek,STREAM,MAIN,TRUE,TRUE,TBD,FALSE
2022-08-09T16:00:00Z,12.871,beaver_creek_usgs_temp_3,60.65107,-151.09076,US/Alaska (UTC-9 / UTC-8),"west fork beaver creek, upstream of marathon road",Beaver Creek,STREAM,MAIN,TRUE,TRUE,TBD,FALSE
2022-08-09T16:15:00Z,12.871,beaver_creek_usgs_temp_3,60.65107,-151.09076,US/Alaska (UTC-9 / UTC-8),"west fork beaver creek, upstream of marathon road",Beaver Creek,STREAM,MAIN,TRUE,TRUE,TBD,FALSE
2022-08-09T16:30:00Z,12.896,beaver_creek_usgs_temp_3,60.65107,-151.09076,US/Alaska (UTC-9 / UTC-8),"west fork beaver creek, upstream of marathon road",Beaver Creek,STREAM,MAIN,TRUE,TRUE,TBD,FALSE
2022-08-09T16:45:00Z,12.896,beaver_creek_usgs_temp_3,60.65107,-151.09076,US/Alaska (UTC-9 / UTC-8),"west fork beaver creek, upstream of marathon road",Beaver Creek,STREAM,MAIN,TRUE,TRUE,TBD,FALSE
2022-08-09T17:00:00Z,12.92,beaver_creek_usgs_temp_3,60.65107,-151.09076,US/Alaska (UTC-9 / UTC-8),"west fork beaver creek, upstream of marathon road",Beaver Creek,STREAM,MAIN,TRUE,TRUE,TBD,FALSE
2022-08-09T17:15:00Z,12.944,beaver_creek_usgs_temp_3,60.65107,-151.09076,US/Alaska (UTC-9 / UTC-8),"west fork beaver creek, upstream of marathon road",Beaver Creek,STREAM,MAIN,TRUE,TRUE,TBD,FALSE
2022-08-09T17:30:00Z,12.992,beaver_creek_usgs_temp_3,60.65107,-151.09076,US/Alaska (UTC-9 / UTC-8),"west fork beaver creek, upstream of marathon road",Beaver Creek,STREAM,MAIN,TRUE,TRUE,TBD,FALSE
2022-08-09T17:45:00Z,12.992,beaver_creek_usgs_temp_3,60.65107,-151.09076,US/Alaska (UTC-9 / UTC-8),"west fork beaver creek, upstream of marathon road",Beaver Creek,STREAM,MAIN,TRUE,TRUE,TBD,FALSE
2022-08-09T18:00:00Z,12.992,beaver_creek_usgs_temp_3,60.65107,-151.09076,US/Alaska (UTC-9 / UTC-8),"west fork beaver creek, upstream of marathon road",Beaver Creek,STREAM,MAIN,TRUE,TRUE,TBD,FALSE
2022-08-09T18:15:00Z,13.016,beaver_creek_usgs_temp_3,60.65107,-151.09076,US/Alaska (UTC-9 / UTC-8),"west fork beaver creek, upstream of marathon road",Beaver Creek,STREAM,MAIN,TRUE,TRUE,TBD,FALSE
2022-08-09T18:30:00Z,13.016,beaver_creek_usgs_temp_3,60.65107,-151.09076,US/Alaska (UTC-9 / UTC-8),"west fork beaver creek, upstream of marathon road",Beaver Creek,STREAM,MAIN,TRUE,TRUE,TBD,FALSE
2022-08-09T18:45:00Z,13.016,beaver_creek_usgs_temp_3,60.65107,-151.09076,US/Alaska (UTC-9 / UTC-8),"west fork beaver creek, upstream of marathon road",Beaver Creek,STREAM,MAIN,TRUE,TRUE,TBD,FALSE
2022-08-09T19:00:00Z,13.04,beaver_creek_usgs_temp_3,60.65107,-151.09076,US/Alaska (UTC-9 / UTC-8),"west fork beaver creek, upstream of marathon road",Beaver Creek,STREAM,MAIN,TRUE,TRUE,TBD,FALSE
2022-08-09T19:15:00Z,13.04,beaver_creek_usgs_temp_3,60.65107,-151.09076,US/Alaska (UTC-9 / UTC-8),"west fork beaver creek, upstream of marathon road",Beaver Creek,STREAM,MAIN,TRUE,TRUE,TBD,FALSE
2022-08-09T19:30:00Z,13.04,beaver_creek_usgs_temp_3,60.65107,-151.09076,US/Alaska (UTC-9 / UTC-8),"west fork beaver creek, upstream of marathon road",Beaver Creek,STREAM,MAIN,TRUE,TRUE,TBD,FALSE
2022-08-09T19:45:00Z,13.04,beaver_creek_usgs_temp_3,60.65107,-151.09076,US/Alaska (UTC-9 / UTC-8),"west fork beaver creek, upstream of marathon road",Beaver Creek,STREAM,MAIN,TRUE,TRUE,TBD,FALSE
2022-08-09T20:00:00Z,13.016,beaver_creek_usgs_temp_3,60.65107,-151.09076,US/Alaska (UTC-9 / UTC-8),"west fork beaver creek, upstream of marathon road",Beaver Creek,STREAM,MAIN,TRUE,TRUE,TBD,FALSE
2022-08-09T20:15:00Z,13.016,beaver_creek_usgs_temp_3,60.65107,-151.09076,US/Alaska (UTC-9 / UTC-8),"west fork beaver creek, upstream of marathon road",Beaver Creek,STREAM,MAIN,TRUE,TRUE,TBD,FALSE
2022-08-09T20:30:00Z,12.992,beaver_creek_usgs_temp_3,60.65107,-151.09076,US/Alaska (UTC-9 / UTC-8),"west fork beaver creek, upstream of marathon road",Beaver Creek,STREAM,MAIN,TRUE,TRUE,TBD,FALSE
2022-08-09T20:45:00Z,12.968,beaver_creek_usgs_temp_3,60.65107,-151.09076,US/Alaska (UTC-9 / UTC-8),"west fork beaver creek, upstream of marathon road",Beaver Creek,STREAM,MAIN,TRUE,TRUE,TBD,FALSE
2022-08-09T21:00:00Z,12.944,beaver_creek_usgs_temp_3,60.65107,-151.09076,US/Alaska (UTC-9 / UTC-8),"west fork beaver creek, upstream of marathon road",Beaver Creek,STREAM,MAIN,TRUE,TRUE,TBD,FALSE
2022-08-09T21:15:00Z,12.92,beaver_creek_usgs_temp_3,60.65107,-151.09076,US/Alaska (UTC-9 / UTC-8),"west fork beaver creek, upstream of marathon road",Beaver Creek,STREAM,MAIN,TRUE,TRUE,TBD,FALSE
2022-08-09T21:30:00Z,12.896,beaver_creek_usgs_temp_3,60.65107,-151.09076,US/Alaska (UTC-9 / UTC-8),"west fork beaver creek, upstream of marathon road",Beaver Creek,STREAM,MAIN,TRUE,TRUE,TBD,FALSE
2022-08-09T21:45:00Z,12.871,beaver_creek_usgs_temp_3,60.65107,-151.09076,US/Alaska (UTC-9 / UTC-8),"west fork beaver creek, upstream of marathon road",Beaver Creek,STREAM,MAIN,TRUE,TRUE,TBD,FALSE
2022-08-09T22:00:00Z,12.823,beaver_creek_usgs_temp_3,60.65107,-151.09076,US/Alaska (UTC-9 / UTC-8),"west fork beaver creek, upstream of marathon road",Beaver Creek,STREAM,MAIN,TRUE,TRUE,TBD,FALSE
2022-08-09T22:15:00Z,12.799,beaver_creek_usgs_temp_3,60.65107,-151.09076,US/Alaska (UTC-9 / UTC-8),"west fork beaver creek, upstream of marathon road",Beaver Creek,STREAM,MAIN,TRUE,TRUE,TBD,FALSE
2022-08-09T22:30:00Z,12.775,beaver_creek_usgs_temp_3,60.65107,-151.09076,US/Alaska (UTC-9 / UTC-8),"west fork beaver creek, upstream of marathon road",Beaver Creek,STREAM,MAIN,TRUE,TRUE,TBD,FALSE
2022-08-09T22:45:00Z,12.751,beaver_creek_usgs_temp_3,60.65107,-151.09076,US/Alaska (UTC-9 / UTC-8),"west fork beaver creek, upstream of marathon road",Beaver Creek,STREAM,MAIN,TRUE,TRUE,TBD,FALSE
2022-08-09T23:00:00Z,12.727,beaver_creek_usgs_temp_3,60.65107,-151.09076,US/Alaska (UTC-9 / UTC-8),"west fork beaver creek, upstream of marathon road",Beaver Creek,STREAM,MAIN,TRUE,TRUE,TBD,FALSE
2022-08-09T23:15:00Z,12.678,beaver_creek_usgs_temp_3,60.65107,-151.09076,US/Alaska (UTC-9 / UTC-8),"west fork beaver creek, upstream of marathon road",Beaver Creek,STREAM,MAIN,TRUE,TRUE,TBD,FALSE
2022-08-09T23:30:00Z,12.654,beaver_creek_usgs_temp_3,60.65107,-151.09076,US/Alaska (UTC-9 / UTC-8),"west fork beaver creek, upstream of marathon road",Beaver Creek,STREAM,MAIN,TRUE,TRUE,TBD,FALSE
2022-08-09T23:45:00Z,12.63,beaver_creek_usgs_temp_3,60.65107,-151.09076,US/Alaska (UTC-9 / UTC-8),"west fork beaver creek, upstream of marathon road",Beaver Creek,STREAM,MAIN,TRUE,TRUE,TBD,FALSE
2022-08-10T00:00:00Z,12.582,beaver_creek_usgs_temp_3,60.65107,-151.09076,US/Alaska (UTC-9 / UTC-8),"west fork beaver creek, upstream of marathon road",Beaver Creek,STREAM,MAIN,TRUE,TRUE,TBD,FALSE
2022-08-10T00:15:00Z,12.558,beaver_creek_usgs_temp_3,60.65107,-151.09076,US/Alaska (UTC-9 / UTC-8),"west fork beaver creek, upstream of marathon road",Beaver Creek,STREAM,MAIN,TRUE,TRUE,TBD,FALSE
2022-08-10T00:30:00Z,12.534,beaver_creek_usgs_temp_3,60.65107,-151.09076,US/Alaska (UTC-9 / UTC-8),"west fork beaver creek, upstream of marathon road",Beaver Creek,STREAM,MAIN,TRUE,TRUE,TBD,FALSE
2022-08-10T00:45:00Z,12.485,beaver_creek_usgs_temp_3,60.65107,-151.09076,US/Alaska (UTC-9 / UTC-8),"west fork beaver creek, upstream of marathon road",Beaver Creek,STREAM,MAIN,TRUE,TRUE,TBD,FALSE
2022-08-10T01:00:00Z,12.461,beaver_creek_usgs_temp_3,60.65107,-151.09076,US/Alaska (UTC-9 / UTC-8),"west fork beaver creek, upstream of marathon road",Beaver Creek,STREAM,MAIN,TRUE,TRUE,TBD,FALSE
2022-08-10T01:15:00Z,12.437,beaver_creek_usgs_temp_3,60.65107,-151.09076,US/Alaska (UTC-9 / UTC-8),"west fork beaver creek, upstream of marathon road",Beaver Creek,STREAM,MAIN,TRUE,TRUE,TBD,FALSE
2022-08-10T01:30:00Z,12.389,beaver_creek_usgs_temp_3,60.65107,-151.09076,US/Alaska (UTC-9 / UTC-8),"west fork beaver creek, upstream of marathon road",Beaver Creek,STREAM,MAIN,TRUE,TRUE,TBD,FALSE
2022-08-10T01:45:00Z,12.364,beaver_creek_usgs_temp_3,60.65107,-151.09076,US/Alaska (UTC-9 / UTC-8),"west fork beaver creek, upstream of marathon road",Beaver Creek,STREAM,MAIN,TRUE,TRUE,TBD,FALSE
2022-08-10T02:00:00Z,12.316,beaver_creek_usgs_temp_3,60.65107,-151.09076,US/Alaska (UTC-9 / UTC-8),"west fork beaver creek, upstream of marathon road",Beaver Creek,STREAM,MAIN,TRUE,TRUE,TBD,FALSE
2022-08-10T02:15:00Z,12.268,beaver_creek_usgs_temp_3,60.65107,-151.09076,US/Alaska (UTC-9 / UTC-8),"west fork beaver creek, upstream of marathon road",Beaver Creek,STREAM,MAIN,TRUE,TRUE,TBD,FALSE
2022-08-10T02:30:00Z,12.243,beaver_creek_usgs_temp_3,60.65107,-151.09076,US/Alaska (UTC-9 / UTC-8),"west fork beaver creek, upstream of marathon road",Beaver Creek,STREAM,MAIN,TRUE,TRUE,TBD,FALSE
2022-08-10T02:45:00Z,12.195,beaver_creek_usgs_temp_3,60.65107,-151.09076,US/Alaska (UTC-9 / UTC-8),"west fork beaver creek, upstream of marathon road",Beaver Creek,STREAM,MAIN,TRUE,TRUE,TBD,FALSE
2022-08-10T03:00:00Z,12.171,beaver_creek_usgs_temp_3,60.65107,-151.09076,US/Alaska (UTC-9 / UTC-8),"west fork beaver creek, upstream of marathon road",Beaver Creek,STREAM,MAIN,TRUE,TRUE,TBD,FALSE
2022-08-10T03:15:00Z,12.098,beaver_creek_usgs_temp_3,60.65107,-151.09076,US/Alaska (UTC-9 / UTC-8),"west fork beaver creek, upstream of marathon road",Beaver Creek,STREAM,MAIN,TRUE,TRUE,TBD,FALSE
2022-08-10T03:30:00Z,12.074,beaver_creek_usgs_temp_3,60.65107,-151.09076,US/Alaska (UTC-9 / UTC-8),"west fork beaver creek, upstream of marathon road",Beaver Creek,STREAM,MAIN,TRUE,TRUE,TBD,FALSE
2022-08-10T03:45:00Z,12.025,beaver_creek_usgs_temp_3,60.65107,-151.09076,US/Alaska (UTC-9 / UTC-8),"west fork beaver creek, upstream of marathon road",Beaver Creek,STREAM,MAIN,TRUE,TRUE,TBD,FALSE
2022-08-10T04:00:00Z,12.001,beaver_creek_usgs_temp_3,60.65107,-151.09076,US/Alaska (UTC-9 / UTC-8),"west fork beaver creek, upstream of marathon road",Beaver Creek,STREAM,MAIN,TRUE,TRUE,TBD,FALSE
2022-08-10T04:15:00Z,11.977,beaver_creek_usgs_temp_3,60.65107,-151.09076,US/Alaska (UTC-9 / UTC-8),"west fork beaver creek, upstream of marathon road",Beaver Creek,STREAM,MAIN,TRUE,TRUE,TBD,FALSE
2022-08-10T04:30:00Z,11.929,beaver_creek_usgs_temp_3,60.65107,-151.09076,US/Alaska (UTC-9 / UTC-8),"west fork beaver creek, upstream of marathon road",Beaver Creek,STREAM,MAIN,TRUE,TRUE,TBD,FALSE
2022-08-10T04:45:00Z,11.88,beaver_creek_usgs_temp_3,60.65107,-151.09076,US/Alaska (UTC-9 / UTC-8),"west fork beaver creek, upstream of marathon road",Beaver Creek,STREAM,MAIN,TRUE,TRUE,TBD,FALSE
2022-08-10T05:00:00Z,11.856,beaver_creek_usgs_temp_3,60.65107,-151.09076,US/Alaska (UTC-9 / UTC-8),"west fork beaver creek, upstream of marathon road",Beaver Creek,STREAM,MAIN,TRUE,TRUE,TBD,FALSE
2022-08-10T05:15:00Z,11.807,beaver_creek_usgs_temp_3,60.65107,-151.09076,US/Alaska (UTC-9 / UTC-8),"west fork beaver creek, upstream of marathon road",Beaver Creek,STREAM,MAIN,TRUE,TRUE,TBD,FALSE
2022-08-10T05:30:00Z,11.759,beaver_creek_usgs_temp_3,60.65107,-151.09076,US/Alaska (UTC-9 / UTC-8),"west fork beaver creek, upstream of marathon road",Beaver Creek,STREAM,MAIN,TRUE,TRUE,TBD,FALSE
2022-08-10T05:45:00Z,11.686,beaver_creek_usgs_temp_3,60.65107,-151.09076,US/Alaska (UTC-9 / UTC-8),"west fork beaver creek, upstream of marathon road",Beaver Creek,STREAM,MAIN,TRUE,TRUE,TBD,FALSE
2022-08-10T06:00:00Z,11.637,beaver_creek_usgs_temp_3,60.65107,-151.09076,US/Alaska (UTC-9 / UTC-8),"west fork beaver creek, upstream of marathon road",Beaver Creek,STREAM,MAIN,TRUE,TRUE,TBD,FALSE
2022-08-10T06:15:00Z,11.613,beaver_creek_usgs_temp_3,60.65107,-151.09076,US/Alaska (UTC-9 / UTC-8),"west fork beaver creek, upstream of marathon road",Beaver Creek,STREAM,MAIN,TRUE,TRUE,TBD,FALSE
2022-08-10T06:30:00Z,11.589,beaver_creek_usgs_temp_3,60.65107,-151.09076,US/Alaska (UTC-9 / UTC-8),"west fork beaver creek, upstream of marathon road",Beaver Creek,STREAM,MAIN,TRUE,TRUE,TBD,FALSE
2022-08-10T06:45:00Z,11.54,beaver_creek_usgs_temp_3,60.65107,-151.09076,US/Alaska (UTC-9 / UTC-8),"west fork beaver creek, upstream of marathon road",Beaver Creek,STREAM,MAIN,TRUE,TRUE,TBD,FALSE
2022-08-10T07:00:00Z,11.516,beaver_creek_usgs_temp_3,60.65107,-151.09076,US/Alaska (UTC-9 / UTC-8),"west fork beaver creek, upstream of marathon road",Beaver Creek,STREAM,MAIN,TRUE,TRUE,TBD,FALSE
2022-08-10T07:15:00Z,11.492,beaver_creek_usgs_temp_3,60.65107,-151.09076,US/Alaska (UTC-9 / UTC-8),"west fork beaver creek, upstream of marathon road",Beaver Creek,STREAM,MAIN,TRUE,TRUE,TBD,FALSE
2022-08-10T07:30:00Z,11.443,beaver_creek_usgs_temp_3,60.65107,-151.09076,US/Alaska (UTC-9 / UTC-8),"west fork beaver creek, upstream of marathon road",Beaver Creek,STREAM,MAIN,TRUE,TRUE,TBD,FALSE
2022-08-10T07:45:00Z,11.419,beaver_creek_usgs_temp_3,60.65107,-151.09076,US/Alaska (UTC-9 / UTC-8),"west fork beaver creek, upstream of marathon road",Beaver Creek,STREAM,MAIN,TRUE,TRUE,TBD,FALSE
2022-08-10T08:00:00Z,11.419,beaver_creek_usgs_temp_3,60.65107,-151.09076,US/Alaska (UTC-9 / UTC-8),"west fork beaver creek, upstream of marathon road",Beaver Creek,STREAM,MAIN,TRUE,TRUE,TBD,FALSE
2022-08-10T08:15:00Z,11.394,beaver_creek_usgs_temp_3,60.65107,-151.09076,US/Alaska (UTC-9 / UTC-8),"west fork beaver creek, upstream of marathon road",Beaver Creek,STREAM,MAIN,TRUE,TRUE,TBD,FALSE
2022-08-10T08:30:00Z,11.419,beaver_creek_usgs_temp_3,60.65107,-151.09076,US/Alaska (UTC-9 / UTC-8),"west fork beaver creek, upstream of marathon road",Beaver Creek,STREAM,MAIN,TRUE,TRUE,TBD,FALSE
2022-08-10T08:45:00Z,11.443,beaver_creek_usgs_temp_3,60.65107,-151.09076,US/Alaska (UTC-9 / UTC-8),"west fork beaver creek, upstream of marathon road",Beaver Creek,STREAM,MAIN,TRUE,TRUE,TBD,FALSE
2022-08-10T09:00:00Z,11.492,beaver_creek_usgs_temp_3,60.65107,-151.09076,US/Alaska (UTC-9 / UTC-8),"west fork beaver creek, upstream of marathon road",Beaver Creek,STREAM,MAIN,TRUE,TRUE,TBD,FALSE
2022-08-10T09:15:00Z,11.54,beaver_creek_usgs_temp_3,60.65107,-151.09076,US/Alaska (UTC-9 / UTC-8),"west fork beaver creek, upstream of marathon road",Beaver Creek,STREAM,MAIN,TRUE,TRUE,TBD,FALSE
2022-08-10T09:30:00Z,11.637,beaver_creek_usgs_temp_3,60.65107,-151.09076,US/Alaska (UTC-9 / UTC-8),"west fork beaver creek, upstream of marathon road",Beaver Creek,STREAM,MAIN,TRUE,TRUE,TBD,FALSE
2022-08-10T09:45:00Z,11.71,beaver_creek_usgs_temp_3,60.65107,-151.09076,US/Alaska (UTC-9 / UTC-8),"west fork beaver creek, upstream of marathon road",Beaver Creek,STREAM,MAIN,TRUE,TRUE,TBD,FALSE
2022-08-10T10:00:00Z,11.807,beaver_creek_usgs_temp_3,60.65107,-151.09076,US/Alaska (UTC-9 / UTC-8),"west fork beaver creek, upstream of marathon road",Beaver Creek,STREAM,MAIN,TRUE,TRUE,TBD,FALSE
2022-08-10T10:15:00Z,11.904,beaver_creek_usgs_temp_3,60.65107,-151.09076,US/Alaska (UTC-9 / UTC-8),"west fork beaver creek, upstream of marathon road",Beaver Creek,STREAM,MAIN,TRUE,TRUE,TBD,FALSE
2022-08-10T10:30:00Z,12.001,beaver_creek_usgs_temp_3,60.65107,-151.09076,US/Alaska (UTC-9 / UTC-8),"west fork beaver creek, upstream of marathon road",Beaver Creek,STREAM,MAIN,TRUE,TRUE,TBD,FALSE
2022-08-10T10:45:00Z,12.074,beaver_creek_usgs_temp_3,60.65107,-151.09076,US/Alaska (UTC-9 / UTC-8),"west fork beaver creek, upstream of marathon road",Beaver Creek,STREAM,MAIN,TRUE,TRUE,TBD,FALSE
2022-08-10T11:00:00Z,12.171,beaver_creek_usgs_temp_3,60.65107,-151.09076,US/Alaska (UTC-9 / UTC-8),"west fork beaver creek, upstream of marathon road",Beaver Creek,STREAM,MAIN,TRUE,TRUE,TBD,FALSE
2022-08-10T11:15:00Z,12.292,beaver_creek_usgs_temp_3,60.65107,-151.09076,US/Alaska (UTC-9 / UTC-8),"west fork beaver creek, upstream of marathon road",Beaver Creek,STREAM,MAIN,TRUE,TRUE,TBD,FALSE
2022-08-10T11:30:00Z,12.413,beaver_creek_usgs_temp_3,60.65107,-151.09076,US/Alaska (UTC-9 / UTC-8),"west fork beaver creek, upstream of marathon road",Beaver Creek,STREAM,MAIN,TRUE,TRUE,TBD,FALSE
2022-08-10T11:45:00Z,12.534,beaver_creek_usgs_temp_3,60.65107,-151.09076,US/Alaska (UTC-9 / UTC-8),"west fork beaver creek, upstream of marathon road",Beaver Creek,STREAM,MAIN,TRUE,TRUE,TBD,FALSE
2022-08-10T12:00:00Z,12.606,beaver_creek_usgs_temp_3,60.65107,-151.09076,US/Alaska (UTC-9 / UTC-8),"west fork beaver creek, upstream of marathon road",Beaver Creek,STREAM,MAIN,TRUE,TRUE,TBD,FALSE
2022-08-10T12:15:00Z,12.678,beaver_creek_usgs_temp_3,60.65107,-151.09076,US/Alaska (UTC-9 / UTC-8),"west fork beaver creek, upstream of marathon road",Beaver Creek,STREAM,MAIN,TRUE,TRUE,TBD,FALSE
2022-08-10T12:30:00Z,12.775,beaver_creek_usgs_temp_3,60.65107,-151.09076,US/Alaska (UTC-9 / UTC-8),"west fork beaver creek, upstream of marathon road",Beaver Creek,STREAM,MAIN,TRUE,TRUE,TBD,FALSE
2022-08-10T12:45:00Z,12.896,beaver_creek_usgs_temp_3,60.65107,-151.09076,US/Alaska (UTC-9 / UTC-8),"west fork beaver creek, upstream of marathon road",Beaver Creek,STREAM,MAIN,TRUE,TRUE,TBD,FALSE
2022-08-10T13:00:00Z,13.016,beaver_creek_usgs_temp_3,60.65107,-151.09076,US/Alaska (UTC-9 / UTC-8),"west fork beaver creek, upstream of marathon road",Beaver Creek,STREAM,MAIN,TRUE,TRUE,TBD,FALSE
2022-08-10T13:15:00Z,13.137,beaver_creek_usgs_temp_3,60.65107,-151.09076,US/Alaska (UTC-9 / UTC-8),"west fork beaver creek, upstream of marathon road",Beaver Creek,STREAM,MAIN,TRUE,TRUE,TBD,FALSE
2022-08-10T13:30:00Z,13.233,beaver_creek_usgs_temp_3,60.65107,-151.09076,US/Alaska (UTC-9 / UTC-8),"west fork beaver creek, upstream of marathon road",Beaver Creek,STREAM,MAIN,TRUE,TRUE,TBD,FALSE
2022-08-10T13:45:00Z,13.329,beaver_creek_usgs_temp_3,60.65107,-151.09076,US/Alaska (UTC-9 / UTC-8),"west fork beaver creek, upstream of marathon road",Beaver Creek,STREAM,MAIN,TRUE,TRUE,TBD,FALSE
2022-08-10T14:00:00Z,13.473,beaver_creek_usgs_temp_3,60.65107,-151.09076,US/Alaska (UTC-9 / UTC-8),"west fork beaver creek, upstream of marathon road",Beaver Creek,STREAM,MAIN,TRUE,TRUE,TBD,FALSE
2022-08-10T14:15:00Z,13.594,beaver_creek_usgs_temp_3,60.65107,-151.09076,US/Alaska (UTC-9 / UTC-8),"west fork beaver creek, upstream of marathon road",Beaver Creek,STREAM,MAIN,TRUE,TRUE,TBD,FALSE
2022-08-10T14:30:00Z,13.714,beaver_creek_usgs_temp_3,60.65107,-151.09076,US/Alaska (UTC-9 / UTC-8),"west fork beaver creek, upstream of marathon road",Beaver Creek,STREAM,MAIN,TRUE,TRUE,TBD,FALSE
2022-08-10T14:45:00Z,13.834,beaver_creek_usgs_temp_3,60.65107,-151.09076,US/Alaska (UTC-9 / UTC-8),"west fork beaver creek, upstream of marathon road",Beaver Creek,STREAM,MAIN,TRUE,TRUE,TBD,FALSE
2022-08-10T15:00:00Z,13.954,beaver_creek_usgs_temp_3,60.65107,-151.09076,US/Alaska (UTC-9 / UTC-8),"west fork beaver creek, upstream of marathon road",Beaver Creek,STREAM,MAIN,TRUE,TRUE,TBD,FALSE
2022-08-10T15:15:00Z,14.05,beaver_creek_usgs_temp_3,60.65107,-151.09076,US/Alaska (UTC-9 / UTC-8),"west fork beaver creek, upstream of marathon road",Beaver Creek,STREAM,MAIN,TRUE,TRUE,TBD,FALSE
2022-08-10T15:30:00Z,14.146,beaver_creek_usgs_temp_3,60.65107,-151.09076,US/Alaska (UTC-9 / UTC-8),"west fork beaver creek, upstream of marathon road",Beaver Creek,STREAM,MAIN,TRUE,TRUE,TBD,FALSE
2022-08-10T15:45:00Z,14.242,beaver_creek_usgs_temp_3,60.65107,-151.09076,US/Alaska (UTC-9 / UTC-8),"west fork beaver creek, upstream of marathon road",Beaver Creek,STREAM,MAIN,TRUE,TRUE,TBD,FALSE
2022-08-10T16:00:00Z,14.314,beaver_creek_usgs_temp_3,60.65107,-151.09076,US/Alaska (UTC-9 / UTC-8),"west fork beaver creek, upstream of marathon road",Beaver Creek,STREAM,MAIN,TRUE,TRUE,TBD,FALSE
2022-08-10T16:15:00Z,14.385,beaver_creek_usgs_temp_3,60.65107,-151.09076,US/Alaska (UTC-9 / UTC-8),"west fork beaver creek, upstream of marathon road",Beaver Creek,STREAM,MAIN,TRUE,TRUE,TBD,FALSE
2022-08-10T16:30:00Z,14.433,beaver_creek_usgs_temp_3,60.65107,-151.09076,US/Alaska (UTC-9 / UTC-8),"west fork beaver creek, upstream of marathon road",Beaver Creek,STREAM,MAIN,TRUE,TRUE,TBD,FALSE
2022-08-10T16:45:00Z,14.481,beaver_creek_usgs_temp_3,60.65107,-151.09076,US/Alaska (UTC-9 / UTC-8),"west fork beaver creek, upstream of marathon road",Beaver Creek,STREAM,MAIN,TRUE,TRUE,TBD,FALSE
2022-08-10T17:00:00Z,14.529,beaver_creek_usgs_temp_3,60.65107,-151.09076,US/Alaska (UTC-9 / UTC-8),"west fork beaver creek, upstream of marathon road",Beaver Creek,STREAM,MAIN,TRUE,TRUE,TBD,FALSE
2022-08-10T17:15:00Z,14.601,beaver_creek_usgs_temp_3,60.65107,-151.09076,US/Alaska (UTC-9 / UTC-8),"west fork beaver creek, upstream of marathon road",Beaver Creek,STREAM,MAIN,TRUE,TRUE,TBD,FALSE
2022-08-10T17:30:00Z,14.673,beaver_creek_usgs_temp_3,60.65107,-151.09076,US/Alaska (UTC-9 / UTC-8),"west fork beaver creek, upstream of marathon road",Beaver Creek,STREAM,MAIN,TRUE,TRUE,TBD,FALSE
2022-08-10T17:45:00Z,14.697,beaver_creek_usgs_temp_3,60.65107,-151.09076,US/Alaska (UTC-9 / UTC-8),"west fork beaver creek, upstream of marathon road",Beaver Creek,STREAM,MAIN,TRUE,TRUE,TBD,FALSE
2022-08-10T18:00:00Z,14.721,beaver_creek_usgs_temp_3,60.65107,-151.09076,US/Alaska (UTC-9 / UTC-8),"west fork beaver creek, upstream of marathon road",Beaver Creek,STREAM,MAIN,TRUE,TRUE,TBD,FALSE
2022-08-10T18:15:00Z,14.721,beaver_creek_usgs_temp_3,60.65107,-151.09076,US/Alaska (UTC-9 / UTC-8),"west fork beaver creek, upstream of marathon road",Beaver Creek,STREAM,MAIN,TRUE,TRUE,TBD,FALSE
2022-08-10T18:30:00Z,14.721,beaver_creek_usgs_temp_3,60.65107,-151.09076,US/Alaska (UTC-9 / UTC-8),"west fork beaver creek, upstream of marathon road",Beaver Creek,STREAM,MAIN,TRUE,TRUE,TBD,FALSE
2022-08-10T18:45:00Z,14.745,beaver_creek_usgs_temp_3,60.65107,-151.09076,US/Alaska (UTC-9 / UTC-8),"west fork beaver creek, upstream of marathon road",Beaver Creek,STREAM,MAIN,TRUE,TRUE,TBD,FALSE
2022-08-10T19:00:00Z,14.745,beaver_creek_usgs_temp_3,60.65107,-151.09076,US/Alaska (UTC-9 / UTC-8),"west fork beaver creek, upstream of marathon road",Beaver Creek,STREAM,MAIN,TRUE,TRUE,TBD,FALSE
2022-08-10T19:15:00Z,14.745,beaver_creek_usgs_temp_3,60.65107,-151.09076,US/Alaska (UTC-9 / UTC-8),"west fork beaver creek, upstream of marathon road",Beaver Creek,STREAM,MAIN,TRUE,TRUE,TBD,FALSE
2022-08-10T19:30:00Z,14.721,beaver_creek_usgs_temp_3,60.65107,-151.09076,US/Alaska (UTC-9 / UTC-8),"west fork beaver creek, upstream of marathon road",Beaver Creek,STREAM,MAIN,TRUE,TRUE,TBD,FALSE
2022-08-10T19:45:00Z,14.697,beaver_creek_usgs_temp_3,60.65107,-151.09076,US/Alaska (UTC-9 / UTC-8),"west fork beaver creek, upstream of marathon road",Beaver Creek,STREAM,MAIN,TRUE,TRUE,TBD,FALSE
2022-08-10T20:00:00Z,14.673,beaver_creek_usgs_temp_3,60.65107,-151.09076,US/Alaska (UTC-9 / UTC-8),"west fork beaver creek, upstream of marathon road",Beaver Creek,STREAM,MAIN,TRUE,TRUE,TBD,FALSE
2022-08-10T20:15:00Z,14.625,beaver_creek_usgs_temp_3,60.65107,-151.09076,US/Alaska (UTC-9 / UTC-8),"west fork beaver creek, upstream of marathon road",Beaver Creek,STREAM,MAIN,TRUE,TRUE,TBD,FALSE
2022-08-10T20:30:00Z,14.601,beaver_creek_usgs_temp_3,60.65107,-151.09076,US/Alaska (UTC-9 / UTC-8),"west fork beaver creek, upstream of marathon road",Beaver Creek,STREAM,MAIN,TRUE,TRUE,TBD,FALSE
2022-08-10T20:45:00Z,14.553,beaver_creek_usgs_temp_3,60.65107,-151.09076,US/Alaska (UTC-9 / UTC-8),"west fork beaver creek, upstream of marathon road",Beaver Creek,STREAM,MAIN,TRUE,TRUE,TBD,FALSE
2022-08-10T21:00:00Z,14.529,beaver_creek_usgs_temp_3,60.65107,-151.09076,US/Alaska (UTC-9 / UTC-8),"west fork beaver creek, upstream of marathon road",Beaver Creek,STREAM,MAIN,TRUE,TRUE,TBD,FALSE
2022-08-10T21:15:00Z,14.505,beaver_creek_usgs_temp_3,60.65107,-151.09076,US/Alaska (UTC-9 / UTC-8),"west fork beaver creek, upstream of marathon road",Beaver Creek,STREAM,MAIN,TRUE,TRUE,TBD,FALSE
2022-08-10T21:30:00Z,14.457,beaver_creek_usgs_temp_3,60.65107,-151.09076,US/Alaska (UTC-9 / UTC-8),"west fork beaver creek, upstream of marathon road",Beaver Creek,STREAM,MAIN,TRUE,TRUE,TBD,FALSE
2022-08-10T21:45:00Z,14.409,beaver_creek_usgs_temp_3,60.65107,-151.09076,US/Alaska (UTC-9 / UTC-8),"west fork beaver creek, upstream of marathon road",Beaver Creek,STREAM,MAIN,TRUE,TRUE,TBD,FALSE
2022-08-10T22:00:00Z,14.385,beaver_creek_usgs_temp_3,60.65107,-151.09076,US/Alaska (UTC-9 / UTC-8),"west fork beaver creek, upstream of marathon road",Beaver Creek,STREAM,MAIN,TRUE,TRUE,TBD,FALSE
2022-08-10T22:15:00Z,14.337,beaver_creek_usgs_temp_3,60.65107,-151.09076,US/Alaska (UTC-9 / UTC-8),"west fork beaver creek, upstream of marathon road",Beaver Creek,STREAM,MAIN,TRUE,TRUE,TBD,FALSE
2022-08-10T22:30:00Z,14.29,beaver_creek_usgs_temp_3,60.65107,-151.09076,US/Alaska (UTC-9 / UTC-8),"west fork beaver creek, upstream of marathon road",Beaver Creek,STREAM,MAIN,TRUE,TRUE,TBD,FALSE
2022-08-10T22:45:00Z,14.266,beaver_creek_usgs_temp_3,60.65107,-151.09076,US/Alaska (UTC-9 / UTC-8),"west fork beaver creek, upstream of marathon road",Beaver Creek,STREAM,MAIN,TRUE,TRUE,TBD,FALSE
2022-08-10T23:00:00Z,14.218,beaver_creek_usgs_temp_3,60.65107,-151.09076,US/Alaska (UTC-9 / UTC-8),"west fork beaver creek, upstream of marathon road",Beaver Creek,STREAM,MAIN,TRUE,TRUE,TBD,FALSE
2022-08-10T23:15:00Z,14.194,beaver_creek_usgs_temp_3,60.65107,-151.09076,US/Alaska (UTC-9 / UTC-8),"west fork beaver creek, upstream of marathon road",Beaver Creek,STREAM,MAIN,TRUE,TRUE,TBD,FALSE
2022-08-10T23:30:00Z,14.146,beaver_creek_usgs_temp_3,60.65107,-151.09076,US/Alaska (UTC-9 / UTC-8),"west fork beaver creek, upstream of marathon road",Beaver Creek,STREAM,MAIN,TRUE,TRUE,TBD,FALSE
2022-08-10T23:45:00Z,14.098,beaver_creek_usgs_temp_3,60.65107,-151.09076,US/Alaska (UTC-9 / UTC-8),"west fork beaver creek, upstream of marathon road",Beaver Creek,STREAM,MAIN,TRUE,TRUE,TBD,FALSE
2022-08-11T00:00:00Z,14.05,beaver_creek_usgs_temp_3,60.65107,-151.09076,US/Alaska (UTC-9 / UTC-8),"west fork beaver creek, upstream of marathon road",Beaver Creek,STREAM,MAIN,TRUE,TRUE,TBD,FALSE
2022-08-11T00:15:00Z,14.026,beaver_creek_usgs_temp_3,60.65107,-151.09076,US/Alaska (UTC-9 / UTC-8),"west fork beaver creek, upstream of marathon road",Beaver Creek,STREAM,MAIN,TRUE,TRUE,TBD,FALSE
2022-08-11T00:30:00Z,14.002,beaver_creek_usgs_temp_3,60.65107,-151.09076,US/Alaska (UTC-9 / UTC-8),"west fork beaver creek, upstream of marathon road",Beaver Creek,STREAM,MAIN,TRUE,TRUE,TBD,FALSE
2022-08-11T00:45:00Z,13.978,beaver_creek_usgs_temp_3,60.65107,-151.09076,US/Alaska (UTC-9 / UTC-8),"west fork beaver creek, upstream of marathon road",Beaver Creek,STREAM,MAIN,TRUE,TRUE,TBD,FALSE
2022-08-11T01:00:00Z,13.954,beaver_creek_usgs_temp_3,60.65107,-151.09076,US/Alaska (UTC-9 / UTC-8),"west fork beaver creek, upstream of marathon road",Beaver Creek,STREAM,MAIN,TRUE,TRUE,TBD,FALSE
2022-08-11T01:15:00Z,13.906,beaver_creek_usgs_temp_3,60.65107,-151.09076,US/Alaska (UTC-9 / UTC-8),"west fork beaver creek, upstream of marathon road",Beaver Creek,STREAM,MAIN,TRUE,TRUE,TBD,FALSE
2022-08-11T01:30:00Z,13.906,beaver_creek_usgs_temp_3,60.65107,-151.09076,US/Alaska (UTC-9 / UTC-8),"west fork beaver creek, upstream of marathon road",Beaver Creek,STREAM,MAIN,TRUE,TRUE,TBD,FALSE
2022-08-11T01:45:00Z,13.858,beaver_creek_usgs_temp_3,60.65107,-151.09076,US/Alaska (UTC-9 / UTC-8),"west fork beaver creek, upstream of marathon road",Beaver Creek,STREAM,MAIN,TRUE,TRUE,TBD,FALSE
2022-08-11T02:00:00Z,13.834,beaver_creek_usgs_temp_3,60.65107,-151.09076,US/Alaska (UTC-9 / UTC-8),"west fork beaver creek, upstream of marathon road",Beaver Creek,STREAM,MAIN,TRUE,TRUE,TBD,FALSE
2022-08-11T02:15:00Z,13.81,beaver_creek_usgs_temp_3,60.65107,-151.09076,US/Alaska (UTC-9 / UTC-8),"west fork beaver creek, upstream of marathon road",Beaver Creek,STREAM,MAIN,TRUE,TRUE,TBD,FALSE
2022-08-11T02:30:00Z,13.81,beaver_creek_usgs_temp_3,60.65107,-151.09076,US/Alaska (UTC-9 / UTC-8),"west fork beaver creek, upstream of marathon road",Beaver Creek,STREAM,MAIN,TRUE,TRUE,TBD,FALSE
2022-08-11T02:45:00Z,13.786,beaver_creek_usgs_temp_3,60.65107,-151.09076,US/Alaska (UTC-9 / UTC-8),"west fork beaver creek, upstream of marathon road",Beaver Creek,STREAM,MAIN,TRUE,TRUE,TBD,FALSE
2022-08-11T03:00:00Z,13.762,beaver_creek_usgs_temp_3,60.65107,-151.09076,US/Alaska (UTC-9 / UTC-8),"west fork beaver creek, upstream of marathon road",Beaver Creek,STREAM,MAIN,TRUE,TRUE,TBD,FALSE
2022-08-11T03:15:00Z,13.762,beaver_creek_usgs_temp_3,60.65107,-151.09076,US/Alaska (UTC-9 / UTC-8),"west fork beaver creek, upstream of marathon road",Beaver Creek,STREAM,MAIN,TRUE,TRUE,TBD,FALSE
2022-08-11T03:30:00Z,13.738,beaver_creek_usgs_temp_3,60.65107,-151.09076,US/Alaska (UTC-9 / UTC-8),"west fork beaver creek, upstream of marathon road",Beaver Creek,STREAM,MAIN,TRUE,TRUE,TBD,FALSE
2022-08-11T03:45:00Z,13.738,beaver_creek_usgs_temp_3,60.65107,-151.09076,US/Alaska (UTC-9 / UTC-8),"west fork beaver creek, upstream of marathon road",Beaver Creek,STREAM,MAIN,TRUE,TRUE,TBD,FALSE
2022-08-11T04:00:00Z,13.738,beaver_creek_usgs_temp_3,60.65107,-151.09076,US/Alaska (UTC-9 / UTC-8),"west fork beaver creek, upstream of marathon road",Beaver Creek,STREAM,MAIN,TRUE,TRUE,TBD,FALSE
2022-08-11T04:15:00Z,13.714,beaver_creek_usgs_temp_3,60.65107,-151.09076,US/Alaska (UTC-9 / UTC-8),"west fork beaver creek, upstream of marathon road",Beaver Creek,STREAM,MAIN,TRUE,TRUE,TBD,FALSE
2022-08-11T04:30:00Z,13.714,beaver_creek_usgs_temp_3,60.65107,-151.09076,US/Alaska (UTC-9 / UTC-8),"west fork beaver creek, upstream of marathon road",Beaver Creek,STREAM,MAIN,TRUE,TRUE,TBD,FALSE
2022-08-11T04:45:00Z,13.714,beaver_creek_usgs_temp_3,60.65107,-151.09076,US/Alaska (UTC-9 / UTC-8),"west fork beaver creek, upstream of marathon road",Beaver Creek,STREAM,MAIN,TRUE,TRUE,TBD,FALSE
2022-08-11T05:00:00Z,13.69,beaver_creek_usgs_temp_3,60.65107,-151.09076,US/Alaska (UTC-9 / UTC-8),"west fork beaver creek, upstream of marathon road",Beaver Creek,STREAM,MAIN,TRUE,TRUE,TBD,FALSE
2022-08-11T05:15:00Z,13.666,beaver_creek_usgs_temp_3,60.65107,-151.09076,US/Alaska (UTC-9 / UTC-8),"west fork beaver creek, upstream of marathon road",Beaver Creek,STREAM,MAIN,TRUE,TRUE,TBD,FALSE
2022-08-11T05:30:00Z,13.666,beaver_creek_usgs_temp_3,60.65107,-151.09076,US/Alaska (UTC-9 / UTC-8),"west fork beaver creek, upstream of marathon road",Beaver Creek,STREAM,MAIN,TRUE,TRUE,TBD,FALSE
2022-08-11T05:45:00Z,13.666,beaver_creek_usgs_temp_3,60.65107,-151.09076,US/Alaska (UTC-9 / UTC-8),"west fork beaver creek, upstream of marathon road",Beaver Creek,STREAM,MAIN,TRUE,TRUE,TBD,FALSE
2022-08-11T06:00:00Z,13.642,beaver_creek_usgs_temp_3,60.65107,-151.09076,US/Alaska (UTC-9 / UTC-8),"west fork beaver creek, upstream of marathon road",Beaver Creek,STREAM,MAIN,TRUE,TRUE,TBD,FALSE
2022-08-11T06:15:00Z,13.642,beaver_creek_usgs_temp_3,60.65107,-151.09076,US/Alaska (UTC-9 / UTC-8),"west fork beaver creek, upstream of marathon road",Beaver Creek,STREAM,MAIN,TRUE,TRUE,TBD,FALSE
2022-08-11T06:30:00Z,13.642,beaver_creek_usgs_temp_3,60.65107,-151.09076,US/Alaska (UTC-9 / UTC-8),"west fork beaver creek, upstream of marathon road",Beaver Creek,STREAM,MAIN,TRUE,TRUE,TBD,FALSE
2022-08-11T06:45:00Z,13.642,beaver_creek_usgs_temp_3,60.65107,-151.09076,US/Alaska (UTC-9 / UTC-8),"west fork beaver creek, upstream of marathon road",Beaver Creek,STREAM,MAIN,TRUE,TRUE,TBD,FALSE
2022-08-11T07:00:00Z,13.642,beaver_creek_usgs_temp_3,60.65107,-151.09076,US/Alaska (UTC-9 / UTC-8),"west fork beaver creek, upstream of marathon road",Beaver Creek,STREAM,MAIN,TRUE,TRUE,TBD,FALSE
2022-08-11T07:15:00Z,13.642,beaver_creek_usgs_temp_3,60.65107,-151.09076,US/Alaska (UTC-9 / UTC-8),"west fork beaver creek, upstream of marathon road",Beaver Creek,STREAM,MAIN,TRUE,TRUE,TBD,FALSE
2022-08-11T07:30:00Z,13.642,beaver_creek_usgs_temp_3,60.65107,-151.09076,US/Alaska (UTC-9 / UTC-8),"west fork beaver creek, upstream of marathon road",Beaver Creek,STREAM,MAIN,TRUE,TRUE,TBD,FALSE
2022-08-11T07:45:00Z,13.642,beaver_creek_usgs_temp_3,60.65107,-151.09076,US/Alaska (UTC-9 / UTC-8),"west fork beaver creek, upstream of marathon road",Beaver Creek,STREAM,MAIN,TRUE,TRUE,TBD,FALSE
2022-08-11T08:00:00Z,13.642,beaver_creek_usgs_temp_3,60.65107,-151.09076,US/Alaska (UTC-9 / UTC-8),"west fork beaver creek, upstream of marathon road",Beaver Creek,STREAM,MAIN,TRUE,TRUE,TBD,FALSE
2022-08-11T08:15:00Z,13.666,beaver_creek_usgs_temp_3,60.65107,-151.09076,US/Alaska (UTC-9 / UTC-8),"west fork beaver creek, upstream of marathon road",Beaver Creek,STREAM,MAIN,TRUE,TRUE,TBD,FALSE
2022-08-11T08:30:00Z,13.666,beaver_creek_usgs_temp_3,60.65107,-151.09076,US/Alaska (UTC-9 / UTC-8),"west fork beaver creek, upstream of marathon road",Beaver Creek,STREAM,MAIN,TRUE,TRUE,TBD,FALSE
2022-08-11T08:45:00Z,13.69,beaver_creek_usgs_temp_3,60.65107,-151.09076,US/Alaska (UTC-9 / UTC-8),"west fork beaver creek, upstream of marathon road",Beaver Creek,STREAM,MAIN,TRUE,TRUE,TBD,FALSE
2022-08-11T09:00:00Z,13.714,beaver_creek_usgs_temp_3,60.65107,-151.09076,US/Alaska (UTC-9 / UTC-8),"west fork beaver creek, upstream of marathon road",Beaver Creek,STREAM,MAIN,TRUE,TRUE,TBD,FALSE
2022-08-11T09:15:00Z,13.738,beaver_creek_usgs_temp_3,60.65107,-151.09076,US/Alaska (UTC-9 / UTC-8),"west fork beaver creek, upstream of marathon road",Beaver Creek,STREAM,MAIN,TRUE,TRUE,TBD,FALSE
2022-08-11T09:30:00Z,13.762,beaver_creek_usgs_temp_3,60.65107,-151.09076,US/Alaska (UTC-9 / UTC-8),"west fork beaver creek, upstream of marathon road",Beaver Creek,STREAM,MAIN,TRUE,TRUE,TBD,FALSE
2022-08-11T09:45:00Z,13.81,beaver_creek_usgs_temp_3,60.65107,-151.09076,US/Alaska (UTC-9 / UTC-8),"west fork beaver creek, upstream of marathon road",Beaver Creek,STREAM,MAIN,TRUE,TRUE,TBD,FALSE
2022-08-11T10:00:00Z,13.834,beaver_creek_usgs_temp_3,60.65107,-151.09076,US/Alaska (UTC-9 / UTC-8),"west fork beaver creek, upstream of marathon road",Beaver Creek,STREAM,MAIN,TRUE,TRUE,TBD,FALSE
2022-08-11T10:15:00Z,13.882,beaver_creek_usgs_temp_3,60.65107,-151.09076,US/Alaska (UTC-9 / UTC-8),"west fork beaver creek, upstream of marathon road",Beaver Creek,STREAM,MAIN,TRUE,TRUE,TBD,FALSE
2022-08-11T10:30:00Z,13.93,beaver_creek_usgs_temp_3,60.65107,-151.09076,US/Alaska (UTC-9 / UTC-8),"west fork beaver creek, upstream of marathon road",Beaver Creek,STREAM,MAIN,TRUE,TRUE,TBD,FALSE
2022-08-11T10:45:00Z,14.002,beaver_creek_usgs_temp_3,60.65107,-151.09076,US/Alaska (UTC-9 / UTC-8),"west fork beaver creek, upstream of marathon road",Beaver Creek,STREAM,MAIN,TRUE,TRUE,TBD,FALSE
2022-08-11T11:00:00Z,14.074,beaver_creek_usgs_temp_3,60.65107,-151.09076,US/Alaska (UTC-9 / UTC-8),"west fork beaver creek, upstream of marathon road",Beaver Creek,STREAM,MAIN,TRUE,TRUE,TBD,FALSE
2022-08-11T11:15:00Z,14.146,beaver_creek_usgs_temp_3,60.65107,-151.09076,US/Alaska (UTC-9 / UTC-8),"west fork beaver creek, upstream of marathon road",Beaver Creek,STREAM,MAIN,TRUE,TRUE,TBD,FALSE
2022-08-11T11:30:00Z,14.242,beaver_creek_usgs_temp_3,60.65107,-151.09076,US/Alaska (UTC-9 / UTC-8),"west fork beaver creek, upstream of marathon road",Beaver Creek,STREAM,MAIN,TRUE,TRUE,TBD,FALSE
2022-08-11T11:45:00Z,14.314,beaver_creek_usgs_temp_3,60.65107,-151.09076,US/Alaska (UTC-9 / UTC-8),"west fork beaver creek, upstream of marathon road",Beaver Creek,STREAM,MAIN,TRUE,TRUE,TBD,FALSE
2022-08-11T12:00:00Z,14.385,beaver_creek_usgs_temp_3,60.65107,-151.09076,US/Alaska (UTC-9 / UTC-8),"west fork beaver creek, upstream of marathon road",Beaver Creek,STREAM,MAIN,TRUE,TRUE,TBD,FALSE
2022-08-11T12:15:00Z,14.433,beaver_creek_usgs_temp_3,60.65107,-151.09076,US/Alaska (UTC-9 / UTC-8),"west fork beaver creek, upstream of marathon road",Beaver Creek,STREAM,MAIN,TRUE,TRUE,TBD,FALSE
2022-08-11T12:30:00Z,14.481,beaver_creek_usgs_temp_3,60.65107,-151.09076,US/Alaska (UTC-9 / UTC-8),"west fork beaver creek, upstream of marathon road",Beaver Creek,STREAM,MAIN,TRUE,TRUE,TBD,FALSE
2022-08-11T12:45:00Z,14.529,beaver_creek_usgs_temp_3,60.65107,-151.09076,US/Alaska (UTC-9 / UTC-8),"west fork beaver creek, upstream of marathon road",Beaver Creek,STREAM,MAIN,TRUE,TRUE,TBD,FALSE
2022-08-11T13:00:00Z,14.577,beaver_creek_usgs_temp_3,60.65107,-151.09076,US/Alaska (UTC-9 / UTC-8),"west fork beaver creek, upstream of marathon road",Beaver Creek,STREAM,MAIN,TRUE,TRUE,TBD,FALSE
2022-08-11T13:15:00Z,14.625,beaver_creek_usgs_temp_3,60.65107,-151.09076,US/Alaska (UTC-9 / UTC-8),"west fork beaver creek, upstream of marathon road",Beaver Creek,STREAM,MAIN,TRUE,TRUE,TBD,FALSE
2022-08-11T13:30:00Z,14.673,beaver_creek_usgs_temp_3,60.65107,-151.09076,US/Alaska (UTC-9 / UTC-8),"west fork beaver creek, upstream of marathon road",Beaver Creek,STREAM,MAIN,TRUE,TRUE,TBD,FALSE
2022-08-11T13:45:00Z,14.721,beaver_creek_usgs_temp_3,60.65107,-151.09076,US/Alaska (UTC-9 / UTC-8),"west fork beaver creek, upstream of marathon road",Beaver Creek,STREAM,MAIN,TRUE,TRUE,TBD,FALSE
2022-08-11T14:00:00Z,14.768,beaver_creek_usgs_temp_3,60.65107,-151.09076,US/Alaska (UTC-9 / UTC-8),"west fork beaver creek, upstream of marathon road",Beaver Creek,STREAM,MAIN,TRUE,TRUE,TBD,FALSE
2022-08-11T14:15:00Z,14.864,beaver_creek_usgs_temp_3,60.65107,-151.09076,US/Alaska (UTC-9 / UTC-8),"west fork beaver creek, upstream of marathon road",Beaver Creek,STREAM,MAIN,TRUE,TRUE,TBD,FALSE
2022-08-11T14:30:00Z,14.936,beaver_creek_usgs_temp_3,60.65107,-151.09076,US/Alaska (UTC-9 / UTC-8),"west fork beaver creek, upstream of marathon road",Beaver Creek,STREAM,MAIN,TRUE,TRUE,TBD,FALSE
2022-08-11T14:45:00Z,14.96,beaver_creek_usgs_temp_3,60.65107,-151.09076,US/Alaska (UTC-9 / UTC-8),"west fork beaver creek, upstream of marathon road",Beaver Creek,STREAM,MAIN,TRUE,TRUE,TBD,FALSE
2022-08-11T15:00:00Z,14.984,beaver_creek_usgs_temp_3,60.65107,-151.09076,US/Alaska (UTC-9 / UTC-8),"west fork beaver creek, upstream of marathon road",Beaver Creek,STREAM,MAIN,TRUE,TRUE,TBD,FALSE
2022-08-11T15:15:00Z,14.984,beaver_creek_usgs_temp_3,60.65107,-151.09076,US/Alaska (UTC-9 / UTC-8),"west fork beaver creek, upstream of marathon road",Beaver Creek,STREAM,MAIN,TRUE,TRUE,TBD,FALSE
2022-08-11T15:30:00Z,15.008,beaver_creek_usgs_temp_3,60.65107,-151.09076,US/Alaska (UTC-9 / UTC-8),"west fork beaver creek, upstream of marathon road",Beaver Creek,STREAM,MAIN,TRUE,TRUE,TBD,FALSE
2022-08-11T15:45:00Z,15.008,beaver_creek_usgs_temp_3,60.65107,-151.09076,US/Alaska (UTC-9 / UTC-8),"west fork beaver creek, upstream of marathon road",Beaver Creek,STREAM,MAIN,TRUE,TRUE,TBD,FALSE
2022-08-11T16:00:00Z,15.031,beaver_creek_usgs_temp_3,60.65107,-151.09076,US/Alaska (UTC-9 / UTC-8),"west fork beaver creek, upstream of marathon road",Beaver Creek,STREAM,MAIN,TRUE,TRUE,TBD,FALSE
2022-08-11T16:15:00Z,15.055,beaver_creek_usgs_temp_3,60.65107,-151.09076,US/Alaska (UTC-9 / UTC-8),"west fork beaver creek, upstream of marathon road",Beaver Creek,STREAM,MAIN,TRUE,TRUE,TBD,FALSE
2022-08-11T16:30:00Z,15.055,beaver_creek_usgs_temp_3,60.65107,-151.09076,US/Alaska (UTC-9 / UTC-8),"west fork beaver creek, upstream of marathon road",Beaver Creek,STREAM,MAIN,TRUE,TRUE,TBD,FALSE
2022-08-11T16:45:00Z,15.055,beaver_creek_usgs_temp_3,60.65107,-151.09076,US/Alaska (UTC-9 / UTC-8),"west fork beaver creek, upstream of marathon road",Beaver Creek,STREAM,MAIN,TRUE,TRUE,TBD,FALSE
2022-08-11T17:00:00Z,15.055,beaver_creek_usgs_temp_3,60.65107,-151.09076,US/Alaska (UTC-9 / UTC-8),"west fork beaver creek, upstream of marathon road",Beaver Creek,STREAM,MAIN,TRUE,TRUE,TBD,FALSE
2022-08-11T17:15:00Z,15.031,beaver_creek_usgs_temp_3,60.65107,-151.09076,US/Alaska (UTC-9 / UTC-8),"west fork beaver creek, upstream of marathon road",Beaver Creek,STREAM,MAIN,TRUE,TRUE,TBD,FALSE
2022-08-11T17:30:00Z,15.008,beaver_creek_usgs_temp_3,60.65107,-151.09076,US/Alaska (UTC-9 / UTC-8),"west fork beaver creek, upstream of marathon road",Beaver Creek,STREAM,MAIN,TRUE,TRUE,TBD,FALSE
2022-08-11T17:45:00Z,15.008,beaver_creek_usgs_temp_3,60.65107,-151.09076,US/Alaska (UTC-9 / UTC-8),"west fork beaver creek, upstream of marathon road",Beaver Creek,STREAM,MAIN,TRUE,TRUE,TBD,FALSE
2022-08-11T18:00:00Z,14.984,beaver_creek_usgs_temp_3,60.65107,-151.09076,US/Alaska (UTC-9 / UTC-8),"west fork beaver creek, upstream of marathon road",Beaver Creek,STREAM,MAIN,TRUE,TRUE,TBD,FALSE
2022-08-11T18:15:00Z,14.984,beaver_creek_usgs_temp_3,60.65107,-151.09076,US/Alaska (UTC-9 / UTC-8),"west fork beaver creek, upstream of marathon road",Beaver Creek,STREAM,MAIN,TRUE,TRUE,TBD,FALSE
2022-08-11T18:30:00Z,14.96,beaver_creek_usgs_temp_3,60.65107,-151.09076,US/Alaska (UTC-9 / UTC-8),"west fork beaver creek, upstream of marathon road",Beaver Creek,STREAM,MAIN,TRUE,TRUE,TBD,FALSE
2022-08-11T18:45:00Z,14.936,beaver_creek_usgs_temp_3,60.65107,-151.09076,US/Alaska (UTC-9 / UTC-8),"west fork beaver creek, upstream of marathon road",Beaver Creek,STREAM,MAIN,TRUE,TRUE,TBD,FALSE
2022-08-11T19:00:00Z,14.936,beaver_creek_usgs_temp_3,60.65107,-151.09076,US/Alaska (UTC-9 / UTC-8),"west fork beaver creek, upstream of marathon road",Beaver Creek,STREAM,MAIN,TRUE,TRUE,TBD,FALSE
2022-08-11T19:15:00Z,14.912,beaver_creek_usgs_temp_3,60.65107,-151.09076,US/Alaska (UTC-9 / UTC-8),"west fork beaver creek, upstream of marathon road",Beaver Creek,STREAM,MAIN,TRUE,TRUE,TBD,FALSE
2022-08-11T19:30:00Z,14.912,beaver_creek_usgs_temp_3,60.65107,-151.09076,US/Alaska (UTC-9 / UTC-8),"west fork beaver creek, upstream of marathon road",Beaver Creek,STREAM,MAIN,TRUE,TRUE,TBD,FALSE
2022-08-11T19:45:00Z,14.912,beaver_creek_usgs_temp_3,60.65107,-151.09076,US/Alaska (UTC-9 / UTC-8),"west fork beaver creek, upstream of marathon road",Beaver Creek,STREAM,MAIN,TRUE,TRUE,TBD,FALSE
2022-08-11T20:00:00Z,14.888,beaver_creek_usgs_temp_3,60.65107,-151.09076,US/Alaska (UTC-9 / UTC-8),"west fork beaver creek, upstream of marathon road",Beaver Creek,STREAM,MAIN,TRUE,TRUE,TBD,FALSE
2022-08-11T20:15:00Z,14.888,beaver_creek_usgs_temp_3,60.65107,-151.09076,US/Alaska (UTC-9 / UTC-8),"west fork beaver creek, upstream of marathon road",Beaver Creek,STREAM,MAIN,TRUE,TRUE,TBD,FALSE
2022-08-11T20:30:00Z,14.864,beaver_creek_usgs_temp_3,60.65107,-151.09076,US/Alaska (UTC-9 / UTC-8),"west fork beaver creek, upstream of marathon road",Beaver Creek,STREAM,MAIN,TRUE,TRUE,TBD,FALSE
2022-08-11T20:45:00Z,14.864,beaver_creek_usgs_temp_3,60.65107,-151.09076,US/Alaska (UTC-9 / UTC-8),"west fork beaver creek, upstream of marathon road",Beaver Creek,STREAM,MAIN,TRUE,TRUE,TBD,FALSE
2022-08-11T21:00:00Z,14.84,beaver_creek_usgs_temp_3,60.65107,-151.09076,US/Alaska (UTC-9 / UTC-8),"west fork beaver creek, upstream of marathon road",Beaver Creek,STREAM,MAIN,TRUE,TRUE,TBD,FALSE
2022-08-11T21:15:00Z,14.816,beaver_creek_usgs_temp_3,60.65107,-151.09076,US/Alaska (UTC-9 / UTC-8),"west fork beaver creek, upstream of marathon road",Beaver Creek,STREAM,MAIN,TRUE,TRUE,TBD,FALSE
2022-08-11T21:30:00Z,14.792,beaver_creek_usgs_temp_3,60.65107,-151.09076,US/Alaska (UTC-9 / UTC-8),"west fork beaver creek, upstream of marathon road",Beaver Creek,STREAM,MAIN,TRUE,TRUE,TBD,FALSE
2022-08-11T21:45:00Z,14.792,beaver_creek_usgs_temp_3,60.65107,-151.09076,US/Alaska (UTC-9 / UTC-8),"west fork beaver creek, upstream of marathon road",Beaver Creek,STREAM,MAIN,TRUE,TRUE,TBD,FALSE
2022-08-11T22:00:00Z,14.768,beaver_creek_usgs_temp_3,60.65107,-151.09076,US/Alaska (UTC-9 / UTC-8),"west fork beaver creek, upstream of marathon road",Beaver Creek,STREAM,MAIN,TRUE,TRUE,TBD,FALSE
2022-08-11T22:15:00Z,14.768,beaver_creek_usgs_temp_3,60.65107,-151.09076,US/Alaska (UTC-9 / UTC-8),"west fork beaver creek, upstream of marathon road",Beaver Creek,STREAM,MAIN,TRUE,TRUE,TBD,FALSE
2022-08-11T22:30:00Z,14.745,beaver_creek_usgs_temp_3,60.65107,-151.09076,US/Alaska (UTC-9 / UTC-8),"west fork beaver creek, upstream of marathon road",Beaver Creek,STREAM,MAIN,TRUE,TRUE,TBD,FALSE
2022-08-11T22:45:00Z,14.721,beaver_creek_usgs_temp_3,60.65107,-151.09076,US/Alaska (UTC-9 / UTC-8),"west fork beaver creek, upstream of marathon road",Beaver Creek,STREAM,MAIN,TRUE,TRUE,TBD,FALSE
2022-08-11T23:00:00Z,14.697,beaver_creek_usgs_temp_3,60.65107,-151.09076,US/Alaska (UTC-9 / UTC-8),"west fork beaver creek, upstream of marathon road",Beaver Creek,STREAM,MAIN,TRUE,TRUE,TBD,FALSE
2022-08-11T23:15:00Z,14.673,beaver_creek_usgs_temp_3,60.65107,-151.09076,US/Alaska (UTC-9 / UTC-8),"west fork beaver creek, upstream of marathon road",Beaver Creek,STREAM,MAIN,TRUE,TRUE,TBD,FALSE
2022-08-11T23:30:00Z,14.673,beaver_creek_usgs_temp_3,60.65107,-151.09076,US/Alaska (UTC-9 / UTC-8),"west fork beaver creek, upstream of marathon road",Beaver Creek,STREAM,MAIN,TRUE,TRUE,TBD,FALSE
2022-08-11T23:45:00Z,14.649,beaver_creek_usgs_temp_3,60.65107,-151.09076,US/Alaska (UTC-9 / UTC-8),"west fork beaver creek, upstream of marathon road",Beaver Creek,STREAM,MAIN,TRUE,TRUE,TBD,FALSE
2022-08-12T00:00:00Z,14.625,beaver_creek_usgs_temp_3,60.65107,-151.09076,US/Alaska (UTC-9 / UTC-8),"west fork beaver creek, upstream of marathon road",Beaver Creek,STREAM,MAIN,TRUE,TRUE,TBD,FALSE
2022-08-12T00:15:00Z,14.601,beaver_creek_usgs_temp_3,60.65107,-151.09076,US/Alaska (UTC-9 / UTC-8),"west fork beaver creek, upstream of marathon road",Beaver Creek,STREAM,MAIN,TRUE,TRUE,TBD,FALSE
2022-08-12T00:30:00Z,14.601,beaver_creek_usgs_temp_3,60.65107,-151.09076,US/Alaska (UTC-9 / UTC-8),"west fork beaver creek, upstream of marathon road",Beaver Creek,STREAM,MAIN,TRUE,TRUE,TBD,FALSE
2022-08-12T00:45:00Z,14.577,beaver_creek_usgs_temp_3,60.65107,-151.09076,US/Alaska (UTC-9 / UTC-8),"west fork beaver creek, upstream of marathon road",Beaver Creek,STREAM,MAIN,TRUE,TRUE,TBD,FALSE
2022-08-12T01:00:00Z,14.553,beaver_creek_usgs_temp_3,60.65107,-151.09076,US/Alaska (UTC-9 / UTC-8),"west fork beaver creek, upstream of marathon road",Beaver Creek,STREAM,MAIN,TRUE,TRUE,TBD,FALSE
2022-08-12T01:15:00Z,14.529,beaver_creek_usgs_temp_3,60.65107,-151.09076,US/Alaska (UTC-9 / UTC-8),"west fork beaver creek, upstream of marathon road",Beaver Creek,STREAM,MAIN,TRUE,TRUE,TBD,FALSE
2022-08-12T01:30:00Z,14.529,beaver_creek_usgs_temp_3,60.65107,-151.09076,US/Alaska (UTC-9 / UTC-8),"west fork beaver creek, upstream of marathon road",Beaver Creek,STREAM,MAIN,TRUE,TRUE,TBD,FALSE
2022-08-12T01:45:00Z,14.505,beaver_creek_usgs_temp_3,60.65107,-151.09076,US/Alaska (UTC-9 / UTC-8),"west fork beaver creek, upstream of marathon road",Beaver Creek,STREAM,MAIN,TRUE,TRUE,TBD,FALSE
2022-08-12T02:00:00Z,14.505,beaver_creek_usgs_temp_3,60.65107,-151.09076,US/Alaska (UTC-9 / UTC-8),"west fork beaver creek, upstream of marathon road",Beaver Creek,STREAM,MAIN,TRUE,TRUE,TBD,FALSE
2022-08-12T02:15:00Z,14.481,beaver_creek_usgs_temp_3,60.65107,-151.09076,US/Alaska (UTC-9 / UTC-8),"west fork beaver creek, upstream of marathon road",Beaver Creek,STREAM,MAIN,TRUE,TRUE,TBD,FALSE
2022-08-12T02:30:00Z,14.481,beaver_creek_usgs_temp_3,60.65107,-151.09076,US/Alaska (UTC-9 / UTC-8),"west fork beaver creek, upstream of marathon road",Beaver Creek,STREAM,MAIN,TRUE,TRUE,TBD,FALSE
2022-08-12T02:45:00Z,14.457,beaver_creek_usgs_temp_3,60.65107,-151.09076,US/Alaska (UTC-9 / UTC-8),"west fork beaver creek, upstream of marathon road",Beaver Creek,STREAM,MAIN,TRUE,TRUE,TBD,FALSE
2022-08-12T03:00:00Z,14.457,beaver_creek_usgs_temp_3,60.65107,-151.09076,US/Alaska (UTC-9 / UTC-8),"west fork beaver creek, upstream of marathon road",Beaver Creek,STREAM,MAIN,TRUE,TRUE,TBD,FALSE
2022-08-12T03:15:00Z,14.433,beaver_creek_usgs_temp_3,60.65107,-151.09076,US/Alaska (UTC-9 / UTC-8),"west fork beaver creek, upstream of marathon road",Beaver Creek,STREAM,MAIN,TRUE,TRUE,TBD,FALSE
2022-08-12T03:30:00Z,14.409,beaver_creek_usgs_temp_3,60.65107,-151.09076,US/Alaska (UTC-9 / UTC-8),"west fork beaver creek, upstream of marathon road",Beaver Creek,STREAM,MAIN,TRUE,TRUE,TBD,FALSE
2022-08-12T03:45:00Z,14.409,beaver_creek_usgs_temp_3,60.65107,-151.09076,US/Alaska (UTC-9 / UTC-8),"west fork beaver creek, upstream of marathon road",Beaver Creek,STREAM,MAIN,TRUE,TRUE,TBD,FALSE
2022-08-12T04:00:00Z,14.385,beaver_creek_usgs_temp_3,60.65107,-151.09076,US/Alaska (UTC-9 / UTC-8),"west fork beaver creek, upstream of marathon road",Beaver Creek,STREAM,MAIN,TRUE,TRUE,TBD,FALSE
2022-08-12T04:15:00Z,14.385,beaver_creek_usgs_temp_3,60.65107,-151.09076,US/Alaska (UTC-9 / UTC-8),"west fork beaver creek, upstream of marathon road",Beaver Creek,STREAM,MAIN,TRUE,TRUE,TBD,FALSE
2022-08-12T04:30:00Z,14.361,beaver_creek_usgs_temp_3,60.65107,-151.09076,US/Alaska (UTC-9 / UTC-8),"west fork beaver creek, upstream of marathon road",Beaver Creek,STREAM,MAIN,TRUE,TRUE,TBD,FALSE
2022-08-12T04:45:00Z,14.361,beaver_creek_usgs_temp_3,60.65107,-151.09076,US/Alaska (UTC-9 / UTC-8),"west fork beaver creek, upstream of marathon road",Beaver Creek,STREAM,MAIN,TRUE,TRUE,TBD,FALSE
2022-08-12T05:00:00Z,14.337,beaver_creek_usgs_temp_3,60.65107,-151.09076,US/Alaska (UTC-9 / UTC-8),"west fork beaver creek, upstream of marathon road",Beaver Creek,STREAM,MAIN,TRUE,TRUE,TBD,FALSE
2022-08-12T05:15:00Z,14.337,beaver_creek_usgs_temp_3,60.65107,-151.09076,US/Alaska (UTC-9 / UTC-8),"west fork beaver creek, upstream of marathon road",Beaver Creek,STREAM,MAIN,TRUE,TRUE,TBD,FALSE
2022-08-12T05:30:00Z,14.337,beaver_creek_usgs_temp_3,60.65107,-151.09076,US/Alaska (UTC-9 / UTC-8),"west fork beaver creek, upstream of marathon road",Beaver Creek,STREAM,MAIN,TRUE,TRUE,TBD,FALSE
2022-08-12T05:45:00Z,14.314,beaver_creek_usgs_temp_3,60.65107,-151.09076,US/Alaska (UTC-9 / UTC-8),"west fork beaver creek, upstream of marathon road",Beaver Creek,STREAM,MAIN,TRUE,TRUE,TBD,FALSE
2022-08-12T06:00:00Z,14.314,beaver_creek_usgs_temp_3,60.65107,-151.09076,US/Alaska (UTC-9 / UTC-8),"west fork beaver creek, upstream of marathon road",Beaver Creek,STREAM,MAIN,TRUE,TRUE,TBD,FALSE
2022-08-12T06:15:00Z,14.29,beaver_creek_usgs_temp_3,60.65107,-151.09076,US/Alaska (UTC-9 / UTC-8),"west fork beaver creek, upstream of marathon road",Beaver Creek,STREAM,MAIN,TRUE,TRUE,TBD,FALSE
2022-08-12T06:30:00Z,14.29,beaver_creek_usgs_temp_3,60.65107,-151.09076,US/Alaska (UTC-9 / UTC-8),"west fork beaver creek, upstream of marathon road",Beaver Creek,STREAM,MAIN,TRUE,TRUE,TBD,FALSE
2022-08-12T06:45:00Z,14.266,beaver_creek_usgs_temp_3,60.65107,-151.09076,US/Alaska (UTC-9 / UTC-8),"west fork beaver creek, upstream of marathon road",Beaver Creek,STREAM,MAIN,TRUE,TRUE,TBD,FALSE
2022-08-12T07:00:00Z,14.242,beaver_creek_usgs_temp_3,60.65107,-151.09076,US/Alaska (UTC-9 / UTC-8),"west fork beaver creek, upstream of marathon road",Beaver Creek,STREAM,MAIN,TRUE,TRUE,TBD,FALSE
2022-08-12T07:15:00Z,14.242,beaver_creek_usgs_temp_3,60.65107,-151.09076,US/Alaska (UTC-9 / UTC-8),"west fork beaver creek, upstream of marathon road",Beaver Creek,STREAM,MAIN,TRUE,TRUE,TBD,FALSE
2022-08-12T07:30:00Z,14.242,beaver_creek_usgs_temp_3,60.65107,-151.09076,US/Alaska (UTC-9 / UTC-8),"west fork beaver creek, upstream of marathon road",Beaver Creek,STREAM,MAIN,TRUE,TRUE,TBD,FALSE
2022-08-12T07:45:00Z,14.242,beaver_creek_usgs_temp_3,60.65107,-151.09076,US/Alaska (UTC-9 / UTC-8),"west fork beaver creek, upstream of marathon road",Beaver Creek,STREAM,MAIN,TRUE,TRUE,TBD,FALSE
2022-08-12T08:00:00Z,14.242,beaver_creek_usgs_temp_3,60.65107,-151.09076,US/Alaska (UTC-9 / UTC-8),"west fork beaver creek, upstream of marathon road",Beaver Creek,STREAM,MAIN,TRUE,TRUE,TBD,FALSE
2022-08-12T08:15:00Z,14.218,beaver_creek_usgs_temp_3,60.65107,-151.09076,US/Alaska (UTC-9 / UTC-8),"west fork beaver creek, upstream of marathon road",Beaver Creek,STREAM,MAIN,TRUE,TRUE,TBD,FALSE
2022-08-12T08:30:00Z,14.218,beaver_creek_usgs_temp_3,60.65107,-151.09076,US/Alaska (UTC-9 / UTC-8),"west fork beaver creek, upstream of marathon road",Beaver Creek,STREAM,MAIN,TRUE,TRUE,TBD,FALSE
2022-08-12T08:45:00Z,14.218,beaver_creek_usgs_temp_3,60.65107,-151.09076,US/Alaska (UTC-9 / UTC-8),"west fork beaver creek, upstream of marathon road",Beaver Creek,STREAM,MAIN,TRUE,TRUE,TBD,FALSE
2022-08-12T09:00:00Z,14.218,beaver_creek_usgs_temp_3,60.65107,-151.09076,US/Alaska (UTC-9 / UTC-8),"west fork beaver creek, upstream of marathon road",Beaver Creek,STREAM,MAIN,TRUE,TRUE,TBD,FALSE
2022-08-12T09:15:00Z,14.218,beaver_creek_usgs_temp_3,60.65107,-151.09076,US/Alaska (UTC-9 / UTC-8),"west fork beaver creek, upstream of marathon road",Beaver Creek,STREAM,MAIN,TRUE,TRUE,TBD,FALSE
2022-08-12T09:30:00Z,14.242,beaver_creek_usgs_temp_3,60.65107,-151.09076,US/Alaska (UTC-9 / UTC-8),"west fork beaver creek, upstream of marathon road",Beaver Creek,STREAM,MAIN,TRUE,TRUE,TBD,FALSE
2022-08-12T09:45:00Z,14.218,beaver_creek_usgs_temp_3,60.65107,-151.09076,US/Alaska (UTC-9 / UTC-8),"west fork beaver creek, upstream of marathon road",Beaver Creek,STREAM,MAIN,TRUE,TRUE,TBD,FALSE
2022-08-12T10:00:00Z,14.218,beaver_creek_usgs_temp_3,60.65107,-151.09076,US/Alaska (UTC-9 / UTC-8),"west fork beaver creek, upstream of marathon road",Beaver Creek,STREAM,MAIN,TRUE,TRUE,TBD,FALSE
2022-08-12T10:15:00Z,14.218,beaver_creek_usgs_temp_3,60.65107,-151.09076,US/Alaska (UTC-9 / UTC-8),"west fork beaver creek, upstream of marathon road",Beaver Creek,STREAM,MAIN,TRUE,TRUE,TBD,FALSE
2022-08-12T10:30:00Z,14.218,beaver_creek_usgs_temp_3,60.65107,-151.09076,US/Alaska (UTC-9 / UTC-8),"west fork beaver creek, upstream of marathon road",Beaver Creek,STREAM,MAIN,TRUE,TRUE,TBD,FALSE
2022-08-12T10:45:00Z,14.218,beaver_creek_usgs_temp_3,60.65107,-151.09076,US/Alaska (UTC-9 / UTC-8),"west fork beaver creek, upstream of marathon road",Beaver Creek,STREAM,MAIN,TRUE,TRUE,TBD,FALSE
2022-08-12T11:00:00Z,14.218,beaver_creek_usgs_temp_3,60.65107,-151.09076,US/Alaska (UTC-9 / UTC-8),"west fork beaver creek, upstream of marathon road",Beaver Creek,STREAM,MAIN,TRUE,TRUE,TBD,FALSE
2022-08-12T11:15:00Z,14.218,beaver_creek_usgs_temp_3,60.65107,-151.09076,US/Alaska (UTC-9 / UTC-8),"west fork beaver creek, upstream of marathon road",Beaver Creek,STREAM,MAIN,TRUE,TRUE,TBD,FALSE
2022-08-12T11:30:00Z,14.218,beaver_creek_usgs_temp_3,60.65107,-151.09076,US/Alaska (UTC-9 / UTC-8),"west fork beaver creek, upstream of marathon road",Beaver Creek,STREAM,MAIN,TRUE,TRUE,TBD,FALSE
2022-08-12T11:45:00Z,14.218,beaver_creek_usgs_temp_3,60.65107,-151.09076,US/Alaska (UTC-9 / UTC-8),"west fork beaver creek, upstream of marathon road",Beaver Creek,STREAM,MAIN,TRUE,TRUE,TBD,FALSE
2022-08-12T12:00:00Z,14.218,beaver_creek_usgs_temp_3,60.65107,-151.09076,US/Alaska (UTC-9 / UTC-8),"west fork beaver creek, upstream of marathon road",Beaver Creek,STREAM,MAIN,TRUE,TRUE,TBD,FALSE
2022-08-12T12:15:00Z,14.218,beaver_creek_usgs_temp_3,60.65107,-151.09076,US/Alaska (UTC-9 / UTC-8),"west fork beaver creek, upstream of marathon road",Beaver Creek,STREAM,MAIN,TRUE,TRUE,TBD,FALSE
2022-08-12T12:30:00Z,14.218,beaver_creek_usgs_temp_3,60.65107,-151.09076,US/Alaska (UTC-9 / UTC-8),"west fork beaver creek, upstream of marathon road",Beaver Creek,STREAM,MAIN,TRUE,TRUE,TBD,FALSE
2022-08-12T12:45:00Z,14.242,beaver_creek_usgs_temp_3,60.65107,-151.09076,US/Alaska (UTC-9 / UTC-8),"west fork beaver creek, upstream of marathon road",Beaver Creek,STREAM,MAIN,TRUE,TRUE,TBD,FALSE
2022-08-12T13:00:00Z,14.242,beaver_creek_usgs_temp_3,60.65107,-151.09076,US/Alaska (UTC-9 / UTC-8),"west fork beaver creek, upstream of marathon road",Beaver Creek,STREAM,MAIN,TRUE,TRUE,TBD,FALSE
2022-08-12T13:15:00Z,14.242,beaver_creek_usgs_temp_3,60.65107,-151.09076,US/Alaska (UTC-9 / UTC-8),"west fork beaver creek, upstream of marathon road",Beaver Creek,STREAM,MAIN,TRUE,TRUE,TBD,FALSE
2022-08-12T13:30:00Z,14.242,beaver_creek_usgs_temp_3,60.65107,-151.09076,US/Alaska (UTC-9 / UTC-8),"west fork beaver creek, upstream of marathon road",Beaver Creek,STREAM,MAIN,TRUE,TRUE,TBD,FALSE
2022-08-12T13:45:00Z,14.266,beaver_creek_usgs_temp_3,60.65107,-151.09076,US/Alaska (UTC-9 / UTC-8),"west fork beaver creek, upstream of marathon road",Beaver Creek,STREAM,MAIN,TRUE,TRUE,TBD,FALSE
2022-08-12T14:00:00Z,14.266,beaver_creek_usgs_temp_3,60.65107,-151.09076,US/Alaska (UTC-9 / UTC-8),"west fork beaver creek, upstream of marathon road",Beaver Creek,STREAM,MAIN,TRUE,TRUE,TBD,FALSE
2022-08-12T14:15:00Z,14.29,beaver_creek_usgs_temp_3,60.65107,-151.09076,US/Alaska (UTC-9 / UTC-8),"west fork beaver creek, upstream of marathon road",Beaver Creek,STREAM,MAIN,TRUE,TRUE,TBD,FALSE
2022-08-12T14:30:00Z,14.29,beaver_creek_usgs_temp_3,60.65107,-151.09076,US/Alaska (UTC-9 / UTC-8),"west fork beaver creek, upstream of marathon road",Beaver Creek,STREAM,MAIN,TRUE,TRUE,TBD,FALSE
2022-08-12T14:45:00Z,14.29,beaver_creek_usgs_temp_3,60.65107,-151.09076,US/Alaska (UTC-9 / UTC-8),"west fork beaver creek, upstream of marathon road",Beaver Creek,STREAM,MAIN,TRUE,TRUE,TBD,FALSE
2022-08-12T15:00:00Z,14.314,beaver_creek_usgs_temp_3,60.65107,-151.09076,US/Alaska (UTC-9 / UTC-8),"west fork beaver creek, upstream of marathon road",Beaver Creek,STREAM,MAIN,TRUE,TRUE,TBD,FALSE
2022-08-12T15:15:00Z,14.337,beaver_creek_usgs_temp_3,60.65107,-151.09076,US/Alaska (UTC-9 / UTC-8),"west fork beaver creek, upstream of marathon road",Beaver Creek,STREAM,MAIN,TRUE,TRUE,TBD,FALSE
2022-08-12T15:30:00Z,14.457,beaver_creek_usgs_temp_3,60.65107,-151.09076,US/Alaska (UTC-9 / UTC-8),"west fork beaver creek, upstream of marathon road",Beaver Creek,STREAM,MAIN,TRUE,TRUE,TBD,FALSE
2022-08-12T15:45:00Z,14.577,beaver_creek_usgs_temp_3,60.65107,-151.09076,US/Alaska (UTC-9 / UTC-8),"west fork beaver creek, upstream of marathon road",Beaver Creek,STREAM,MAIN,TRUE,TRUE,TBD,FALSE
2022-08-12T16:00:00Z,14.745,beaver_creek_usgs_temp_3,60.65107,-151.09076,US/Alaska (UTC-9 / UTC-8),"west fork beaver creek, upstream of marathon road",Beaver Creek,STREAM,MAIN,TRUE,TRUE,TBD,FALSE
2022-08-12T16:15:00Z,14.864,beaver_creek_usgs_temp_3,60.65107,-151.09076,US/Alaska (UTC-9 / UTC-8),"west fork beaver creek, upstream of marathon road",Beaver Creek,STREAM,MAIN,TRUE,TRUE,TBD,FALSE
2022-08-12T16:30:00Z,14.936,beaver_creek_usgs_temp_3,60.65107,-151.09076,US/Alaska (UTC-9 / UTC-8),"west fork beaver creek, upstream of marathon road",Beaver Creek,STREAM,MAIN,TRUE,TRUE,TBD,FALSE
2022-08-12T16:45:00Z,14.96,beaver_creek_usgs_temp_3,60.65107,-151.09076,US/Alaska (UTC-9 / UTC-8),"west fork beaver creek, upstream of marathon road",Beaver Creek,STREAM,MAIN,TRUE,TRUE,TBD,FALSE
2022-08-12T17:00:00Z,14.96,beaver_creek_usgs_temp_3,60.65107,-151.09076,US/Alaska (UTC-9 / UTC-8),"west fork beaver creek, upstream of marathon road",Beaver Creek,STREAM,MAIN,TRUE,TRUE,TBD,FALSE
2022-08-12T17:15:00Z,14.96,beaver_creek_usgs_temp_3,60.65107,-151.09076,US/Alaska (UTC-9 / UTC-8),"west fork beaver creek, upstream of marathon road",Beaver Creek,STREAM,MAIN,TRUE,TRUE,TBD,FALSE
2022-08-12T17:30:00Z,14.96,beaver_creek_usgs_temp_3,60.65107,-151.09076,US/Alaska (UTC-9 / UTC-8),"west fork beaver creek, upstream of marathon road",Beaver Creek,STREAM,MAIN,TRUE,TRUE,TBD,FALSE
2022-08-12T17:45:00Z,14.96,beaver_creek_usgs_temp_3,60.65107,-151.09076,US/Alaska (UTC-9 / UTC-8),"west fork beaver creek, upstream of marathon road",Beaver Creek,STREAM,MAIN,TRUE,TRUE,TBD,FALSE
2022-08-12T18:00:00Z,14.936,beaver_creek_usgs_temp_3,60.65107,-151.09076,US/Alaska (UTC-9 / UTC-8),"west fork beaver creek, upstream of marathon road",Beaver Creek,STREAM,MAIN,TRUE,TRUE,TBD,FALSE
2022-08-12T18:15:00Z,14.912,beaver_creek_usgs_temp_3,60.65107,-151.09076,US/Alaska (UTC-9 / UTC-8),"west fork beaver creek, upstream of marathon road",Beaver Creek,STREAM,MAIN,TRUE,TRUE,TBD,FALSE
2022-08-12T18:30:00Z,14.912,beaver_creek_usgs_temp_3,60.65107,-151.09076,US/Alaska (UTC-9 / UTC-8),"west fork beaver creek, upstream of marathon road",Beaver Creek,STREAM,MAIN,TRUE,TRUE,TBD,FALSE
2022-08-12T18:45:00Z,14.912,beaver_creek_usgs_temp_3,60.65107,-151.09076,US/Alaska (UTC-9 / UTC-8),"west fork beaver creek, upstream of marathon road",Beaver Creek,STREAM,MAIN,TRUE,TRUE,TBD,FALSE
2022-08-12T19:00:00Z,14.912,beaver_creek_usgs_temp_3,60.65107,-151.09076,US/Alaska (UTC-9 / UTC-8),"west fork beaver creek, upstream of marathon road",Beaver Creek,STREAM,MAIN,TRUE,TRUE,TBD,FALSE
2022-08-12T19:15:00Z,14.912,beaver_creek_usgs_temp_3,60.65107,-151.09076,US/Alaska (UTC-9 / UTC-8),"west fork beaver creek, upstream of marathon road",Beaver Creek,STREAM,MAIN,TRUE,TRUE,TBD,FALSE
2022-08-12T19:30:00Z,14.888,beaver_creek_usgs_temp_3,60.65107,-151.09076,US/Alaska (UTC-9 / UTC-8),"west fork beaver creek, upstream of marathon road",Beaver Creek,STREAM,MAIN,TRUE,TRUE,TBD,FALSE
2022-08-12T19:45:00Z,14.888,beaver_creek_usgs_temp_3,60.65107,-151.09076,US/Alaska (UTC-9 / UTC-8),"west fork beaver creek, upstream of marathon road",Beaver Creek,STREAM,MAIN,TRUE,TRUE,TBD,FALSE
2022-08-12T20:00:00Z,14.864,beaver_creek_usgs_temp_3,60.65107,-151.09076,US/Alaska (UTC-9 / UTC-8),"west fork beaver creek, upstream of marathon road",Beaver Creek,STREAM,MAIN,TRUE,TRUE,TBD,FALSE
2022-08-12T20:15:00Z,14.864,beaver_creek_usgs_temp_3,60.65107,-151.09076,US/Alaska (UTC-9 / UTC-8),"west fork beaver creek, upstream of marathon road",Beaver Creek,STREAM,MAIN,TRUE,TRUE,TBD,FALSE
2022-08-12T20:30:00Z,14.816,beaver_creek_usgs_temp_3,60.65107,-151.09076,US/Alaska (UTC-9 / UTC-8),"west fork beaver creek, upstream of marathon road",Beaver Creek,STREAM,MAIN,TRUE,TRUE,TBD,FALSE
2022-08-12T20:45:00Z,14.792,beaver_creek_usgs_temp_3,60.65107,-151.09076,US/Alaska (UTC-9 / UTC-8),"west fork beaver creek, upstream of marathon road",Beaver Creek,STREAM,MAIN,TRUE,TRUE,TBD,FALSE
2022-08-12T21:00:00Z,14.768,beaver_creek_usgs_temp_3,60.65107,-151.09076,US/Alaska (UTC-9 / UTC-8),"west fork beaver creek, upstream of marathon road",Beaver Creek,STREAM,MAIN,TRUE,TRUE,TBD,FALSE
2022-08-12T21:15:00Z,14.721,beaver_creek_usgs_temp_3,60.65107,-151.09076,US/Alaska (UTC-9 / UTC-8),"west fork beaver creek, upstream of marathon road",Beaver Creek,STREAM,MAIN,TRUE,TRUE,TBD,FALSE
2022-08-12T21:30:00Z,14.673,beaver_creek_usgs_temp_3,60.65107,-151.09076,US/Alaska (UTC-9 / UTC-8),"west fork beaver creek, upstream of marathon road",Beaver Creek,STREAM,MAIN,TRUE,TRUE,TBD,FALSE
2022-08-12T21:45:00Z,14.649,beaver_creek_usgs_temp_3,60.65107,-151.09076,US/Alaska (UTC-9 / UTC-8),"west fork beaver creek, upstream of marathon road",Beaver Creek,STREAM,MAIN,TRUE,TRUE,TBD,FALSE
2022-08-12T22:00:00Z,14.601,beaver_creek_usgs_temp_3,60.65107,-151.09076,US/Alaska (UTC-9 / UTC-8),"west fork beaver creek, upstream of marathon road",Beaver Creek,STREAM,MAIN,TRUE,TRUE,TBD,FALSE
2022-08-12T22:15:00Z,14.577,beaver_creek_usgs_temp_3,60.65107,-151.09076,US/Alaska (UTC-9 / UTC-8),"west fork beaver creek, upstream of marathon road",Beaver Creek,STREAM,MAIN,TRUE,TRUE,TBD,FALSE
2022-08-12T22:30:00Z,14.529,beaver_creek_usgs_temp_3,60.65107,-151.09076,US/Alaska (UTC-9 / UTC-8),"west fork beaver creek, upstream of marathon road",Beaver Creek,STREAM,MAIN,TRUE,TRUE,TBD,FALSE
2022-08-12T22:45:00Z,14.505,beaver_creek_usgs_temp_3,60.65107,-151.09076,US/Alaska (UTC-9 / UTC-8),"west fork beaver creek, upstream of marathon road",Beaver Creek,STREAM,MAIN,TRUE,TRUE,TBD,FALSE
2022-08-12T23:00:00Z,14.481,beaver_creek_usgs_temp_3,60.65107,-151.09076,US/Alaska (UTC-9 / UTC-8),"west fork beaver creek, upstream of marathon road",Beaver Creek,STREAM,MAIN,TRUE,TRUE,TBD,FALSE
2022-08-12T23:15:00Z,14.457,beaver_creek_usgs_temp_3,60.65107,-151.09076,US/Alaska (UTC-9 / UTC-8),"west fork beaver creek, upstream of marathon road",Beaver Creek,STREAM,MAIN,TRUE,TRUE,TBD,FALSE
2022-08-12T23:30:00Z,14.433,beaver_creek_usgs_temp_3,60.65107,-151.09076,US/Alaska (UTC-9 / UTC-8),"west fork beaver creek, upstream of marathon road",Beaver Creek,STREAM,MAIN,TRUE,TRUE,TBD,FALSE
2022-08-12T23:45:00Z,14.409,beaver_creek_usgs_temp_3,60.65107,-151.09076,US/Alaska (UTC-9 / UTC-8),"west fork beaver creek, upstream of marathon road",Beaver Creek,STREAM,MAIN,TRUE,TRUE,TBD,FALSE
2022-08-13T00:00:00Z,14.385,beaver_creek_usgs_temp_3,60.65107,-151.09076,US/Alaska (UTC-9 / UTC-8),"west fork beaver creek, upstream of marathon road",Beaver Creek,STREAM,MAIN,TRUE,TRUE,TBD,FALSE
2022-08-13T00:15:00Z,14.361,beaver_creek_usgs_temp_3,60.65107,-151.09076,US/Alaska (UTC-9 / UTC-8),"west fork beaver creek, upstream of marathon road",Beaver Creek,STREAM,MAIN,TRUE,TRUE,TBD,FALSE
2022-08-13T00:30:00Z,14.337,beaver_creek_usgs_temp_3,60.65107,-151.09076,US/Alaska (UTC-9 / UTC-8),"west fork beaver creek, upstream of marathon road",Beaver Creek,STREAM,MAIN,TRUE,TRUE,TBD,FALSE
2022-08-13T00:45:00Z,14.337,beaver_creek_usgs_temp_3,60.65107,-151.09076,US/Alaska (UTC-9 / UTC-8),"west fork beaver creek, upstream of marathon road",Beaver Creek,STREAM,MAIN,TRUE,TRUE,TBD,FALSE
2022-08-13T01:00:00Z,14.314,beaver_creek_usgs_temp_3,60.65107,-151.09076,US/Alaska (UTC-9 / UTC-8),"west fork beaver creek, upstream of marathon road",Beaver Creek,STREAM,MAIN,TRUE,TRUE,TBD,FALSE
2022-08-13T01:15:00Z,14.29,beaver_creek_usgs_temp_3,60.65107,-151.09076,US/Alaska (UTC-9 / UTC-8),"west fork beaver creek, upstream of marathon road",Beaver Creek,STREAM,MAIN,TRUE,TRUE,TBD,FALSE
2022-08-13T01:30:00Z,14.29,beaver_creek_usgs_temp_3,60.65107,-151.09076,US/Alaska (UTC-9 / UTC-8),"west fork beaver creek, upstream of marathon road",Beaver Creek,STREAM,MAIN,TRUE,TRUE,TBD,FALSE
2022-08-13T01:45:00Z,14.29,beaver_creek_usgs_temp_3,60.65107,-151.09076,US/Alaska (UTC-9 / UTC-8),"west fork beaver creek, upstream of marathon road",Beaver Creek,STREAM,MAIN,TRUE,TRUE,TBD,FALSE
2022-08-13T02:00:00Z,14.266,beaver_creek_usgs_temp_3,60.65107,-151.09076,US/Alaska (UTC-9 / UTC-8),"west fork beaver creek, upstream of marathon road",Beaver Creek,STREAM,MAIN,TRUE,TRUE,TBD,FALSE
2022-08-13T02:15:00Z,14.242,beaver_creek_usgs_temp_3,60.65107,-151.09076,US/Alaska (UTC-9 / UTC-8),"west fork beaver creek, upstream of marathon road",Beaver Creek,STREAM,MAIN,TRUE,TRUE,TBD,FALSE
2022-08-13T02:30:00Z,14.242,beaver_creek_usgs_temp_3,60.65107,-151.09076,US/Alaska (UTC-9 / UTC-8),"west fork beaver creek, upstream of marathon road",Beaver Creek,STREAM,MAIN,TRUE,TRUE,TBD,FALSE
2022-08-13T02:45:00Z,14.218,beaver_creek_usgs_temp_3,60.65107,-151.09076,US/Alaska (UTC-9 / UTC-8),"west fork beaver creek, upstream of marathon road",Beaver Creek,STREAM,MAIN,TRUE,TRUE,TBD,FALSE
2022-08-13T03:00:00Z,14.194,beaver_creek_usgs_temp_3,60.65107,-151.09076,US/Alaska (UTC-9 / UTC-8),"west fork beaver creek, upstream of marathon road",Beaver Creek,STREAM,MAIN,TRUE,TRUE,TBD,FALSE
2022-08-13T03:15:00Z,14.194,beaver_creek_usgs_temp_3,60.65107,-151.09076,US/Alaska (UTC-9 / UTC-8),"west fork beaver creek, upstream of marathon road",Beaver Creek,STREAM,MAIN,TRUE,TRUE,TBD,FALSE
2022-08-13T03:30:00Z,14.17,beaver_creek_usgs_temp_3,60.65107,-151.09076,US/Alaska (UTC-9 / UTC-8),"west fork beaver creek, upstream of marathon road",Beaver Creek,STREAM,MAIN,TRUE,TRUE,TBD,FALSE
2022-08-13T03:45:00Z,14.146,beaver_creek_usgs_temp_3,60.65107,-151.09076,US/Alaska (UTC-9 / UTC-8),"west fork beaver creek, upstream of marathon road",Beaver Creek,STREAM,MAIN,TRUE,TRUE,TBD,FALSE
2022-08-13T04:00:00Z,14.122,beaver_creek_usgs_temp_3,60.65107,-151.09076,US/Alaska (UTC-9 / UTC-8),"west fork beaver creek, upstream of marathon road",Beaver Creek,STREAM,MAIN,TRUE,TRUE,TBD,FALSE
2022-08-13T04:15:00Z,14.098,beaver_creek_usgs_temp_3,60.65107,-151.09076,US/Alaska (UTC-9 / UTC-8),"west fork beaver creek, upstream of marathon road",Beaver Creek,STREAM,MAIN,TRUE,TRUE,TBD,FALSE
2022-08-13T04:30:00Z,14.098,beaver_creek_usgs_temp_3,60.65107,-151.09076,US/Alaska (UTC-9 / UTC-8),"west fork beaver creek, upstream of marathon road",Beaver Creek,STREAM,MAIN,TRUE,TRUE,TBD,FALSE
2022-08-13T04:45:00Z,14.074,beaver_creek_usgs_temp_3,60.65107,-151.09076,US/Alaska (UTC-9 / UTC-8),"west fork beaver creek, upstream of marathon road",Beaver Creek,STREAM,MAIN,TRUE,TRUE,TBD,FALSE
2022-08-13T05:00:00Z,14.05,beaver_creek_usgs_temp_3,60.65107,-151.09076,US/Alaska (UTC-9 / UTC-8),"west fork beaver creek, upstream of marathon road",Beaver Creek,STREAM,MAIN,TRUE,TRUE,TBD,FALSE
2022-08-13T05:15:00Z,14.026,beaver_creek_usgs_temp_3,60.65107,-151.09076,US/Alaska (UTC-9 / UTC-8),"west fork beaver creek, upstream of marathon road",Beaver Creek,STREAM,MAIN,TRUE,TRUE,TBD,FALSE
2022-08-13T05:30:00Z,14.002,beaver_creek_usgs_temp_3,60.65107,-151.09076,US/Alaska (UTC-9 / UTC-8),"west fork beaver creek, upstream of marathon road",Beaver Creek,STREAM,MAIN,TRUE,TRUE,TBD,FALSE
2022-08-13T05:45:00Z,14.002,beaver_creek_usgs_temp_3,60.65107,-151.09076,US/Alaska (UTC-9 / UTC-8),"west fork beaver creek, upstream of marathon road",Beaver Creek,STREAM,MAIN,TRUE,TRUE,TBD,FALSE
2022-08-13T06:00:00Z,13.954,beaver_creek_usgs_temp_3,60.65107,-151.09076,US/Alaska (UTC-9 / UTC-8),"west fork beaver creek, upstream of marathon road",Beaver Creek,STREAM,MAIN,TRUE,TRUE,TBD,FALSE
2022-08-13T06:15:00Z,13.93,beaver_creek_usgs_temp_3,60.65107,-151.09076,US/Alaska (UTC-9 / UTC-8),"west fork beaver creek, upstream of marathon road",Beaver Creek,STREAM,MAIN,TRUE,TRUE,TBD,FALSE
2022-08-13T06:30:00Z,13.906,beaver_creek_usgs_temp_3,60.65107,-151.09076,US/Alaska (UTC-9 / UTC-8),"west fork beaver creek, upstream of marathon road",Beaver Creek,STREAM,MAIN,TRUE,TRUE,TBD,FALSE
2022-08-13T06:45:00Z,13.906,beaver_creek_usgs_temp_3,60.65107,-151.09076,US/Alaska (UTC-9 / UTC-8),"west fork beaver creek, upstream of marathon road",Beaver Creek,STREAM,MAIN,TRUE,TRUE,TBD,FALSE
2022-08-13T07:00:00Z,13.858,beaver_creek_usgs_temp_3,60.65107,-151.09076,US/Alaska (UTC-9 / UTC-8),"west fork beaver creek, upstream of marathon road",Beaver Creek,STREAM,MAIN,TRUE,TRUE,TBD,FALSE
2022-08-13T07:15:00Z,13.858,beaver_creek_usgs_temp_3,60.65107,-151.09076,US/Alaska (UTC-9 / UTC-8),"west fork beaver creek, upstream of marathon road",Beaver Creek,STREAM,MAIN,TRUE,TRUE,TBD,FALSE
2022-08-13T07:30:00Z,13.834,beaver_creek_usgs_temp_3,60.65107,-151.09076,US/Alaska (UTC-9 / UTC-8),"west fork beaver creek, upstream of marathon road",Beaver Creek,STREAM,MAIN,TRUE,TRUE,TBD,FALSE
2022-08-13T07:45:00Z,13.834,beaver_creek_usgs_temp_3,60.65107,-151.09076,US/Alaska (UTC-9 / UTC-8),"west fork beaver creek, upstream of marathon road",Beaver Creek,STREAM,MAIN,TRUE,TRUE,TBD,FALSE
2022-08-13T08:00:00Z,13.81,beaver_creek_usgs_temp_3,60.65107,-151.09076,US/Alaska (UTC-9 / UTC-8),"west fork beaver creek, upstream of marathon road",Beaver Creek,STREAM,MAIN,TRUE,TRUE,TBD,FALSE
2022-08-13T08:15:00Z,13.81,beaver_creek_usgs_temp_3,60.65107,-151.09076,US/Alaska (UTC-9 / UTC-8),"west fork beaver creek, upstream of marathon road",Beaver Creek,STREAM,MAIN,TRUE,TRUE,TBD,FALSE
2022-08-13T08:30:00Z,13.81,beaver_creek_usgs_temp_3,60.65107,-151.09076,US/Alaska (UTC-9 / UTC-8),"west fork beaver creek, upstream of marathon road",Beaver Creek,STREAM,MAIN,TRUE,TRUE,TBD,FALSE
2022-08-13T08:45:00Z,13.81,beaver_creek_usgs_temp_3,60.65107,-151.09076,US/Alaska (UTC-9 / UTC-8),"west fork beaver creek, upstream of marathon road",Beaver Creek,STREAM,MAIN,TRUE,TRUE,TBD,FALSE
2022-08-13T09:00:00Z,13.81,beaver_creek_usgs_temp_3,60.65107,-151.09076,US/Alaska (UTC-9 / UTC-8),"west fork beaver creek, upstream of marathon road",Beaver Creek,STREAM,MAIN,TRUE,TRUE,TBD,FALSE
2022-08-13T09:15:00Z,13.81,beaver_creek_usgs_temp_3,60.65107,-151.09076,US/Alaska (UTC-9 / UTC-8),"west fork beaver creek, upstream of marathon road",Beaver Creek,STREAM,MAIN,TRUE,TRUE,TBD,FALSE
2022-08-13T09:30:00Z,13.81,beaver_creek_usgs_temp_3,60.65107,-151.09076,US/Alaska (UTC-9 / UTC-8),"west fork beaver creek, upstream of marathon road",Beaver Creek,STREAM,MAIN,TRUE,TRUE,TBD,FALSE
2022-08-13T09:45:00Z,13.81,beaver_creek_usgs_temp_3,60.65107,-151.09076,US/Alaska (UTC-9 / UTC-8),"west fork beaver creek, upstream of marathon road",Beaver Creek,STREAM,MAIN,TRUE,TRUE,TBD,FALSE
2022-08-13T10:00:00Z,13.81,beaver_creek_usgs_temp_3,60.65107,-151.09076,US/Alaska (UTC-9 / UTC-8),"west fork beaver creek, upstream of marathon road",Beaver Creek,STREAM,MAIN,TRUE,TRUE,TBD,FALSE
2022-08-13T10:15:00Z,13.81,beaver_creek_usgs_temp_3,60.65107,-151.09076,US/Alaska (UTC-9 / UTC-8),"west fork beaver creek, upstream of marathon road",Beaver Creek,STREAM,MAIN,TRUE,TRUE,TBD,FALSE
2022-08-13T10:30:00Z,13.81,beaver_creek_usgs_temp_3,60.65107,-151.09076,US/Alaska (UTC-9 / UTC-8),"west fork beaver creek, upstream of marathon road",Beaver Creek,STREAM,MAIN,TRUE,TRUE,TBD,FALSE
2022-08-13T10:45:00Z,13.81,beaver_creek_usgs_temp_3,60.65107,-151.09076,US/Alaska (UTC-9 / UTC-8),"west fork beaver creek, upstream of marathon road",Beaver Creek,STREAM,MAIN,TRUE,TRUE,TBD,FALSE
2022-08-13T11:00:00Z,13.834,beaver_creek_usgs_temp_3,60.65107,-151.09076,US/Alaska (UTC-9 / UTC-8),"west fork beaver creek, upstream of marathon road",Beaver Creek,STREAM,MAIN,TRUE,TRUE,TBD,FALSE
2022-08-13T11:15:00Z,13.834,beaver_creek_usgs_temp_3,60.65107,-151.09076,US/Alaska (UTC-9 / UTC-8),"west fork beaver creek, upstream of marathon road",Beaver Creek,STREAM,MAIN,TRUE,TRUE,TBD,FALSE
2022-08-13T11:30:00Z,13.858,beaver_creek_usgs_temp_3,60.65107,-151.09076,US/Alaska (UTC-9 / UTC-8),"west fork beaver creek, upstream of marathon road",Beaver Creek,STREAM,MAIN,TRUE,TRUE,TBD,FALSE
2022-08-13T11:45:00Z,13.858,beaver_creek_usgs_temp_3,60.65107,-151.09076,US/Alaska (UTC-9 / UTC-8),"west fork beaver creek, upstream of marathon road",Beaver Creek,STREAM,MAIN,TRUE,TRUE,TBD,FALSE
2022-08-13T12:00:00Z,13.882,beaver_creek_usgs_temp_3,60.65107,-151.09076,US/Alaska (UTC-9 / UTC-8),"west fork beaver creek, upstream of marathon road",Beaver Creek,STREAM,MAIN,TRUE,TRUE,TBD,FALSE
2022-08-13T12:15:00Z,13.93,beaver_creek_usgs_temp_3,60.65107,-151.09076,US/Alaska (UTC-9 / UTC-8),"west fork beaver creek, upstream of marathon road",Beaver Creek,STREAM,MAIN,TRUE,TRUE,TBD,FALSE
2022-08-13T12:30:00Z,13.954,beaver_creek_usgs_temp_3,60.65107,-151.09076,US/Alaska (UTC-9 / UTC-8),"west fork beaver creek, upstream of marathon road",Beaver Creek,STREAM,MAIN,TRUE,TRUE,TBD,FALSE
2022-08-13T12:45:00Z,13.978,beaver_creek_usgs_temp_3,60.65107,-151.09076,US/Alaska (UTC-9 / UTC-8),"west fork beaver creek, upstream of marathon road",Beaver Creek,STREAM,MAIN,TRUE,TRUE,TBD,FALSE
2022-08-13T13:00:00Z,14.002,beaver_creek_usgs_temp_3,60.65107,-151.09076,US/Alaska (UTC-9 / UTC-8),"west fork beaver creek, upstream of marathon road",Beaver Creek,STREAM,MAIN,TRUE,TRUE,TBD,FALSE
2022-08-13T13:15:00Z,14.026,beaver_creek_usgs_temp_3,60.65107,-151.09076,US/Alaska (UTC-9 / UTC-8),"west fork beaver creek, upstream of marathon road",Beaver Creek,STREAM,MAIN,TRUE,TRUE,TBD,FALSE
2022-08-13T13:30:00Z,14.05,beaver_creek_usgs_temp_3,60.65107,-151.09076,US/Alaska (UTC-9 / UTC-8),"west fork beaver creek, upstream of marathon road",Beaver Creek,STREAM,MAIN,TRUE,TRUE,TBD,FALSE
2022-08-13T13:45:00Z,14.05,beaver_creek_usgs_temp_3,60.65107,-151.09076,US/Alaska (UTC-9 / UTC-8),"west fork beaver creek, upstream of marathon road",Beaver Creek,STREAM,MAIN,TRUE,TRUE,TBD,FALSE
2022-08-13T14:00:00Z,14.122,beaver_creek_usgs_temp_3,60.65107,-151.09076,US/Alaska (UTC-9 / UTC-8),"west fork beaver creek, upstream of marathon road",Beaver Creek,STREAM,MAIN,TRUE,TRUE,TBD,FALSE
2022-08-13T14:15:00Z,14.17,beaver_creek_usgs_temp_3,60.65107,-151.09076,US/Alaska (UTC-9 / UTC-8),"west fork beaver creek, upstream of marathon road",Beaver Creek,STREAM,MAIN,TRUE,TRUE,TBD,FALSE
2022-08-13T14:30:00Z,14.218,beaver_creek_usgs_temp_3,60.65107,-151.09076,US/Alaska (UTC-9 / UTC-8),"west fork beaver creek, upstream of marathon road",Beaver Creek,STREAM,MAIN,TRUE,TRUE,TBD,FALSE
2022-08-13T14:45:00Z,14.29,beaver_creek_usgs_temp_3,60.65107,-151.09076,US/Alaska (UTC-9 / UTC-8),"west fork beaver creek, upstream of marathon road",Beaver Creek,STREAM,MAIN,TRUE,TRUE,TBD,FALSE
2022-08-13T15:00:00Z,14.361,beaver_creek_usgs_temp_3,60.65107,-151.09076,US/Alaska (UTC-9 / UTC-8),"west fork beaver creek, upstream of marathon road",Beaver Creek,STREAM,MAIN,TRUE,TRUE,TBD,FALSE
2022-08-13T15:15:00Z,14.409,beaver_creek_usgs_temp_3,60.65107,-151.09076,US/Alaska (UTC-9 / UTC-8),"west fork beaver creek, upstream of marathon road",Beaver Creek,STREAM,MAIN,TRUE,TRUE,TBD,FALSE
2022-08-13T15:30:00Z,14.457,beaver_creek_usgs_temp_3,60.65107,-151.09076,US/Alaska (UTC-9 / UTC-8),"west fork beaver creek, upstream of marathon road",Beaver Creek,STREAM,MAIN,TRUE,TRUE,TBD,FALSE
2022-08-13T15:45:00Z,14.481,beaver_creek_usgs_temp_3,60.65107,-151.09076,US/Alaska (UTC-9 / UTC-8),"west fork beaver creek, upstream of marathon road",Beaver Creek,STREAM,MAIN,TRUE,TRUE,TBD,FALSE
2022-08-13T16:00:00Z,14.505,beaver_creek_usgs_temp_3,60.65107,-151.09076,US/Alaska (UTC-9 / UTC-8),"west fork beaver creek, upstream of marathon road",Beaver Creek,STREAM,MAIN,TRUE,TRUE,TBD,FALSE
2022-08-13T16:15:00Z,14.505,beaver_creek_usgs_temp_3,60.65107,-151.09076,US/Alaska (UTC-9 / UTC-8),"west fork beaver creek, upstream of marathon road",Beaver Creek,STREAM,MAIN,TRUE,TRUE,TBD,FALSE
2022-08-13T16:30:00Z,14.529,beaver_creek_usgs_temp_3,60.65107,-151.09076,US/Alaska (UTC-9 / UTC-8),"west fork beaver creek, upstream of marathon road",Beaver Creek,STREAM,MAIN,TRUE,TRUE,TBD,FALSE
2022-08-13T16:45:00Z,14.601,beaver_creek_usgs_temp_3,60.65107,-151.09076,US/Alaska (UTC-9 / UTC-8),"west fork beaver creek, upstream of marathon road",Beaver Creek,STREAM,MAIN,TRUE,TRUE,TBD,FALSE
2022-08-13T17:00:00Z,14.673,beaver_creek_usgs_temp_3,60.65107,-151.09076,US/Alaska (UTC-9 / UTC-8),"west fork beaver creek, upstream of marathon road",Beaver Creek,STREAM,MAIN,TRUE,TRUE,TBD,FALSE
2022-08-13T17:15:00Z,14.768,beaver_creek_usgs_temp_3,60.65107,-151.09076,US/Alaska (UTC-9 / UTC-8),"west fork beaver creek, upstream of marathon road",Beaver Creek,STREAM,MAIN,TRUE,TRUE,TBD,FALSE
2022-08-13T17:30:00Z,14.792,beaver_creek_usgs_temp_3,60.65107,-151.09076,US/Alaska (UTC-9 / UTC-8),"west fork beaver creek, upstream of marathon road",Beaver Creek,STREAM,MAIN,TRUE,TRUE,TBD,FALSE
2022-08-13T17:45:00Z,14.768,beaver_creek_usgs_temp_3,60.65107,-151.09076,US/Alaska (UTC-9 / UTC-8),"west fork beaver creek, upstream of marathon road",Beaver Creek,STREAM,MAIN,TRUE,TRUE,TBD,FALSE
2022-08-13T18:00:00Z,14.768,beaver_creek_usgs_temp_3,60.65107,-151.09076,US/Alaska (UTC-9 / UTC-8),"west fork beaver creek, upstream of marathon road",Beaver Creek,STREAM,MAIN,TRUE,TRUE,TBD,FALSE
2022-08-13T18:15:00Z,14.768,beaver_creek_usgs_temp_3,60.65107,-151.09076,US/Alaska (UTC-9 / UTC-8),"west fork beaver creek, upstream of marathon road",Beaver Creek,STREAM,MAIN,TRUE,TRUE,TBD,FALSE
2022-08-13T18:30:00Z,14.768,beaver_creek_usgs_temp_3,60.65107,-151.09076,US/Alaska (UTC-9 / UTC-8),"west fork beaver creek, upstream of marathon road",Beaver Creek,STREAM,MAIN,TRUE,TRUE,TBD,FALSE
2022-08-13T18:45:00Z,14.768,beaver_creek_usgs_temp_3,60.65107,-151.09076,US/Alaska (UTC-9 / UTC-8),"west fork beaver creek, upstream of marathon road",Beaver Creek,STREAM,MAIN,TRUE,TRUE,TBD,FALSE
2022-08-13T19:00:00Z,14.768,beaver_creek_usgs_temp_3,60.65107,-151.09076,US/Alaska (UTC-9 / UTC-8),"west fork beaver creek, upstream of marathon road",Beaver Creek,STREAM,MAIN,TRUE,TRUE,TBD,FALSE
2022-08-13T19:15:00Z,14.768,beaver_creek_usgs_temp_3,60.65107,-151.09076,US/Alaska (UTC-9 / UTC-8),"west fork beaver creek, upstream of marathon road",Beaver Creek,STREAM,MAIN,TRUE,TRUE,TBD,FALSE
2022-08-13T19:30:00Z,14.745,beaver_creek_usgs_temp_3,60.65107,-151.09076,US/Alaska (UTC-9 / UTC-8),"west fork beaver creek, upstream of marathon road",Beaver Creek,STREAM,MAIN,TRUE,TRUE,TBD,FALSE
2022-08-13T19:45:00Z,14.697,beaver_creek_usgs_temp_3,60.65107,-151.09076,US/Alaska (UTC-9 / UTC-8),"west fork beaver creek, upstream of marathon road",Beaver Creek,STREAM,MAIN,TRUE,TRUE,TBD,FALSE
2022-08-13T20:00:00Z,14.673,beaver_creek_usgs_temp_3,60.65107,-151.09076,US/Alaska (UTC-9 / UTC-8),"west fork beaver creek, upstream of marathon road",Beaver Creek,STREAM,MAIN,TRUE,TRUE,TBD,FALSE
2022-08-13T20:15:00Z,14.649,beaver_creek_usgs_temp_3,60.65107,-151.09076,US/Alaska (UTC-9 / UTC-8),"west fork beaver creek, upstream of marathon road",Beaver Creek,STREAM,MAIN,TRUE,TRUE,TBD,FALSE
2022-08-13T20:30:00Z,14.625,beaver_creek_usgs_temp_3,60.65107,-151.09076,US/Alaska (UTC-9 / UTC-8),"west fork beaver creek, upstream of marathon road",Beaver Creek,STREAM,MAIN,TRUE,TRUE,TBD,FALSE
2022-08-13T20:45:00Z,14.625,beaver_creek_usgs_temp_3,60.65107,-151.09076,US/Alaska (UTC-9 / UTC-8),"west fork beaver creek, upstream of marathon road",Beaver Creek,STREAM,MAIN,TRUE,TRUE,TBD,FALSE
2022-08-13T21:00:00Z,14.601,beaver_creek_usgs_temp_3,60.65107,-151.09076,US/Alaska (UTC-9 / UTC-8),"west fork beaver creek, upstream of marathon road",Beaver Creek,STREAM,MAIN,TRUE,TRUE,TBD,FALSE
2022-08-13T21:15:00Z,14.577,beaver_creek_usgs_temp_3,60.65107,-151.09076,US/Alaska (UTC-9 / UTC-8),"west fork beaver creek, upstream of marathon road",Beaver Creek,STREAM,MAIN,TRUE,TRUE,TBD,FALSE
2022-08-13T21:30:00Z,14.553,beaver_creek_usgs_temp_3,60.65107,-151.09076,US/Alaska (UTC-9 / UTC-8),"west fork beaver creek, upstream of marathon road",Beaver Creek,STREAM,MAIN,TRUE,TRUE,TBD,FALSE
2022-08-13T21:45:00Z,14.529,beaver_creek_usgs_temp_3,60.65107,-151.09076,US/Alaska (UTC-9 / UTC-8),"west fork beaver creek, upstream of marathon road",Beaver Creek,STREAM,MAIN,TRUE,TRUE,TBD,FALSE
2022-08-13T22:00:00Z,14.505,beaver_creek_usgs_temp_3,60.65107,-151.09076,US/Alaska (UTC-9 / UTC-8),"west fork beaver creek, upstream of marathon road",Beaver Creek,STREAM,MAIN,TRUE,TRUE,TBD,FALSE
2022-08-13T22:15:00Z,14.481,beaver_creek_usgs_temp_3,60.65107,-151.09076,US/Alaska (UTC-9 / UTC-8),"west fork beaver creek, upstream of marathon road",Beaver Creek,STREAM,MAIN,TRUE,TRUE,TBD,FALSE
2022-08-13T22:30:00Z,14.457,beaver_creek_usgs_temp_3,60.65107,-151.09076,US/Alaska (UTC-9 / UTC-8),"west fork beaver creek, upstream of marathon road",Beaver Creek,STREAM,MAIN,TRUE,TRUE,TBD,FALSE
2022-08-13T22:45:00Z,14.457,beaver_creek_usgs_temp_3,60.65107,-151.09076,US/Alaska (UTC-9 / UTC-8),"west fork beaver creek, upstream of marathon road",Beaver Creek,STREAM,MAIN,TRUE,TRUE,TBD,FALSE
2022-08-13T23:00:00Z,14.433,beaver_creek_usgs_temp_3,60.65107,-151.09076,US/Alaska (UTC-9 / UTC-8),"west fork beaver creek, upstream of marathon road",Beaver Creek,STREAM,MAIN,TRUE,TRUE,TBD,FALSE
2022-08-13T23:15:00Z,14.409,beaver_creek_usgs_temp_3,60.65107,-151.09076,US/Alaska (UTC-9 / UTC-8),"west fork beaver creek, upstream of marathon road",Beaver Creek,STREAM,MAIN,TRUE,TRUE,TBD,FALSE
2022-08-13T23:30:00Z,14.409,beaver_creek_usgs_temp_3,60.65107,-151.09076,US/Alaska (UTC-9 / UTC-8),"west fork beaver creek, upstream of marathon road",Beaver Creek,STREAM,MAIN,TRUE,TRUE,TBD,FALSE
2022-08-13T23:45:00Z,14.385,beaver_creek_usgs_temp_3,60.65107,-151.09076,US/Alaska (UTC-9 / UTC-8),"west fork beaver creek, upstream of marathon road",Beaver Creek,STREAM,MAIN,TRUE,TRUE,TBD,FALSE
2022-08-14T00:00:00Z,14.385,beaver_creek_usgs_temp_3,60.65107,-151.09076,US/Alaska (UTC-9 / UTC-8),"west fork beaver creek, upstream of marathon road",Beaver Creek,STREAM,MAIN,TRUE,TRUE,TBD,FALSE
2022-08-14T00:15:00Z,14.361,beaver_creek_usgs_temp_3,60.65107,-151.09076,US/Alaska (UTC-9 / UTC-8),"west fork beaver creek, upstream of marathon road",Beaver Creek,STREAM,MAIN,TRUE,TRUE,TBD,FALSE
2022-08-14T00:30:00Z,14.337,beaver_creek_usgs_temp_3,60.65107,-151.09076,US/Alaska (UTC-9 / UTC-8),"west fork beaver creek, upstream of marathon road",Beaver Creek,STREAM,MAIN,TRUE,TRUE,TBD,FALSE
2022-08-14T00:45:00Z,14.314,beaver_creek_usgs_temp_3,60.65107,-151.09076,US/Alaska (UTC-9 / UTC-8),"west fork beaver creek, upstream of marathon road",Beaver Creek,STREAM,MAIN,TRUE,TRUE,TBD,FALSE
2022-08-14T01:00:00Z,14.29,beaver_creek_usgs_temp_3,60.65107,-151.09076,US/Alaska (UTC-9 / UTC-8),"west fork beaver creek, upstream of marathon road",Beaver Creek,STREAM,MAIN,TRUE,TRUE,TBD,FALSE
2022-08-14T01:15:00Z,14.29,beaver_creek_usgs_temp_3,60.65107,-151.09076,US/Alaska (UTC-9 / UTC-8),"west fork beaver creek, upstream of marathon road",Beaver Creek,STREAM,MAIN,TRUE,TRUE,TBD,FALSE
2022-08-14T01:30:00Z,14.266,beaver_creek_usgs_temp_3,60.65107,-151.09076,US/Alaska (UTC-9 / UTC-8),"west fork beaver creek, upstream of marathon road",Beaver Creek,STREAM,MAIN,TRUE,TRUE,TBD,FALSE
2022-08-14T01:45:00Z,14.242,beaver_creek_usgs_temp_3,60.65107,-151.09076,US/Alaska (UTC-9 / UTC-8),"west fork beaver creek, upstream of marathon road",Beaver Creek,STREAM,MAIN,TRUE,TRUE,TBD,FALSE
2022-08-14T02:00:00Z,14.218,beaver_creek_usgs_temp_3,60.65107,-151.09076,US/Alaska (UTC-9 / UTC-8),"west fork beaver creek, upstream of marathon road",Beaver Creek,STREAM,MAIN,TRUE,TRUE,TBD,FALSE
2022-08-14T02:15:00Z,14.194,beaver_creek_usgs_temp_3,60.65107,-151.09076,US/Alaska (UTC-9 / UTC-8),"west fork beaver creek, upstream of marathon road",Beaver Creek,STREAM,MAIN,TRUE,TRUE,TBD,FALSE
2022-08-14T02:30:00Z,14.146,beaver_creek_usgs_temp_3,60.65107,-151.09076,US/Alaska (UTC-9 / UTC-8),"west fork beaver creek, upstream of marathon road",Beaver Creek,STREAM,MAIN,TRUE,TRUE,TBD,FALSE
2022-08-14T02:45:00Z,14.122,beaver_creek_usgs_temp_3,60.65107,-151.09076,US/Alaska (UTC-9 / UTC-8),"west fork beaver creek, upstream of marathon road",Beaver Creek,STREAM,MAIN,TRUE,TRUE,TBD,FALSE
2022-08-14T03:00:00Z,14.098,beaver_creek_usgs_temp_3,60.65107,-151.09076,US/Alaska (UTC-9 / UTC-8),"west fork beaver creek, upstream of marathon road",Beaver Creek,STREAM,MAIN,TRUE,TRUE,TBD,FALSE
2022-08-14T03:15:00Z,14.074,beaver_creek_usgs_temp_3,60.65107,-151.09076,US/Alaska (UTC-9 / UTC-8),"west fork beaver creek, upstream of marathon road",Beaver Creek,STREAM,MAIN,TRUE,TRUE,TBD,FALSE
2022-08-14T03:30:00Z,14.026,beaver_creek_usgs_temp_3,60.65107,-151.09076,US/Alaska (UTC-9 / UTC-8),"west fork beaver creek, upstream of marathon road",Beaver Creek,STREAM,MAIN,TRUE,TRUE,TBD,FALSE
2022-08-14T03:45:00Z,14.002,beaver_creek_usgs_temp_3,60.65107,-151.09076,US/Alaska (UTC-9 / UTC-8),"west fork beaver creek, upstream of marathon road",Beaver Creek,STREAM,MAIN,TRUE,TRUE,TBD,FALSE
2022-08-14T04:00:00Z,13.978,beaver_creek_usgs_temp_3,60.65107,-151.09076,US/Alaska (UTC-9 / UTC-8),"west fork beaver creek, upstream of marathon road",Beaver Creek,STREAM,MAIN,TRUE,TRUE,TBD,FALSE
2022-08-14T04:15:00Z,13.954,beaver_creek_usgs_temp_3,60.65107,-151.09076,US/Alaska (UTC-9 / UTC-8),"west fork beaver creek, upstream of marathon road",Beaver Creek,STREAM,MAIN,TRUE,TRUE,TBD,FALSE
2022-08-14T04:30:00Z,13.93,beaver_creek_usgs_temp_3,60.65107,-151.09076,US/Alaska (UTC-9 / UTC-8),"west fork beaver creek, upstream of marathon road",Beaver Creek,STREAM,MAIN,TRUE,TRUE,TBD,FALSE
2022-08-14T04:45:00Z,13.906,beaver_creek_usgs_temp_3,60.65107,-151.09076,US/Alaska (UTC-9 / UTC-8),"west fork beaver creek, upstream of marathon road",Beaver Creek,STREAM,MAIN,TRUE,TRUE,TBD,FALSE
2022-08-14T05:00:00Z,13.858,beaver_creek_usgs_temp_3,60.65107,-151.09076,US/Alaska (UTC-9 / UTC-8),"west fork beaver creek, upstream of marathon road",Beaver Creek,STREAM,MAIN,TRUE,TRUE,TBD,FALSE
2022-08-14T05:15:00Z,13.834,beaver_creek_usgs_temp_3,60.65107,-151.09076,US/Alaska (UTC-9 / UTC-8),"west fork beaver creek, upstream of marathon road",Beaver Creek,STREAM,MAIN,TRUE,TRUE,TBD,FALSE
2022-08-14T05:30:00Z,13.81,beaver_creek_usgs_temp_3,60.65107,-151.09076,US/Alaska (UTC-9 / UTC-8),"west fork beaver creek, upstream of marathon road",Beaver Creek,STREAM,MAIN,TRUE,TRUE,TBD,FALSE
2022-08-14T05:45:00Z,13.762,beaver_creek_usgs_temp_3,60.65107,-151.09076,US/Alaska (UTC-9 / UTC-8),"west fork beaver creek, upstream of marathon road",Beaver Creek,STREAM,MAIN,TRUE,TRUE,TBD,FALSE
2022-08-14T06:00:00Z,13.738,beaver_creek_usgs_temp_3,60.65107,-151.09076,US/Alaska (UTC-9 / UTC-8),"west fork beaver creek, upstream of marathon road",Beaver Creek,STREAM,MAIN,TRUE,TRUE,TBD,FALSE
2022-08-14T06:15:00Z,13.69,beaver_creek_usgs_temp_3,60.65107,-151.09076,US/Alaska (UTC-9 / UTC-8),"west fork beaver creek, upstream of marathon road",Beaver Creek,STREAM,MAIN,TRUE,TRUE,TBD,FALSE
2022-08-14T06:30:00Z,13.666,beaver_creek_usgs_temp_3,60.65107,-151.09076,US/Alaska (UTC-9 / UTC-8),"west fork beaver creek, upstream of marathon road",Beaver Creek,STREAM,MAIN,TRUE,TRUE,TBD,FALSE
2022-08-14T06:45:00Z,13.618,beaver_creek_usgs_temp_3,60.65107,-151.09076,US/Alaska (UTC-9 / UTC-8),"west fork beaver creek, upstream of marathon road",Beaver Creek,STREAM,MAIN,TRUE,TRUE,TBD,FALSE
2022-08-14T07:00:00Z,13.594,beaver_creek_usgs_temp_3,60.65107,-151.09076,US/Alaska (UTC-9 / UTC-8),"west fork beaver creek, upstream of marathon road",Beaver Creek,STREAM,MAIN,TRUE,TRUE,TBD,FALSE
2022-08-14T07:15:00Z,13.57,beaver_creek_usgs_temp_3,60.65107,-151.09076,US/Alaska (UTC-9 / UTC-8),"west fork beaver creek, upstream of marathon road",Beaver Creek,STREAM,MAIN,TRUE,TRUE,TBD,FALSE
2022-08-14T07:30:00Z,13.546,beaver_creek_usgs_temp_3,60.65107,-151.09076,US/Alaska (UTC-9 / UTC-8),"west fork beaver creek, upstream of marathon road",Beaver Creek,STREAM,MAIN,TRUE,TRUE,TBD,FALSE
2022-08-14T07:45:00Z,13.522,beaver_creek_usgs_temp_3,60.65107,-151.09076,US/Alaska (UTC-9 / UTC-8),"west fork beaver creek, upstream of marathon road",Beaver Creek,STREAM,MAIN,TRUE,TRUE,TBD,FALSE
2022-08-14T08:00:00Z,13.497,beaver_creek_usgs_temp_3,60.65107,-151.09076,US/Alaska (UTC-9 / UTC-8),"west fork beaver creek, upstream of marathon road",Beaver Creek,STREAM,MAIN,TRUE,TRUE,TBD,FALSE
2022-08-14T08:15:00Z,13.473,beaver_creek_usgs_temp_3,60.65107,-151.09076,US/Alaska (UTC-9 / UTC-8),"west fork beaver creek, upstream of marathon road",Beaver Creek,STREAM,MAIN,TRUE,TRUE,TBD,FALSE
2022-08-14T08:30:00Z,13.449,beaver_creek_usgs_temp_3,60.65107,-151.09076,US/Alaska (UTC-9 / UTC-8),"west fork beaver creek, upstream of marathon road",Beaver Creek,STREAM,MAIN,TRUE,TRUE,TBD,FALSE
2022-08-14T08:45:00Z,13.425,beaver_creek_usgs_temp_3,60.65107,-151.09076,US/Alaska (UTC-9 / UTC-8),"west fork beaver creek, upstream of marathon road",Beaver Creek,STREAM,MAIN,TRUE,TRUE,TBD,FALSE
2022-08-14T09:00:00Z,13.425,beaver_creek_usgs_temp_3,60.65107,-151.09076,US/Alaska (UTC-9 / UTC-8),"west fork beaver creek, upstream of marathon road",Beaver Creek,STREAM,MAIN,TRUE,TRUE,TBD,FALSE
2022-08-14T09:15:00Z,13.425,beaver_creek_usgs_temp_3,60.65107,-151.09076,US/Alaska (UTC-9 / UTC-8),"west fork beaver creek, upstream of marathon road",Beaver Creek,STREAM,MAIN,TRUE,TRUE,TBD,FALSE
2022-08-14T09:30:00Z,13.425,beaver_creek_usgs_temp_3,60.65107,-151.09076,US/Alaska (UTC-9 / UTC-8),"west fork beaver creek, upstream of marathon road",Beaver Creek,STREAM,MAIN,TRUE,TRUE,TBD,FALSE
2022-08-14T09:45:00Z,13.425,beaver_creek_usgs_temp_3,60.65107,-151.09076,US/Alaska (UTC-9 / UTC-8),"west fork beaver creek, upstream of marathon road",Beaver Creek,STREAM,MAIN,TRUE,TRUE,TBD,FALSE
2022-08-14T10:00:00Z,13.425,beaver_creek_usgs_temp_3,60.65107,-151.09076,US/Alaska (UTC-9 / UTC-8),"west fork beaver creek, upstream of marathon road",Beaver Creek,STREAM,MAIN,TRUE,TRUE,TBD,FALSE
2022-08-14T10:15:00Z,13.449,beaver_creek_usgs_temp_3,60.65107,-151.09076,US/Alaska (UTC-9 / UTC-8),"west fork beaver creek, upstream of marathon road",Beaver Creek,STREAM,MAIN,TRUE,TRUE,TBD,FALSE
2022-08-14T10:30:00Z,13.473,beaver_creek_usgs_temp_3,60.65107,-151.09076,US/Alaska (UTC-9 / UTC-8),"west fork beaver creek, upstream of marathon road",Beaver Creek,STREAM,MAIN,TRUE,TRUE,TBD,FALSE
2022-08-14T10:45:00Z,13.546,beaver_creek_usgs_temp_3,60.65107,-151.09076,US/Alaska (UTC-9 / UTC-8),"west fork beaver creek, upstream of marathon road",Beaver Creek,STREAM,MAIN,TRUE,TRUE,TBD,FALSE
2022-08-14T11:00:00Z,13.594,beaver_creek_usgs_temp_3,60.65107,-151.09076,US/Alaska (UTC-9 / UTC-8),"west fork beaver creek, upstream of marathon road",Beaver Creek,STREAM,MAIN,TRUE,TRUE,TBD,FALSE
2022-08-14T11:15:00Z,13.666,beaver_creek_usgs_temp_3,60.65107,-151.09076,US/Alaska (UTC-9 / UTC-8),"west fork beaver creek, upstream of marathon road",Beaver Creek,STREAM,MAIN,TRUE,TRUE,TBD,FALSE
2022-08-14T11:30:00Z,13.762,beaver_creek_usgs_temp_3,60.65107,-151.09076,US/Alaska (UTC-9 / UTC-8),"west fork beaver creek, upstream of marathon road",Beaver Creek,STREAM,MAIN,TRUE,TRUE,TBD,FALSE
2022-08-14T11:45:00Z,13.858,beaver_creek_usgs_temp_3,60.65107,-151.09076,US/Alaska (UTC-9 / UTC-8),"west fork beaver creek, upstream of marathon road",Beaver Creek,STREAM,MAIN,TRUE,TRUE,TBD,FALSE
2022-08-14T12:00:00Z,14.002,beaver_creek_usgs_temp_3,60.65107,-151.09076,US/Alaska (UTC-9 / UTC-8),"west fork beaver creek, upstream of marathon road",Beaver Creek,STREAM,MAIN,TRUE,TRUE,TBD,FALSE
2022-08-14T12:15:00Z,14.098,beaver_creek_usgs_temp_3,60.65107,-151.09076,US/Alaska (UTC-9 / UTC-8),"west fork beaver creek, upstream of marathon road",Beaver Creek,STREAM,MAIN,TRUE,TRUE,TBD,FALSE
2022-08-14T12:30:00Z,14.17,beaver_creek_usgs_temp_3,60.65107,-151.09076,US/Alaska (UTC-9 / UTC-8),"west fork beaver creek, upstream of marathon road",Beaver Creek,STREAM,MAIN,TRUE,TRUE,TBD,FALSE
2022-08-14T12:45:00Z,14.242,beaver_creek_usgs_temp_3,60.65107,-151.09076,US/Alaska (UTC-9 / UTC-8),"west fork beaver creek, upstream of marathon road",Beaver Creek,STREAM,MAIN,TRUE,TRUE,TBD,FALSE
2022-08-14T13:00:00Z,14.29,beaver_creek_usgs_temp_3,60.65107,-151.09076,US/Alaska (UTC-9 / UTC-8),"west fork beaver creek, upstream of marathon road",Beaver Creek,STREAM,MAIN,TRUE,TRUE,TBD,FALSE
2022-08-14T13:15:00Z,14.385,beaver_creek_usgs_temp_3,60.65107,-151.09076,US/Alaska (UTC-9 / UTC-8),"west fork beaver creek, upstream of marathon road",Beaver Creek,STREAM,MAIN,TRUE,TRUE,TBD,FALSE
2022-08-14T13:30:00Z,14.481,beaver_creek_usgs_temp_3,60.65107,-151.09076,US/Alaska (UTC-9 / UTC-8),"west fork beaver creek, upstream of marathon road",Beaver Creek,STREAM,MAIN,TRUE,TRUE,TBD,FALSE
2022-08-14T13:45:00Z,14.577,beaver_creek_usgs_temp_3,60.65107,-151.09076,US/Alaska (UTC-9 / UTC-8),"west fork beaver creek, upstream of marathon road",Beaver Creek,STREAM,MAIN,TRUE,TRUE,TBD,FALSE
2022-08-14T14:00:00Z,14.649,beaver_creek_usgs_temp_3,60.65107,-151.09076,US/Alaska (UTC-9 / UTC-8),"west fork beaver creek, upstream of marathon road",Beaver Creek,STREAM,MAIN,TRUE,TRUE,TBD,FALSE
2022-08-14T14:15:00Z,14.721,beaver_creek_usgs_temp_3,60.65107,-151.09076,US/Alaska (UTC-9 / UTC-8),"west fork beaver creek, upstream of marathon road",Beaver Creek,STREAM,MAIN,TRUE,TRUE,TBD,FALSE
2022-08-14T14:30:00Z,14.768,beaver_creek_usgs_temp_3,60.65107,-151.09076,US/Alaska (UTC-9 / UTC-8),"west fork beaver creek, upstream of marathon road",Beaver Creek,STREAM,MAIN,TRUE,TRUE,TBD,FALSE
2022-08-14T14:45:00Z,14.792,beaver_creek_usgs_temp_3,60.65107,-151.09076,US/Alaska (UTC-9 / UTC-8),"west fork beaver creek, upstream of marathon road",Beaver Creek,STREAM,MAIN,TRUE,TRUE,TBD,FALSE
2022-08-14T15:00:00Z,14.792,beaver_creek_usgs_temp_3,60.65107,-151.09076,US/Alaska (UTC-9 / UTC-8),"west fork beaver creek, upstream of marathon road",Beaver Creek,STREAM,MAIN,TRUE,TRUE,TBD,FALSE
2022-08-14T15:15:00Z,14.768,beaver_creek_usgs_temp_3,60.65107,-151.09076,US/Alaska (UTC-9 / UTC-8),"west fork beaver creek, upstream of marathon road",Beaver Creek,STREAM,MAIN,TRUE,TRUE,TBD,FALSE
2022-08-14T15:30:00Z,14.745,beaver_creek_usgs_temp_3,60.65107,-151.09076,US/Alaska (UTC-9 / UTC-8),"west fork beaver creek, upstream of marathon road",Beaver Creek,STREAM,MAIN,TRUE,TRUE,TBD,FALSE
2022-08-14T15:45:00Z,14.745,beaver_creek_usgs_temp_3,60.65107,-151.09076,US/Alaska (UTC-9 / UTC-8),"west fork beaver creek, upstream of marathon road",Beaver Creek,STREAM,MAIN,TRUE,TRUE,TBD,FALSE
2022-08-14T16:00:00Z,14.745,beaver_creek_usgs_temp_3,60.65107,-151.09076,US/Alaska (UTC-9 / UTC-8),"west fork beaver creek, upstream of marathon road",Beaver Creek,STREAM,MAIN,TRUE,TRUE,TBD,FALSE
2022-08-14T16:15:00Z,14.721,beaver_creek_usgs_temp_3,60.65107,-151.09076,US/Alaska (UTC-9 / UTC-8),"west fork beaver creek, upstream of marathon road",Beaver Creek,STREAM,MAIN,TRUE,TRUE,TBD,FALSE
2022-08-14T16:30:00Z,14.816,beaver_creek_usgs_temp_3,60.65107,-151.09076,US/Alaska (UTC-9 / UTC-8),"west fork beaver creek, upstream of marathon road",Beaver Creek,STREAM,MAIN,TRUE,TRUE,TBD,FALSE
2022-08-14T16:45:00Z,15.055,beaver_creek_usgs_temp_3,60.65107,-151.09076,US/Alaska (UTC-9 / UTC-8),"west fork beaver creek, upstream of marathon road",Beaver Creek,STREAM,MAIN,TRUE,TRUE,TBD,FALSE
2022-08-14T17:00:00Z,15.247,beaver_creek_usgs_temp_3,60.65107,-151.09076,US/Alaska (UTC-9 / UTC-8),"west fork beaver creek, upstream of marathon road",Beaver Creek,STREAM,MAIN,TRUE,TRUE,TBD,FALSE
2022-08-14T17:15:00Z,15.318,beaver_creek_usgs_temp_3,60.65107,-151.09076,US/Alaska (UTC-9 / UTC-8),"west fork beaver creek, upstream of marathon road",Beaver Creek,STREAM,MAIN,TRUE,TRUE,TBD,FALSE
2022-08-14T17:30:00Z,15.342,beaver_creek_usgs_temp_3,60.65107,-151.09076,US/Alaska (UTC-9 / UTC-8),"west fork beaver creek, upstream of marathon road",Beaver Creek,STREAM,MAIN,TRUE,TRUE,TBD,FALSE
2022-08-14T17:45:00Z,15.27,beaver_creek_usgs_temp_3,60.65107,-151.09076,US/Alaska (UTC-9 / UTC-8),"west fork beaver creek, upstream of marathon road",Beaver Creek,STREAM,MAIN,TRUE,TRUE,TBD,FALSE
2022-08-14T18:00:00Z,15.199,beaver_creek_usgs_temp_3,60.65107,-151.09076,US/Alaska (UTC-9 / UTC-8),"west fork beaver creek, upstream of marathon road",Beaver Creek,STREAM,MAIN,TRUE,TRUE,TBD,FALSE
2022-08-14T18:15:00Z,15.127,beaver_creek_usgs_temp_3,60.65107,-151.09076,US/Alaska (UTC-9 / UTC-8),"west fork beaver creek, upstream of marathon road",Beaver Creek,STREAM,MAIN,TRUE,TRUE,TBD,FALSE
2022-08-14T18:30:00Z,15.103,beaver_creek_usgs_temp_3,60.65107,-151.09076,US/Alaska (UTC-9 / UTC-8),"west fork beaver creek, upstream of marathon road",Beaver Creek,STREAM,MAIN,TRUE,TRUE,TBD,FALSE
2022-08-14T18:45:00Z,15.103,beaver_creek_usgs_temp_3,60.65107,-151.09076,US/Alaska (UTC-9 / UTC-8),"west fork beaver creek, upstream of marathon road",Beaver Creek,STREAM,MAIN,TRUE,TRUE,TBD,FALSE
2022-08-14T19:00:00Z,15.127,beaver_creek_usgs_temp_3,60.65107,-151.09076,US/Alaska (UTC-9 / UTC-8),"west fork beaver creek, upstream of marathon road",Beaver Creek,STREAM,MAIN,TRUE,TRUE,TBD,FALSE
2022-08-14T19:15:00Z,15.151,beaver_creek_usgs_temp_3,60.65107,-151.09076,US/Alaska (UTC-9 / UTC-8),"west fork beaver creek, upstream of marathon road",Beaver Creek,STREAM,MAIN,TRUE,TRUE,TBD,FALSE
2022-08-14T19:30:00Z,15.151,beaver_creek_usgs_temp_3,60.65107,-151.09076,US/Alaska (UTC-9 / UTC-8),"west fork beaver creek, upstream of marathon road",Beaver Creek,STREAM,MAIN,TRUE,TRUE,TBD,FALSE
2022-08-14T19:45:00Z,15.175,beaver_creek_usgs_temp_3,60.65107,-151.09076,US/Alaska (UTC-9 / UTC-8),"west fork beaver creek, upstream of marathon road",Beaver Creek,STREAM,MAIN,TRUE,TRUE,TBD,FALSE
2022-08-14T20:00:00Z,15.175,beaver_creek_usgs_temp_3,60.65107,-151.09076,US/Alaska (UTC-9 / UTC-8),"west fork beaver creek, upstream of marathon road",Beaver Creek,STREAM,MAIN,TRUE,TRUE,TBD,FALSE
2022-08-14T20:15:00Z,15.175,beaver_creek_usgs_temp_3,60.65107,-151.09076,US/Alaska (UTC-9 / UTC-8),"west fork beaver creek, upstream of marathon road",Beaver Creek,STREAM,MAIN,TRUE,TRUE,TBD,FALSE
2022-08-14T20:30:00Z,15.175,beaver_creek_usgs_temp_3,60.65107,-151.09076,US/Alaska (UTC-9 / UTC-8),"west fork beaver creek, upstream of marathon road",Beaver Creek,STREAM,MAIN,TRUE,TRUE,TBD,FALSE
2022-08-14T20:45:00Z,15.175,beaver_creek_usgs_temp_3,60.65107,-151.09076,US/Alaska (UTC-9 / UTC-8),"west fork beaver creek, upstream of marathon road",Beaver Creek,STREAM,MAIN,TRUE,TRUE,TBD,FALSE
2022-08-14T21:00:00Z,15.199,beaver_creek_usgs_temp_3,60.65107,-151.09076,US/Alaska (UTC-9 / UTC-8),"west fork beaver creek, upstream of marathon road",Beaver Creek,STREAM,MAIN,TRUE,TRUE,TBD,FALSE
2022-08-14T21:15:00Z,15.175,beaver_creek_usgs_temp_3,60.65107,-151.09076,US/Alaska (UTC-9 / UTC-8),"west fork beaver creek, upstream of marathon road",Beaver Creek,STREAM,MAIN,TRUE,TRUE,TBD,FALSE
2022-08-14T21:30:00Z,15.175,beaver_creek_usgs_temp_3,60.65107,-151.09076,US/Alaska (UTC-9 / UTC-8),"west fork beaver creek, upstream of marathon road",Beaver Creek,STREAM,MAIN,TRUE,TRUE,TBD,FALSE
2022-08-14T21:45:00Z,15.175,beaver_creek_usgs_temp_3,60.65107,-151.09076,US/Alaska (UTC-9 / UTC-8),"west fork beaver creek, upstream of marathon road",Beaver Creek,STREAM,MAIN,TRUE,TRUE,TBD,FALSE
2022-08-14T22:00:00Z,15.151,beaver_creek_usgs_temp_3,60.65107,-151.09076,US/Alaska (UTC-9 / UTC-8),"west fork beaver creek, upstream of marathon road",Beaver Creek,STREAM,MAIN,TRUE,TRUE,TBD,FALSE
2022-08-14T22:15:00Z,15.103,beaver_creek_usgs_temp_3,60.65107,-151.09076,US/Alaska (UTC-9 / UTC-8),"west fork beaver creek, upstream of marathon road",Beaver Creek,STREAM,MAIN,TRUE,TRUE,TBD,FALSE
2022-08-14T22:30:00Z,15.103,beaver_creek_usgs_temp_3,60.65107,-151.09076,US/Alaska (UTC-9 / UTC-8),"west fork beaver creek, upstream of marathon road",Beaver Creek,STREAM,MAIN,TRUE,TRUE,TBD,FALSE
2022-08-14T22:45:00Z,15.055,beaver_creek_usgs_temp_3,60.65107,-151.09076,US/Alaska (UTC-9 / UTC-8),"west fork beaver creek, upstream of marathon road",Beaver Creek,STREAM,MAIN,TRUE,TRUE,TBD,FALSE
2022-08-14T23:00:00Z,15.031,beaver_creek_usgs_temp_3,60.65107,-151.09076,US/Alaska (UTC-9 / UTC-8),"west fork beaver creek, upstream of marathon road",Beaver Creek,STREAM,MAIN,TRUE,TRUE,TBD,FALSE
2022-08-14T23:15:00Z,15.008,beaver_creek_usgs_temp_3,60.65107,-151.09076,US/Alaska (UTC-9 / UTC-8),"west fork beaver creek, upstream of marathon road",Beaver Creek,STREAM,MAIN,TRUE,TRUE,TBD,FALSE
2022-08-14T23:30:00Z,14.96,beaver_creek_usgs_temp_3,60.65107,-151.09076,US/Alaska (UTC-9 / UTC-8),"west fork beaver creek, upstream of marathon road",Beaver Creek,STREAM,MAIN,TRUE,TRUE,TBD,FALSE
2022-08-14T23:45:00Z,14.936,beaver_creek_usgs_temp_3,60.65107,-151.09076,US/Alaska (UTC-9 / UTC-8),"west fork beaver creek, upstream of marathon road",Beaver Creek,STREAM,MAIN,TRUE,TRUE,TBD,FALSE
2022-08-15T00:00:00Z,14.888,beaver_creek_usgs_temp_3,60.65107,-151.09076,US/Alaska (UTC-9 / UTC-8),"west fork beaver creek, upstream of marathon road",Beaver Creek,STREAM,MAIN,TRUE,TRUE,TBD,FALSE
2022-08-15T00:15:00Z,14.84,beaver_creek_usgs_temp_3,60.65107,-151.09076,US/Alaska (UTC-9 / UTC-8),"west fork beaver creek, upstream of marathon road",Beaver Creek,STREAM,MAIN,TRUE,TRUE,TBD,FALSE
2022-08-15T00:30:00Z,14.768,beaver_creek_usgs_temp_3,60.65107,-151.09076,US/Alaska (UTC-9 / UTC-8),"west fork beaver creek, upstream of marathon road",Beaver Creek,STREAM,MAIN,TRUE,TRUE,TBD,FALSE
2022-08-15T00:45:00Z,14.721,beaver_creek_usgs_temp_3,60.65107,-151.09076,US/Alaska (UTC-9 / UTC-8),"west fork beaver creek, upstream of marathon road",Beaver Creek,STREAM,MAIN,TRUE,TRUE,TBD,FALSE
2022-08-15T01:00:00Z,14.673,beaver_creek_usgs_temp_3,60.65107,-151.09076,US/Alaska (UTC-9 / UTC-8),"west fork beaver creek, upstream of marathon road",Beaver Creek,STREAM,MAIN,TRUE,TRUE,TBD,FALSE
2022-08-15T01:15:00Z,14.649,beaver_creek_usgs_temp_3,60.65107,-151.09076,US/Alaska (UTC-9 / UTC-8),"west fork beaver creek, upstream of marathon road",Beaver Creek,STREAM,MAIN,TRUE,TRUE,TBD,FALSE
2022-08-15T01:30:00Z,14.601,beaver_creek_usgs_temp_3,60.65107,-151.09076,US/Alaska (UTC-9 / UTC-8),"west fork beaver creek, upstream of marathon road",Beaver Creek,STREAM,MAIN,TRUE,TRUE,TBD,FALSE
2022-08-15T01:45:00Z,14.553,beaver_creek_usgs_temp_3,60.65107,-151.09076,US/Alaska (UTC-9 / UTC-8),"west fork beaver creek, upstream of marathon road",Beaver Creek,STREAM,MAIN,TRUE,TRUE,TBD,FALSE
2022-08-15T02:00:00Z,14.529,beaver_creek_usgs_temp_3,60.65107,-151.09076,US/Alaska (UTC-9 / UTC-8),"west fork beaver creek, upstream of marathon road",Beaver Creek,STREAM,MAIN,TRUE,TRUE,TBD,FALSE
2022-08-15T02:15:00Z,14.481,beaver_creek_usgs_temp_3,60.65107,-151.09076,US/Alaska (UTC-9 / UTC-8),"west fork beaver creek, upstream of marathon road",Beaver Creek,STREAM,MAIN,TRUE,TRUE,TBD,FALSE
2022-08-15T02:30:00Z,14.433,beaver_creek_usgs_temp_3,60.65107,-151.09076,US/Alaska (UTC-9 / UTC-8),"west fork beaver creek, upstream of marathon road",Beaver Creek,STREAM,MAIN,TRUE,TRUE,TBD,FALSE
2022-08-15T02:45:00Z,14.385,beaver_creek_usgs_temp_3,60.65107,-151.09076,US/Alaska (UTC-9 / UTC-8),"west fork beaver creek, upstream of marathon road",Beaver Creek,STREAM,MAIN,TRUE,TRUE,TBD,FALSE
2022-08-15T03:00:00Z,14.361,beaver_creek_usgs_temp_3,60.65107,-151.09076,US/Alaska (UTC-9 / UTC-8),"west fork beaver creek, upstream of marathon road",Beaver Creek,STREAM,MAIN,TRUE,TRUE,TBD,FALSE
2022-08-15T03:15:00Z,14.314,beaver_creek_usgs_temp_3,60.65107,-151.09076,US/Alaska (UTC-9 / UTC-8),"west fork beaver creek, upstream of marathon road",Beaver Creek,STREAM,MAIN,TRUE,TRUE,TBD,FALSE
2022-08-15T03:30:00Z,14.29,beaver_creek_usgs_temp_3,60.65107,-151.09076,US/Alaska (UTC-9 / UTC-8),"west fork beaver creek, upstream of marathon road",Beaver Creek,STREAM,MAIN,TRUE,TRUE,TBD,FALSE
2022-08-15T03:45:00Z,14.242,beaver_creek_usgs_temp_3,60.65107,-151.09076,US/Alaska (UTC-9 / UTC-8),"west fork beaver creek, upstream of marathon road",Beaver Creek,STREAM,MAIN,TRUE,TRUE,TBD,FALSE
2022-08-15T04:00:00Z,14.194,beaver_creek_usgs_temp_3,60.65107,-151.09076,US/Alaska (UTC-9 / UTC-8),"west fork beaver creek, upstream of marathon road",Beaver Creek,STREAM,MAIN,TRUE,TRUE,TBD,FALSE
2022-08-15T04:15:00Z,14.17,beaver_creek_usgs_temp_3,60.65107,-151.09076,US/Alaska (UTC-9 / UTC-8),"west fork beaver creek, upstream of marathon road",Beaver Creek,STREAM,MAIN,TRUE,TRUE,TBD,FALSE
2022-08-15T04:30:00Z,14.122,beaver_creek_usgs_temp_3,60.65107,-151.09076,US/Alaska (UTC-9 / UTC-8),"west fork beaver creek, upstream of marathon road",Beaver Creek,STREAM,MAIN,TRUE,TRUE,TBD,FALSE
2022-08-15T04:45:00Z,14.074,beaver_creek_usgs_temp_3,60.65107,-151.09076,US/Alaska (UTC-9 / UTC-8),"west fork beaver creek, upstream of marathon road",Beaver Creek,STREAM,MAIN,TRUE,TRUE,TBD,FALSE
2022-08-15T05:00:00Z,14.026,beaver_creek_usgs_temp_3,60.65107,-151.09076,US/Alaska (UTC-9 / UTC-8),"west fork beaver creek, upstream of marathon road",Beaver Creek,STREAM,MAIN,TRUE,TRUE,TBD,FALSE
2022-08-15T05:15:00Z,13.978,beaver_creek_usgs_temp_3,60.65107,-151.09076,US/Alaska (UTC-9 / UTC-8),"west fork beaver creek, upstream of marathon road",Beaver Creek,STREAM,MAIN,TRUE,TRUE,TBD,FALSE
2022-08-15T05:30:00Z,13.93,beaver_creek_usgs_temp_3,60.65107,-151.09076,US/Alaska (UTC-9 / UTC-8),"west fork beaver creek, upstream of marathon road",Beaver Creek,STREAM,MAIN,TRUE,TRUE,TBD,FALSE
2022-08-15T05:45:00Z,13.906,beaver_creek_usgs_temp_3,60.65107,-151.09076,US/Alaska (UTC-9 / UTC-8),"west fork beaver creek, upstream of marathon road",Beaver Creek,STREAM,MAIN,TRUE,TRUE,TBD,FALSE
2022-08-15T06:00:00Z,13.834,beaver_creek_usgs_temp_3,60.65107,-151.09076,US/Alaska (UTC-9 / UTC-8),"west fork beaver creek, upstream of marathon road",Beaver Creek,STREAM,MAIN,TRUE,TRUE,TBD,FALSE
2022-08-15T06:15:00Z,13.81,beaver_creek_usgs_temp_3,60.65107,-151.09076,US/Alaska (UTC-9 / UTC-8),"west fork beaver creek, upstream of marathon road",Beaver Creek,STREAM,MAIN,TRUE,TRUE,TBD,FALSE
2022-08-15T06:30:00Z,13.762,beaver_creek_usgs_temp_3,60.65107,-151.09076,US/Alaska (UTC-9 / UTC-8),"west fork beaver creek, upstream of marathon road",Beaver Creek,STREAM,MAIN,TRUE,TRUE,TBD,FALSE
2022-08-15T06:45:00Z,13.714,beaver_creek_usgs_temp_3,60.65107,-151.09076,US/Alaska (UTC-9 / UTC-8),"west fork beaver creek, upstream of marathon road",Beaver Creek,STREAM,MAIN,TRUE,TRUE,TBD,FALSE
2022-08-15T07:00:00Z,13.666,beaver_creek_usgs_temp_3,60.65107,-151.09076,US/Alaska (UTC-9 / UTC-8),"west fork beaver creek, upstream of marathon road",Beaver Creek,STREAM,MAIN,TRUE,TRUE,TBD,FALSE
2022-08-15T07:15:00Z,13.642,beaver_creek_usgs_temp_3,60.65107,-151.09076,US/Alaska (UTC-9 / UTC-8),"west fork beaver creek, upstream of marathon road",Beaver Creek,STREAM,MAIN,TRUE,TRUE,TBD,FALSE
2022-08-15T07:30:00Z,13.618,beaver_creek_usgs_temp_3,60.65107,-151.09076,US/Alaska (UTC-9 / UTC-8),"west fork beaver creek, upstream of marathon road",Beaver Creek,STREAM,MAIN,TRUE,TRUE,TBD,FALSE
2022-08-15T07:45:00Z,13.618,beaver_creek_usgs_temp_3,60.65107,-151.09076,US/Alaska (UTC-9 / UTC-8),"west fork beaver creek, upstream of marathon road",Beaver Creek,STREAM,MAIN,TRUE,TRUE,TBD,FALSE
2022-08-15T08:00:00Z,13.594,beaver_creek_usgs_temp_3,60.65107,-151.09076,US/Alaska (UTC-9 / UTC-8),"west fork beaver creek, upstream of marathon road",Beaver Creek,STREAM,MAIN,TRUE,TRUE,TBD,FALSE
2022-08-15T08:15:00Z,13.57,beaver_creek_usgs_temp_3,60.65107,-151.09076,US/Alaska (UTC-9 / UTC-8),"west fork beaver creek, upstream of marathon road",Beaver Creek,STREAM,MAIN,TRUE,TRUE,TBD,FALSE
2022-08-15T08:30:00Z,13.57,beaver_creek_usgs_temp_3,60.65107,-151.09076,US/Alaska (UTC-9 / UTC-8),"west fork beaver creek, upstream of marathon road",Beaver Creek,STREAM,MAIN,TRUE,TRUE,TBD,FALSE
2022-08-15T08:45:00Z,13.57,beaver_creek_usgs_temp_3,60.65107,-151.09076,US/Alaska (UTC-9 / UTC-8),"west fork beaver creek, upstream of marathon road",Beaver Creek,STREAM,MAIN,TRUE,TRUE,TBD,FALSE
2022-08-15T09:00:00Z,13.57,beaver_creek_usgs_temp_3,60.65107,-151.09076,US/Alaska (UTC-9 / UTC-8),"west fork beaver creek, upstream of marathon road",Beaver Creek,STREAM,MAIN,TRUE,TRUE,TBD,FALSE
2022-08-15T09:15:00Z,13.57,beaver_creek_usgs_temp_3,60.65107,-151.09076,US/Alaska (UTC-9 / UTC-8),"west fork beaver creek, upstream of marathon road",Beaver Creek,STREAM,MAIN,TRUE,TRUE,TBD,FALSE
2022-08-15T09:30:00Z,13.57,beaver_creek_usgs_temp_3,60.65107,-151.09076,US/Alaska (UTC-9 / UTC-8),"west fork beaver creek, upstream of marathon road",Beaver Creek,STREAM,MAIN,TRUE,TRUE,TBD,FALSE
2022-08-15T09:45:00Z,13.594,beaver_creek_usgs_temp_3,60.65107,-151.09076,US/Alaska (UTC-9 / UTC-8),"west fork beaver creek, upstream of marathon road",Beaver Creek,STREAM,MAIN,TRUE,TRUE,TBD,FALSE
2022-08-15T10:00:00Z,13.618,beaver_creek_usgs_temp_3,60.65107,-151.09076,US/Alaska (UTC-9 / UTC-8),"west fork beaver creek, upstream of marathon road",Beaver Creek,STREAM,MAIN,TRUE,TRUE,TBD,FALSE
2022-08-15T10:15:00Z,13.642,beaver_creek_usgs_temp_3,60.65107,-151.09076,US/Alaska (UTC-9 / UTC-8),"west fork beaver creek, upstream of marathon road",Beaver Creek,STREAM,MAIN,TRUE,TRUE,TBD,FALSE
2022-08-15T10:30:00Z,13.666,beaver_creek_usgs_temp_3,60.65107,-151.09076,US/Alaska (UTC-9 / UTC-8),"west fork beaver creek, upstream of marathon road",Beaver Creek,STREAM,MAIN,TRUE,TRUE,TBD,FALSE
2022-08-15T10:45:00Z,13.738,beaver_creek_usgs_temp_3,60.65107,-151.09076,US/Alaska (UTC-9 / UTC-8),"west fork beaver creek, upstream of marathon road",Beaver Creek,STREAM,MAIN,TRUE,TRUE,TBD,FALSE
2022-08-15T11:00:00Z,13.834,beaver_creek_usgs_temp_3,60.65107,-151.09076,US/Alaska (UTC-9 / UTC-8),"west fork beaver creek, upstream of marathon road",Beaver Creek,STREAM,MAIN,TRUE,TRUE,TBD,FALSE
2022-08-15T11:15:00Z,13.906,beaver_creek_usgs_temp_3,60.65107,-151.09076,US/Alaska (UTC-9 / UTC-8),"west fork beaver creek, upstream of marathon road",Beaver Creek,STREAM,MAIN,TRUE,TRUE,TBD,FALSE
2022-08-15T11:30:00Z,13.954,beaver_creek_usgs_temp_3,60.65107,-151.09076,US/Alaska (UTC-9 / UTC-8),"west fork beaver creek, upstream of marathon road",Beaver Creek,STREAM,MAIN,TRUE,TRUE,TBD,FALSE
2022-08-15T11:45:00Z,14.026,beaver_creek_usgs_temp_3,60.65107,-151.09076,US/Alaska (UTC-9 / UTC-8),"west fork beaver creek, upstream of marathon road",Beaver Creek,STREAM,MAIN,TRUE,TRUE,TBD,FALSE
2022-08-15T12:00:00Z,14.146,beaver_creek_usgs_temp_3,60.65107,-151.09076,US/Alaska (UTC-9 / UTC-8),"west fork beaver creek, upstream of marathon road",Beaver Creek,STREAM,MAIN,TRUE,TRUE,TBD,FALSE
2022-08-15T12:15:00Z,14.29,beaver_creek_usgs_temp_3,60.65107,-151.09076,US/Alaska (UTC-9 / UTC-8),"west fork beaver creek, upstream of marathon road",Beaver Creek,STREAM,MAIN,TRUE,TRUE,TBD,FALSE
2022-08-15T12:30:00Z,14.361,beaver_creek_usgs_temp_3,60.65107,-151.09076,US/Alaska (UTC-9 / UTC-8),"west fork beaver creek, upstream of marathon road",Beaver Creek,STREAM,MAIN,TRUE,TRUE,TBD,FALSE
2022-08-15T12:45:00Z,14.433,beaver_creek_usgs_temp_3,60.65107,-151.09076,US/Alaska (UTC-9 / UTC-8),"west fork beaver creek, upstream of marathon road",Beaver Creek,STREAM,MAIN,TRUE,TRUE,TBD,FALSE
2022-08-15T13:00:00Z,14.505,beaver_creek_usgs_temp_3,60.65107,-151.09076,US/Alaska (UTC-9 / UTC-8),"west fork beaver creek, upstream of marathon road",Beaver Creek,STREAM,MAIN,TRUE,TRUE,TBD,FALSE
2022-08-15T13:15:00Z,14.625,beaver_creek_usgs_temp_3,60.65107,-151.09076,US/Alaska (UTC-9 / UTC-8),"west fork beaver creek, upstream of marathon road",Beaver Creek,STREAM,MAIN,TRUE,TRUE,TBD,FALSE
2022-08-15T13:30:00Z,14.673,beaver_creek_usgs_temp_3,60.65107,-151.09076,US/Alaska (UTC-9 / UTC-8),"west fork beaver creek, upstream of marathon road",Beaver Creek,STREAM,MAIN,TRUE,TRUE,TBD,FALSE
2022-08-15T13:45:00Z,14.768,beaver_creek_usgs_temp_3,60.65107,-151.09076,US/Alaska (UTC-9 / UTC-8),"west fork beaver creek, upstream of marathon road",Beaver Creek,STREAM,MAIN,TRUE,TRUE,TBD,FALSE
2022-08-15T14:00:00Z,14.888,beaver_creek_usgs_temp_3,60.65107,-151.09076,US/Alaska (UTC-9 / UTC-8),"west fork beaver creek, upstream of marathon road",Beaver Creek,STREAM,MAIN,TRUE,TRUE,TBD,FALSE
2022-08-15T14:15:00Z,14.96,beaver_creek_usgs_temp_3,60.65107,-151.09076,US/Alaska (UTC-9 / UTC-8),"west fork beaver creek, upstream of marathon road",Beaver Creek,STREAM,MAIN,TRUE,TRUE,TBD,FALSE
2022-08-15T14:30:00Z,14.96,beaver_creek_usgs_temp_3,60.65107,-151.09076,US/Alaska (UTC-9 / UTC-8),"west fork beaver creek, upstream of marathon road",Beaver Creek,STREAM,MAIN,TRUE,TRUE,TBD,FALSE
2022-08-15T14:45:00Z,14.984,beaver_creek_usgs_temp_3,60.65107,-151.09076,US/Alaska (UTC-9 / UTC-8),"west fork beaver creek, upstream of marathon road",Beaver Creek,STREAM,MAIN,TRUE,TRUE,TBD,FALSE
2022-08-15T15:00:00Z,15.079,beaver_creek_usgs_temp_3,60.65107,-151.09076,US/Alaska (UTC-9 / UTC-8),"west fork beaver creek, upstream of marathon road",Beaver Creek,STREAM,MAIN,TRUE,TRUE,TBD,FALSE
2022-08-15T15:15:00Z,15.199,beaver_creek_usgs_temp_3,60.65107,-151.09076,US/Alaska (UTC-9 / UTC-8),"west fork beaver creek, upstream of marathon road",Beaver Creek,STREAM,MAIN,TRUE,TRUE,TBD,FALSE
2022-08-15T15:30:00Z,15.199,beaver_creek_usgs_temp_3,60.65107,-151.09076,US/Alaska (UTC-9 / UTC-8),"west fork beaver creek, upstream of marathon road",Beaver Creek,STREAM,MAIN,TRUE,TRUE,TBD,FALSE
2022-08-15T15:45:00Z,15.151,beaver_creek_usgs_temp_3,60.65107,-151.09076,US/Alaska (UTC-9 / UTC-8),"west fork beaver creek, upstream of marathon road",Beaver Creek,STREAM,MAIN,TRUE,TRUE,TBD,FALSE
2022-08-15T16:00:00Z,15.127,beaver_creek_usgs_temp_3,60.65107,-151.09076,US/Alaska (UTC-9 / UTC-8),"west fork beaver creek, upstream of marathon road",Beaver Creek,STREAM,MAIN,TRUE,TRUE,TBD,FALSE
2022-08-15T16:15:00Z,15.151,beaver_creek_usgs_temp_3,60.65107,-151.09076,US/Alaska (UTC-9 / UTC-8),"west fork beaver creek, upstream of marathon road",Beaver Creek,STREAM,MAIN,TRUE,TRUE,TBD,FALSE
2022-08-15T16:30:00Z,15.27,beaver_creek_usgs_temp_3,60.65107,-151.09076,US/Alaska (UTC-9 / UTC-8),"west fork beaver creek, upstream of marathon road",Beaver Creek,STREAM,MAIN,TRUE,TRUE,TBD,FALSE
2022-08-15T16:45:00Z,15.438,beaver_creek_usgs_temp_3,60.65107,-151.09076,US/Alaska (UTC-9 / UTC-8),"west fork beaver creek, upstream of marathon road",Beaver Creek,STREAM,MAIN,TRUE,TRUE,TBD,FALSE
2022-08-15T17:00:00Z,15.485,beaver_creek_usgs_temp_3,60.65107,-151.09076,US/Alaska (UTC-9 / UTC-8),"west fork beaver creek, upstream of marathon road",Beaver Creek,STREAM,MAIN,TRUE,TRUE,TBD,FALSE
2022-08-15T17:15:00Z,15.533,beaver_creek_usgs_temp_3,60.65107,-151.09076,US/Alaska (UTC-9 / UTC-8),"west fork beaver creek, upstream of marathon road",Beaver Creek,STREAM,MAIN,TRUE,TRUE,TBD,FALSE
2022-08-15T17:30:00Z,15.557,beaver_creek_usgs_temp_3,60.65107,-151.09076,US/Alaska (UTC-9 / UTC-8),"west fork beaver creek, upstream of marathon road",Beaver Creek,STREAM,MAIN,TRUE,TRUE,TBD,FALSE
2022-08-15T17:45:00Z,15.581,beaver_creek_usgs_temp_3,60.65107,-151.09076,US/Alaska (UTC-9 / UTC-8),"west fork beaver creek, upstream of marathon road",Beaver Creek,STREAM,MAIN,TRUE,TRUE,TBD,FALSE
2022-08-15T18:00:00Z,15.581,beaver_creek_usgs_temp_3,60.65107,-151.09076,US/Alaska (UTC-9 / UTC-8),"west fork beaver creek, upstream of marathon road",Beaver Creek,STREAM,MAIN,TRUE,TRUE,TBD,FALSE
2022-08-15T18:15:00Z,15.629,beaver_creek_usgs_temp_3,60.65107,-151.09076,US/Alaska (UTC-9 / UTC-8),"west fork beaver creek, upstream of marathon road",Beaver Creek,STREAM,MAIN,TRUE,TRUE,TBD,FALSE
2022-08-15T18:30:00Z,15.652,beaver_creek_usgs_temp_3,60.65107,-151.09076,US/Alaska (UTC-9 / UTC-8),"west fork beaver creek, upstream of marathon road",Beaver Creek,STREAM,MAIN,TRUE,TRUE,TBD,FALSE
2022-08-15T18:45:00Z,15.676,beaver_creek_usgs_temp_3,60.65107,-151.09076,US/Alaska (UTC-9 / UTC-8),"west fork beaver creek, upstream of marathon road",Beaver Creek,STREAM,MAIN,TRUE,TRUE,TBD,FALSE
2022-08-15T19:00:00Z,15.676,beaver_creek_usgs_temp_3,60.65107,-151.09076,US/Alaska (UTC-9 / UTC-8),"west fork beaver creek, upstream of marathon road",Beaver Creek,STREAM,MAIN,TRUE,TRUE,TBD,FALSE
2022-08-15T19:15:00Z,15.676,beaver_creek_usgs_temp_3,60.65107,-151.09076,US/Alaska (UTC-9 / UTC-8),"west fork beaver creek, upstream of marathon road",Beaver Creek,STREAM,MAIN,TRUE,TRUE,TBD,FALSE
2022-08-15T19:30:00Z,15.7,beaver_creek_usgs_temp_3,60.65107,-151.09076,US/Alaska (UTC-9 / UTC-8),"west fork beaver creek, upstream of marathon road",Beaver Creek,STREAM,MAIN,TRUE,TRUE,TBD,FALSE
2022-08-15T19:45:00Z,15.7,beaver_creek_usgs_temp_3,60.65107,-151.09076,US/Alaska (UTC-9 / UTC-8),"west fork beaver creek, upstream of marathon road",Beaver Creek,STREAM,MAIN,TRUE,TRUE,TBD,FALSE
2022-08-15T20:00:00Z,15.724,beaver_creek_usgs_temp_3,60.65107,-151.09076,US/Alaska (UTC-9 / UTC-8),"west fork beaver creek, upstream of marathon road",Beaver Creek,STREAM,MAIN,TRUE,TRUE,TBD,FALSE
2022-08-15T20:15:00Z,15.748,beaver_creek_usgs_temp_3,60.65107,-151.09076,US/Alaska (UTC-9 / UTC-8),"west fork beaver creek, upstream of marathon road",Beaver Creek,STREAM,MAIN,TRUE,TRUE,TBD,FALSE
2022-08-15T20:30:00Z,15.748,beaver_creek_usgs_temp_3,60.65107,-151.09076,US/Alaska (UTC-9 / UTC-8),"west fork beaver creek, upstream of marathon road",Beaver Creek,STREAM,MAIN,TRUE,TRUE,TBD,FALSE
2022-08-15T20:45:00Z,15.724,beaver_creek_usgs_temp_3,60.65107,-151.09076,US/Alaska (UTC-9 / UTC-8),"west fork beaver creek, upstream of marathon road",Beaver Creek,STREAM,MAIN,TRUE,TRUE,TBD,FALSE
2022-08-15T21:00:00Z,15.724,beaver_creek_usgs_temp_3,60.65107,-151.09076,US/Alaska (UTC-9 / UTC-8),"west fork beaver creek, upstream of marathon road",Beaver Creek,STREAM,MAIN,TRUE,TRUE,TBD,FALSE
2022-08-15T21:15:00Z,15.7,beaver_creek_usgs_temp_3,60.65107,-151.09076,US/Alaska (UTC-9 / UTC-8),"west fork beaver creek, upstream of marathon road",Beaver Creek,STREAM,MAIN,TRUE,TRUE,TBD,FALSE
2022-08-15T21:30:00Z,15.676,beaver_creek_usgs_temp_3,60.65107,-151.09076,US/Alaska (UTC-9 / UTC-8),"west fork beaver creek, upstream of marathon road",Beaver Creek,STREAM,MAIN,TRUE,TRUE,TBD,FALSE
2022-08-15T21:45:00Z,15.652,beaver_creek_usgs_temp_3,60.65107,-151.09076,US/Alaska (UTC-9 / UTC-8),"west fork beaver creek, upstream of marathon road",Beaver Creek,STREAM,MAIN,TRUE,TRUE,TBD,FALSE
2022-08-15T22:00:00Z,15.605,beaver_creek_usgs_temp_3,60.65107,-151.09076,US/Alaska (UTC-9 / UTC-8),"west fork beaver creek, upstream of marathon road",Beaver Creek,STREAM,MAIN,TRUE,TRUE,TBD,FALSE
2022-08-15T22:15:00Z,15.557,beaver_creek_usgs_temp_3,60.65107,-151.09076,US/Alaska (UTC-9 / UTC-8),"west fork beaver creek, upstream of marathon road",Beaver Creek,STREAM,MAIN,TRUE,TRUE,TBD,FALSE
2022-08-15T22:30:00Z,15.533,beaver_creek_usgs_temp_3,60.65107,-151.09076,US/Alaska (UTC-9 / UTC-8),"west fork beaver creek, upstream of marathon road",Beaver Creek,STREAM,MAIN,TRUE,TRUE,TBD,FALSE
2022-08-15T22:45:00Z,15.509,beaver_creek_usgs_temp_3,60.65107,-151.09076,US/Alaska (UTC-9 / UTC-8),"west fork beaver creek, upstream of marathon road",Beaver Creek,STREAM,MAIN,TRUE,TRUE,TBD,FALSE
2022-08-15T23:00:00Z,15.485,beaver_creek_usgs_temp_3,60.65107,-151.09076,US/Alaska (UTC-9 / UTC-8),"west fork beaver creek, upstream of marathon road",Beaver Creek,STREAM,MAIN,TRUE,TRUE,TBD,FALSE
2022-08-15T23:15:00Z,15.461,beaver_creek_usgs_temp_3,60.65107,-151.09076,US/Alaska (UTC-9 / UTC-8),"west fork beaver creek, upstream of marathon road",Beaver Creek,STREAM,MAIN,TRUE,TRUE,TBD,FALSE
2022-08-15T23:30:00Z,15.438,beaver_creek_usgs_temp_3,60.65107,-151.09076,US/Alaska (UTC-9 / UTC-8),"west fork beaver creek, upstream of marathon road",Beaver Creek,STREAM,MAIN,TRUE,TRUE,TBD,FALSE
2022-08-15T23:45:00Z,15.366,beaver_creek_usgs_temp_3,60.65107,-151.09076,US/Alaska (UTC-9 / UTC-8),"west fork beaver creek, upstream of marathon road",Beaver Creek,STREAM,MAIN,TRUE,TRUE,TBD,FALSE
2022-08-16T00:00:00Z,15.318,beaver_creek_usgs_temp_3,60.65107,-151.09076,US/Alaska (UTC-9 / UTC-8),"west fork beaver creek, upstream of marathon road",Beaver Creek,STREAM,MAIN,TRUE,TRUE,TBD,FALSE
2022-08-16T00:15:00Z,15.27,beaver_creek_usgs_temp_3,60.65107,-151.09076,US/Alaska (UTC-9 / UTC-8),"west fork beaver creek, upstream of marathon road",Beaver Creek,STREAM,MAIN,TRUE,TRUE,TBD,FALSE
2022-08-16T00:30:00Z,15.223,beaver_creek_usgs_temp_3,60.65107,-151.09076,US/Alaska (UTC-9 / UTC-8),"west fork beaver creek, upstream of marathon road",Beaver Creek,STREAM,MAIN,TRUE,TRUE,TBD,FALSE
2022-08-16T00:45:00Z,15.199,beaver_creek_usgs_temp_3,60.65107,-151.09076,US/Alaska (UTC-9 / UTC-8),"west fork beaver creek, upstream of marathon road",Beaver Creek,STREAM,MAIN,TRUE,TRUE,TBD,FALSE
2022-08-16T01:00:00Z,15.127,beaver_creek_usgs_temp_3,60.65107,-151.09076,US/Alaska (UTC-9 / UTC-8),"west fork beaver creek, upstream of marathon road",Beaver Creek,STREAM,MAIN,TRUE,TRUE,TBD,FALSE
2022-08-16T01:15:00Z,15.079,beaver_creek_usgs_temp_3,60.65107,-151.09076,US/Alaska (UTC-9 / UTC-8),"west fork beaver creek, upstream of marathon road",Beaver Creek,STREAM,MAIN,TRUE,TRUE,TBD,FALSE
2022-08-16T01:30:00Z,15.055,beaver_creek_usgs_temp_3,60.65107,-151.09076,US/Alaska (UTC-9 / UTC-8),"west fork beaver creek, upstream of marathon road",Beaver Creek,STREAM,MAIN,TRUE,TRUE,TBD,FALSE
2022-08-16T01:45:00Z,15.008,beaver_creek_usgs_temp_3,60.65107,-151.09076,US/Alaska (UTC-9 / UTC-8),"west fork beaver creek, upstream of marathon road",Beaver Creek,STREAM,MAIN,TRUE,TRUE,TBD,FALSE
2022-08-16T02:00:00Z,14.96,beaver_creek_usgs_temp_3,60.65107,-151.09076,US/Alaska (UTC-9 / UTC-8),"west fork beaver creek, upstream of marathon road",Beaver Creek,STREAM,MAIN,TRUE,TRUE,TBD,FALSE
2022-08-16T02:15:00Z,14.912,beaver_creek_usgs_temp_3,60.65107,-151.09076,US/Alaska (UTC-9 / UTC-8),"west fork beaver creek, upstream of marathon road",Beaver Creek,STREAM,MAIN,TRUE,TRUE,TBD,FALSE
2022-08-16T02:30:00Z,14.888,beaver_creek_usgs_temp_3,60.65107,-151.09076,US/Alaska (UTC-9 / UTC-8),"west fork beaver creek, upstream of marathon road",Beaver Creek,STREAM,MAIN,TRUE,TRUE,TBD,FALSE
2022-08-16T02:45:00Z,14.864,beaver_creek_usgs_temp_3,60.65107,-151.09076,US/Alaska (UTC-9 / UTC-8),"west fork beaver creek, upstream of marathon road",Beaver Creek,STREAM,MAIN,TRUE,TRUE,TBD,FALSE
2022-08-16T03:00:00Z,14.816,beaver_creek_usgs_temp_3,60.65107,-151.09076,US/Alaska (UTC-9 / UTC-8),"west fork beaver creek, upstream of marathon road",Beaver Creek,STREAM,MAIN,TRUE,TRUE,TBD,FALSE
2022-08-16T03:15:00Z,14.768,beaver_creek_usgs_temp_3,60.65107,-151.09076,US/Alaska (UTC-9 / UTC-8),"west fork beaver creek, upstream of marathon road",Beaver Creek,STREAM,MAIN,TRUE,TRUE,TBD,FALSE
2022-08-16T03:30:00Z,14.721,beaver_creek_usgs_temp_3,60.65107,-151.09076,US/Alaska (UTC-9 / UTC-8),"west fork beaver creek, upstream of marathon road",Beaver Creek,STREAM,MAIN,TRUE,TRUE,TBD,FALSE
2022-08-16T03:45:00Z,14.673,beaver_creek_usgs_temp_3,60.65107,-151.09076,US/Alaska (UTC-9 / UTC-8),"west fork beaver creek, upstream of marathon road",Beaver Creek,STREAM,MAIN,TRUE,TRUE,TBD,FALSE
2022-08-16T04:00:00Z,14.649,beaver_creek_usgs_temp_3,60.65107,-151.09076,US/Alaska (UTC-9 / UTC-8),"west fork beaver creek, upstream of marathon road",Beaver Creek,STREAM,MAIN,TRUE,TRUE,TBD,FALSE
2022-08-16T04:15:00Z,14.577,beaver_creek_usgs_temp_3,60.65107,-151.09076,US/Alaska (UTC-9 / UTC-8),"west fork beaver creek, upstream of marathon road",Beaver Creek,STREAM,MAIN,TRUE,TRUE,TBD,FALSE
2022-08-16T04:30:00Z,14.553,beaver_creek_usgs_temp_3,60.65107,-151.09076,US/Alaska (UTC-9 / UTC-8),"west fork beaver creek, upstream of marathon road",Beaver Creek,STREAM,MAIN,TRUE,TRUE,TBD,FALSE
2022-08-16T04:45:00Z,14.505,beaver_creek_usgs_temp_3,60.65107,-151.09076,US/Alaska (UTC-9 / UTC-8),"west fork beaver creek, upstream of marathon road",Beaver Creek,STREAM,MAIN,TRUE,TRUE,TBD,FALSE
2022-08-16T05:00:00Z,14.457,beaver_creek_usgs_temp_3,60.65107,-151.09076,US/Alaska (UTC-9 / UTC-8),"west fork beaver creek, upstream of marathon road",Beaver Creek,STREAM,MAIN,TRUE,TRUE,TBD,FALSE
2022-08-16T05:15:00Z,14.409,beaver_creek_usgs_temp_3,60.65107,-151.09076,US/Alaska (UTC-9 / UTC-8),"west fork beaver creek, upstream of marathon road",Beaver Creek,STREAM,MAIN,TRUE,TRUE,TBD,FALSE
2022-08-16T05:30:00Z,14.361,beaver_creek_usgs_temp_3,60.65107,-151.09076,US/Alaska (UTC-9 / UTC-8),"west fork beaver creek, upstream of marathon road",Beaver Creek,STREAM,MAIN,TRUE,TRUE,TBD,FALSE
2022-08-16T05:45:00Z,14.314,beaver_creek_usgs_temp_3,60.65107,-151.09076,US/Alaska (UTC-9 / UTC-8),"west fork beaver creek, upstream of marathon road",Beaver Creek,STREAM,MAIN,TRUE,TRUE,TBD,FALSE
2022-08-16T06:00:00Z,14.266,beaver_creek_usgs_temp_3,60.65107,-151.09076,US/Alaska (UTC-9 / UTC-8),"west fork beaver creek, upstream of marathon road",Beaver Creek,STREAM,MAIN,TRUE,TRUE,TBD,FALSE
2022-08-16T06:15:00Z,14.218,beaver_creek_usgs_temp_3,60.65107,-151.09076,US/Alaska (UTC-9 / UTC-8),"west fork beaver creek, upstream of marathon road",Beaver Creek,STREAM,MAIN,TRUE,TRUE,TBD,FALSE
2022-08-16T06:30:00Z,14.17,beaver_creek_usgs_temp_3,60.65107,-151.09076,US/Alaska (UTC-9 / UTC-8),"west fork beaver creek, upstream of marathon road",Beaver Creek,STREAM,MAIN,TRUE,TRUE,TBD,FALSE
2022-08-16T06:45:00Z,14.122,beaver_creek_usgs_temp_3,60.65107,-151.09076,US/Alaska (UTC-9 / UTC-8),"west fork beaver creek, upstream of marathon road",Beaver Creek,STREAM,MAIN,TRUE,TRUE,TBD,FALSE
2022-08-16T07:00:00Z,14.074,beaver_creek_usgs_temp_3,60.65107,-151.09076,US/Alaska (UTC-9 / UTC-8),"west fork beaver creek, upstream of marathon road",Beaver Creek,STREAM,MAIN,TRUE,TRUE,TBD,FALSE
2022-08-16T07:15:00Z,14.026,beaver_creek_usgs_temp_3,60.65107,-151.09076,US/Alaska (UTC-9 / UTC-8),"west fork beaver creek, upstream of marathon road",Beaver Creek,STREAM,MAIN,TRUE,TRUE,TBD,FALSE
2022-08-16T07:30:00Z,13.978,beaver_creek_usgs_temp_3,60.65107,-151.09076,US/Alaska (UTC-9 / UTC-8),"west fork beaver creek, upstream of marathon road",Beaver Creek,STREAM,MAIN,TRUE,TRUE,TBD,FALSE
2022-08-16T07:45:00Z,13.906,beaver_creek_usgs_temp_3,60.65107,-151.09076,US/Alaska (UTC-9 / UTC-8),"west fork beaver creek, upstream of marathon road",Beaver Creek,STREAM,MAIN,TRUE,TRUE,TBD,FALSE
2022-08-16T08:00:00Z,13.858,beaver_creek_usgs_temp_3,60.65107,-151.09076,US/Alaska (UTC-9 / UTC-8),"west fork beaver creek, upstream of marathon road",Beaver Creek,STREAM,MAIN,TRUE,TRUE,TBD,FALSE
2022-08-16T08:15:00Z,13.834,beaver_creek_usgs_temp_3,60.65107,-151.09076,US/Alaska (UTC-9 / UTC-8),"west fork beaver creek, upstream of marathon road",Beaver Creek,STREAM,MAIN,TRUE,TRUE,TBD,FALSE
2022-08-16T08:30:00Z,13.81,beaver_creek_usgs_temp_3,60.65107,-151.09076,US/Alaska (UTC-9 / UTC-8),"west fork beaver creek, upstream of marathon road",Beaver Creek,STREAM,MAIN,TRUE,TRUE,TBD,FALSE
2022-08-16T08:45:00Z,13.762,beaver_creek_usgs_temp_3,60.65107,-151.09076,US/Alaska (UTC-9 / UTC-8),"west fork beaver creek, upstream of marathon road",Beaver Creek,STREAM,MAIN,TRUE,TRUE,TBD,FALSE
2022-08-16T09:00:00Z,13.738,beaver_creek_usgs_temp_3,60.65107,-151.09076,US/Alaska (UTC-9 / UTC-8),"west fork beaver creek, upstream of marathon road",Beaver Creek,STREAM,MAIN,TRUE,TRUE,TBD,FALSE
2022-08-16T09:15:00Z,13.714,beaver_creek_usgs_temp_3,60.65107,-151.09076,US/Alaska (UTC-9 / UTC-8),"west fork beaver creek, upstream of marathon road",Beaver Creek,STREAM,MAIN,TRUE,TRUE,TBD,FALSE
2022-08-16T09:30:00Z,13.69,beaver_creek_usgs_temp_3,60.65107,-151.09076,US/Alaska (UTC-9 / UTC-8),"west fork beaver creek, upstream of marathon road",Beaver Creek,STREAM,MAIN,TRUE,TRUE,TBD,FALSE
2022-08-16T09:45:00Z,13.642,beaver_creek_usgs_temp_3,60.65107,-151.09076,US/Alaska (UTC-9 / UTC-8),"west fork beaver creek, upstream of marathon road",Beaver Creek,STREAM,MAIN,TRUE,TRUE,TBD,FALSE
2022-08-16T10:00:00Z,13.618,beaver_creek_usgs_temp_3,60.65107,-151.09076,US/Alaska (UTC-9 / UTC-8),"west fork beaver creek, upstream of marathon road",Beaver Creek,STREAM,MAIN,TRUE,TRUE,TBD,FALSE
2022-08-16T10:15:00Z,13.594,beaver_creek_usgs_temp_3,60.65107,-151.09076,US/Alaska (UTC-9 / UTC-8),"west fork beaver creek, upstream of marathon road",Beaver Creek,STREAM,MAIN,TRUE,TRUE,TBD,FALSE
2022-08-16T10:30:00Z,13.594,beaver_creek_usgs_temp_3,60.65107,-151.09076,US/Alaska (UTC-9 / UTC-8),"west fork beaver creek, upstream of marathon road",Beaver Creek,STREAM,MAIN,TRUE,TRUE,TBD,FALSE
2022-08-16T10:45:00Z,13.594,beaver_creek_usgs_temp_3,60.65107,-151.09076,US/Alaska (UTC-9 / UTC-8),"west fork beaver creek, upstream of marathon road",Beaver Creek,STREAM,MAIN,TRUE,TRUE,TBD,FALSE
2022-08-16T11:00:00Z,13.594,beaver_creek_usgs_temp_3,60.65107,-151.09076,US/Alaska (UTC-9 / UTC-8),"west fork beaver creek, upstream of marathon road",Beaver Creek,STREAM,MAIN,TRUE,TRUE,TBD,FALSE
2022-08-16T11:15:00Z,13.594,beaver_creek_usgs_temp_3,60.65107,-151.09076,US/Alaska (UTC-9 / UTC-8),"west fork beaver creek, upstream of marathon road",Beaver Creek,STREAM,MAIN,TRUE,TRUE,TBD,FALSE
2022-08-16T11:30:00Z,13.594,beaver_creek_usgs_temp_3,60.65107,-151.09076,US/Alaska (UTC-9 / UTC-8),"west fork beaver creek, upstream of marathon road",Beaver Creek,STREAM,MAIN,TRUE,TRUE,TBD,FALSE
2022-08-16T11:45:00Z,13.57,beaver_creek_usgs_temp_3,60.65107,-151.09076,US/Alaska (UTC-9 / UTC-8),"west fork beaver creek, upstream of marathon road",Beaver Creek,STREAM,MAIN,TRUE,TRUE,TBD,FALSE
2022-08-16T12:00:00Z,13.57,beaver_creek_usgs_temp_3,60.65107,-151.09076,US/Alaska (UTC-9 / UTC-8),"west fork beaver creek, upstream of marathon road",Beaver Creek,STREAM,MAIN,TRUE,TRUE,TBD,FALSE
2022-08-16T12:15:00Z,13.546,beaver_creek_usgs_temp_3,60.65107,-151.09076,US/Alaska (UTC-9 / UTC-8),"west fork beaver creek, upstream of marathon road",Beaver Creek,STREAM,MAIN,TRUE,TRUE,TBD,FALSE
2022-08-16T12:30:00Z,13.522,beaver_creek_usgs_temp_3,60.65107,-151.09076,US/Alaska (UTC-9 / UTC-8),"west fork beaver creek, upstream of marathon road",Beaver Creek,STREAM,MAIN,TRUE,TRUE,TBD,FALSE
2022-08-16T12:45:00Z,13.522,beaver_creek_usgs_temp_3,60.65107,-151.09076,US/Alaska (UTC-9 / UTC-8),"west fork beaver creek, upstream of marathon road",Beaver Creek,STREAM,MAIN,TRUE,TRUE,TBD,FALSE
2022-08-16T13:00:00Z,13.522,beaver_creek_usgs_temp_3,60.65107,-151.09076,US/Alaska (UTC-9 / UTC-8),"west fork beaver creek, upstream of marathon road",Beaver Creek,STREAM,MAIN,TRUE,TRUE,TBD,FALSE
2022-08-16T13:15:00Z,13.546,beaver_creek_usgs_temp_3,60.65107,-151.09076,US/Alaska (UTC-9 / UTC-8),"west fork beaver creek, upstream of marathon road",Beaver Creek,STREAM,MAIN,TRUE,TRUE,TBD,FALSE
2022-08-16T13:30:00Z,13.546,beaver_creek_usgs_temp_3,60.65107,-151.09076,US/Alaska (UTC-9 / UTC-8),"west fork beaver creek, upstream of marathon road",Beaver Creek,STREAM,MAIN,TRUE,TRUE,TBD,FALSE
2022-08-16T13:45:00Z,13.546,beaver_creek_usgs_temp_3,60.65107,-151.09076,US/Alaska (UTC-9 / UTC-8),"west fork beaver creek, upstream of marathon road",Beaver Creek,STREAM,MAIN,TRUE,TRUE,TBD,FALSE
2022-08-16T14:00:00Z,13.57,beaver_creek_usgs_temp_3,60.65107,-151.09076,US/Alaska (UTC-9 / UTC-8),"west fork beaver creek, upstream of marathon road",Beaver Creek,STREAM,MAIN,TRUE,TRUE,TBD,FALSE
2022-08-16T14:15:00Z,13.642,beaver_creek_usgs_temp_3,60.65107,-151.09076,US/Alaska (UTC-9 / UTC-8),"west fork beaver creek, upstream of marathon road",Beaver Creek,STREAM,MAIN,TRUE,TRUE,TBD,FALSE
2022-08-16T14:30:00Z,13.666,beaver_creek_usgs_temp_3,60.65107,-151.09076,US/Alaska (UTC-9 / UTC-8),"west fork beaver creek, upstream of marathon road",Beaver Creek,STREAM,MAIN,TRUE,TRUE,TBD,FALSE
2022-08-16T14:45:00Z,13.666,beaver_creek_usgs_temp_3,60.65107,-151.09076,US/Alaska (UTC-9 / UTC-8),"west fork beaver creek, upstream of marathon road",Beaver Creek,STREAM,MAIN,TRUE,TRUE,TBD,FALSE
2022-08-16T15:00:00Z,13.69,beaver_creek_usgs_temp_3,60.65107,-151.09076,US/Alaska (UTC-9 / UTC-8),"west fork beaver creek, upstream of marathon road",Beaver Creek,STREAM,MAIN,TRUE,TRUE,TBD,FALSE
2022-08-16T15:15:00Z,13.762,beaver_creek_usgs_temp_3,60.65107,-151.09076,US/Alaska (UTC-9 / UTC-8),"west fork beaver creek, upstream of marathon road",Beaver Creek,STREAM,MAIN,TRUE,TRUE,TBD,FALSE
2022-08-16T15:30:00Z,13.81,beaver_creek_usgs_temp_3,60.65107,-151.09076,US/Alaska (UTC-9 / UTC-8),"west fork beaver creek, upstream of marathon road",Beaver Creek,STREAM,MAIN,TRUE,TRUE,TBD,FALSE
2022-08-16T15:45:00Z,13.882,beaver_creek_usgs_temp_3,60.65107,-151.09076,US/Alaska (UTC-9 / UTC-8),"west fork beaver creek, upstream of marathon road",Beaver Creek,STREAM,MAIN,TRUE,TRUE,TBD,FALSE
2022-08-16T16:00:00Z,13.93,beaver_creek_usgs_temp_3,60.65107,-151.09076,US/Alaska (UTC-9 / UTC-8),"west fork beaver creek, upstream of marathon road",Beaver Creek,STREAM,MAIN,TRUE,TRUE,TBD,FALSE
2022-08-16T16:15:00Z,14.002,beaver_creek_usgs_temp_3,60.65107,-151.09076,US/Alaska (UTC-9 / UTC-8),"west fork beaver creek, upstream of marathon road",Beaver Creek,STREAM,MAIN,TRUE,TRUE,TBD,FALSE
2022-08-16T16:30:00Z,14.122,beaver_creek_usgs_temp_3,60.65107,-151.09076,US/Alaska (UTC-9 / UTC-8),"west fork beaver creek, upstream of marathon road",Beaver Creek,STREAM,MAIN,TRUE,TRUE,TBD,FALSE
2022-08-16T16:45:00Z,14.242,beaver_creek_usgs_temp_3,60.65107,-151.09076,US/Alaska (UTC-9 / UTC-8),"west fork beaver creek, upstream of marathon road",Beaver Creek,STREAM,MAIN,TRUE,TRUE,TBD,FALSE
2022-08-16T17:00:00Z,14.337,beaver_creek_usgs_temp_3,60.65107,-151.09076,US/Alaska (UTC-9 / UTC-8),"west fork beaver creek, upstream of marathon road",Beaver Creek,STREAM,MAIN,TRUE,TRUE,TBD,FALSE
2022-08-16T17:15:00Z,14.361,beaver_creek_usgs_temp_3,60.65107,-151.09076,US/Alaska (UTC-9 / UTC-8),"west fork beaver creek, upstream of marathon road",Beaver Creek,STREAM,MAIN,TRUE,TRUE,TBD,FALSE
2022-08-16T17:30:00Z,14.409,beaver_creek_usgs_temp_3,60.65107,-151.09076,US/Alaska (UTC-9 / UTC-8),"west fork beaver creek, upstream of marathon road",Beaver Creek,STREAM,MAIN,TRUE,TRUE,TBD,FALSE
2022-08-16T17:45:00Z,14.433,beaver_creek_usgs_temp_3,60.65107,-151.09076,US/Alaska (UTC-9 / UTC-8),"west fork beaver creek, upstream of marathon road",Beaver Creek,STREAM,MAIN,TRUE,TRUE,TBD,FALSE
2022-08-16T18:00:00Z,14.577,beaver_creek_usgs_temp_3,60.65107,-151.09076,US/Alaska (UTC-9 / UTC-8),"west fork beaver creek, upstream of marathon road",Beaver Creek,STREAM,MAIN,TRUE,TRUE,TBD,FALSE
2022-08-16T18:15:00Z,14.601,beaver_creek_usgs_temp_3,60.65107,-151.09076,US/Alaska (UTC-9 / UTC-8),"west fork beaver creek, upstream of marathon road",Beaver Creek,STREAM,MAIN,TRUE,TRUE,TBD,FALSE
2022-08-16T18:30:00Z,14.601,beaver_creek_usgs_temp_3,60.65107,-151.09076,US/Alaska (UTC-9 / UTC-8),"west fork beaver creek, upstream of marathon road",Beaver Creek,STREAM,MAIN,TRUE,TRUE,TBD,FALSE
2022-08-16T18:45:00Z,14.601,beaver_creek_usgs_temp_3,60.65107,-151.09076,US/Alaska (UTC-9 / UTC-8),"west fork beaver creek, upstream of marathon road",Beaver Creek,STREAM,MAIN,TRUE,TRUE,TBD,FALSE
2022-08-16T19:00:00Z,14.577,beaver_creek_usgs_temp_3,60.65107,-151.09076,US/Alaska (UTC-9 / UTC-8),"west fork beaver creek, upstream of marathon road",Beaver Creek,STREAM,MAIN,TRUE,TRUE,TBD,FALSE
2022-08-16T19:15:00Z,14.601,beaver_creek_usgs_temp_3,60.65107,-151.09076,US/Alaska (UTC-9 / UTC-8),"west fork beaver creek, upstream of marathon road",Beaver Creek,STREAM,MAIN,TRUE,TRUE,TBD,FALSE
2022-08-16T19:30:00Z,14.577,beaver_creek_usgs_temp_3,60.65107,-151.09076,US/Alaska (UTC-9 / UTC-8),"west fork beaver creek, upstream of marathon road",Beaver Creek,STREAM,MAIN,TRUE,TRUE,TBD,FALSE
2022-08-16T19:45:00Z,14.553,beaver_creek_usgs_temp_3,60.65107,-151.09076,US/Alaska (UTC-9 / UTC-8),"west fork beaver creek, upstream of marathon road",Beaver Creek,STREAM,MAIN,TRUE,TRUE,TBD,FALSE
2022-08-16T20:00:00Z,14.529,beaver_creek_usgs_temp_3,60.65107,-151.09076,US/Alaska (UTC-9 / UTC-8),"west fork beaver creek, upstream of marathon road",Beaver Creek,STREAM,MAIN,TRUE,TRUE,TBD,FALSE
2022-08-16T20:15:00Z,14.505,beaver_creek_usgs_temp_3,60.65107,-151.09076,US/Alaska (UTC-9 / UTC-8),"west fork beaver creek, upstream of marathon road",Beaver Creek,STREAM,MAIN,TRUE,TRUE,TBD,FALSE
2022-08-16T20:30:00Z,14.505,beaver_creek_usgs_temp_3,60.65107,-151.09076,US/Alaska (UTC-9 / UTC-8),"west fork beaver creek, upstream of marathon road",Beaver Creek,STREAM,MAIN,TRUE,TRUE,TBD,FALSE
2022-08-16T20:45:00Z,14.505,beaver_creek_usgs_temp_3,60.65107,-151.09076,US/Alaska (UTC-9 / UTC-8),"west fork beaver creek, upstream of marathon road",Beaver Creek,STREAM,MAIN,TRUE,TRUE,TBD,FALSE
2022-08-16T21:00:00Z,14.481,beaver_creek_usgs_temp_3,60.65107,-151.09076,US/Alaska (UTC-9 / UTC-8),"west fork beaver creek, upstream of marathon road",Beaver Creek,STREAM,MAIN,TRUE,TRUE,TBD,FALSE
2022-08-16T21:15:00Z,14.481,beaver_creek_usgs_temp_3,60.65107,-151.09076,US/Alaska (UTC-9 / UTC-8),"west fork beaver creek, upstream of marathon road",Beaver Creek,STREAM,MAIN,TRUE,TRUE,TBD,FALSE
2022-08-16T21:30:00Z,14.481,beaver_creek_usgs_temp_3,60.65107,-151.09076,US/Alaska (UTC-9 / UTC-8),"west fork beaver creek, upstream of marathon road",Beaver Creek,STREAM,MAIN,TRUE,TRUE,TBD,FALSE
2022-08-16T21:45:00Z,14.481,beaver_creek_usgs_temp_3,60.65107,-151.09076,US/Alaska (UTC-9 / UTC-8),"west fork beaver creek, upstream of marathon road",Beaver Creek,STREAM,MAIN,TRUE,TRUE,TBD,FALSE
2022-08-16T22:00:00Z,14.457,beaver_creek_usgs_temp_3,60.65107,-151.09076,US/Alaska (UTC-9 / UTC-8),"west fork beaver creek, upstream of marathon road",Beaver Creek,STREAM,MAIN,TRUE,TRUE,TBD,FALSE
2022-08-16T22:15:00Z,14.433,beaver_creek_usgs_temp_3,60.65107,-151.09076,US/Alaska (UTC-9 / UTC-8),"west fork beaver creek, upstream of marathon road",Beaver Creek,STREAM,MAIN,TRUE,TRUE,TBD,FALSE
2022-08-16T22:30:00Z,14.433,beaver_creek_usgs_temp_3,60.65107,-151.09076,US/Alaska (UTC-9 / UTC-8),"west fork beaver creek, upstream of marathon road",Beaver Creek,STREAM,MAIN,TRUE,TRUE,TBD,FALSE
2022-08-16T22:45:00Z,14.433,beaver_creek_usgs_temp_3,60.65107,-151.09076,US/Alaska (UTC-9 / UTC-8),"west fork beaver creek, upstream of marathon road",Beaver Creek,STREAM,MAIN,TRUE,TRUE,TBD,FALSE
2022-08-16T23:00:00Z,14.409,beaver_creek_usgs_temp_3,60.65107,-151.09076,US/Alaska (UTC-9 / UTC-8),"west fork beaver creek, upstream of marathon road",Beaver Creek,STREAM,MAIN,TRUE,TRUE,TBD,FALSE
2022-08-16T23:15:00Z,14.385,beaver_creek_usgs_temp_3,60.65107,-151.09076,US/Alaska (UTC-9 / UTC-8),"west fork beaver creek, upstream of marathon road",Beaver Creek,STREAM,MAIN,TRUE,TRUE,TBD,FALSE
2022-08-16T23:30:00Z,14.385,beaver_creek_usgs_temp_3,60.65107,-151.09076,US/Alaska (UTC-9 / UTC-8),"west fork beaver creek, upstream of marathon road",Beaver Creek,STREAM,MAIN,TRUE,TRUE,TBD,FALSE
2022-08-16T23:45:00Z,14.385,beaver_creek_usgs_temp_3,60.65107,-151.09076,US/Alaska (UTC-9 / UTC-8),"west fork beaver creek, upstream of marathon road",Beaver Creek,STREAM,MAIN,TRUE,TRUE,TBD,FALSE
2022-08-17T00:00:00Z,14.361,beaver_creek_usgs_temp_3,60.65107,-151.09076,US/Alaska (UTC-9 / UTC-8),"west fork beaver creek, upstream of marathon road",Beaver Creek,STREAM,MAIN,TRUE,TRUE,TBD,FALSE
2022-08-17T00:15:00Z,14.361,beaver_creek_usgs_temp_3,60.65107,-151.09076,US/Alaska (UTC-9 / UTC-8),"west fork beaver creek, upstream of marathon road",Beaver Creek,STREAM,MAIN,TRUE,TRUE,TBD,FALSE
2022-08-17T00:30:00Z,14.337,beaver_creek_usgs_temp_3,60.65107,-151.09076,US/Alaska (UTC-9 / UTC-8),"west fork beaver creek, upstream of marathon road",Beaver Creek,STREAM,MAIN,TRUE,TRUE,TBD,FALSE
2022-08-17T00:45:00Z,14.337,beaver_creek_usgs_temp_3,60.65107,-151.09076,US/Alaska (UTC-9 / UTC-8),"west fork beaver creek, upstream of marathon road",Beaver Creek,STREAM,MAIN,TRUE,TRUE,TBD,FALSE
2022-08-17T01:00:00Z,14.314,beaver_creek_usgs_temp_3,60.65107,-151.09076,US/Alaska (UTC-9 / UTC-8),"west fork beaver creek, upstream of marathon road",Beaver Creek,STREAM,MAIN,TRUE,TRUE,TBD,FALSE
2022-08-17T01:15:00Z,14.314,beaver_creek_usgs_temp_3,60.65107,-151.09076,US/Alaska (UTC-9 / UTC-8),"west fork beaver creek, upstream of marathon road",Beaver Creek,STREAM,MAIN,TRUE,TRUE,TBD,FALSE
2022-08-17T01:30:00Z,14.29,beaver_creek_usgs_temp_3,60.65107,-151.09076,US/Alaska (UTC-9 / UTC-8),"west fork beaver creek, upstream of marathon road",Beaver Creek,STREAM,MAIN,TRUE,TRUE,TBD,FALSE
2022-08-17T01:45:00Z,14.266,beaver_creek_usgs_temp_3,60.65107,-151.09076,US/Alaska (UTC-9 / UTC-8),"west fork beaver creek, upstream of marathon road",Beaver Creek,STREAM,MAIN,TRUE,TRUE,TBD,FALSE
2022-08-17T02:00:00Z,14.242,beaver_creek_usgs_temp_3,60.65107,-151.09076,US/Alaska (UTC-9 / UTC-8),"west fork beaver creek, upstream of marathon road",Beaver Creek,STREAM,MAIN,TRUE,TRUE,TBD,FALSE
2022-08-17T02:15:00Z,14.194,beaver_creek_usgs_temp_3,60.65107,-151.09076,US/Alaska (UTC-9 / UTC-8),"west fork beaver creek, upstream of marathon road",Beaver Creek,STREAM,MAIN,TRUE,TRUE,TBD,FALSE
2022-08-17T02:30:00Z,14.194,beaver_creek_usgs_temp_3,60.65107,-151.09076,US/Alaska (UTC-9 / UTC-8),"west fork beaver creek, upstream of marathon road",Beaver Creek,STREAM,MAIN,TRUE,TRUE,TBD,FALSE
2022-08-17T02:45:00Z,14.146,beaver_creek_usgs_temp_3,60.65107,-151.09076,US/Alaska (UTC-9 / UTC-8),"west fork beaver creek, upstream of marathon road",Beaver Creek,STREAM,MAIN,TRUE,TRUE,TBD,FALSE
2022-08-17T03:00:00Z,14.122,beaver_creek_usgs_temp_3,60.65107,-151.09076,US/Alaska (UTC-9 / UTC-8),"west fork beaver creek, upstream of marathon road",Beaver Creek,STREAM,MAIN,TRUE,TRUE,TBD,FALSE
2022-08-17T03:15:00Z,14.074,beaver_creek_usgs_temp_3,60.65107,-151.09076,US/Alaska (UTC-9 / UTC-8),"west fork beaver creek, upstream of marathon road",Beaver Creek,STREAM,MAIN,TRUE,TRUE,TBD,FALSE
2022-08-17T03:30:00Z,14.05,beaver_creek_usgs_temp_3,60.65107,-151.09076,US/Alaska (UTC-9 / UTC-8),"west fork beaver creek, upstream of marathon road",Beaver Creek,STREAM,MAIN,TRUE,TRUE,TBD,FALSE
2022-08-17T03:45:00Z,14.002,beaver_creek_usgs_temp_3,60.65107,-151.09076,US/Alaska (UTC-9 / UTC-8),"west fork beaver creek, upstream of marathon road",Beaver Creek,STREAM,MAIN,TRUE,TRUE,TBD,FALSE
2022-08-17T04:00:00Z,13.978,beaver_creek_usgs_temp_3,60.65107,-151.09076,US/Alaska (UTC-9 / UTC-8),"west fork beaver creek, upstream of marathon road",Beaver Creek,STREAM,MAIN,TRUE,TRUE,TBD,FALSE
2022-08-17T04:15:00Z,13.93,beaver_creek_usgs_temp_3,60.65107,-151.09076,US/Alaska (UTC-9 / UTC-8),"west fork beaver creek, upstream of marathon road",Beaver Creek,STREAM,MAIN,TRUE,TRUE,TBD,FALSE
2022-08-17T04:30:00Z,13.906,beaver_creek_usgs_temp_3,60.65107,-151.09076,US/Alaska (UTC-9 / UTC-8),"west fork beaver creek, upstream of marathon road",Beaver Creek,STREAM,MAIN,TRUE,TRUE,TBD,FALSE
2022-08-17T04:45:00Z,13.858,beaver_creek_usgs_temp_3,60.65107,-151.09076,US/Alaska (UTC-9 / UTC-8),"west fork beaver creek, upstream of marathon road",Beaver Creek,STREAM,MAIN,TRUE,TRUE,TBD,FALSE
2022-08-17T05:00:00Z,13.81,beaver_creek_usgs_temp_3,60.65107,-151.09076,US/Alaska (UTC-9 / UTC-8),"west fork beaver creek, upstream of marathon road",Beaver Creek,STREAM,MAIN,TRUE,TRUE,TBD,FALSE
2022-08-17T05:15:00Z,13.762,beaver_creek_usgs_temp_3,60.65107,-151.09076,US/Alaska (UTC-9 / UTC-8),"west fork beaver creek, upstream of marathon road",Beaver Creek,STREAM,MAIN,TRUE,TRUE,TBD,FALSE
2022-08-17T05:30:00Z,13.714,beaver_creek_usgs_temp_3,60.65107,-151.09076,US/Alaska (UTC-9 / UTC-8),"west fork beaver creek, upstream of marathon road",Beaver Creek,STREAM,MAIN,TRUE,TRUE,TBD,FALSE
2022-08-17T05:45:00Z,13.666,beaver_creek_usgs_temp_3,60.65107,-151.09076,US/Alaska (UTC-9 / UTC-8),"west fork beaver creek, upstream of marathon road",Beaver Creek,STREAM,MAIN,TRUE,TRUE,TBD,FALSE
2022-08-17T06:00:00Z,13.642,beaver_creek_usgs_temp_3,60.65107,-151.09076,US/Alaska (UTC-9 / UTC-8),"west fork beaver creek, upstream of marathon road",Beaver Creek,STREAM,MAIN,TRUE,TRUE,TBD,FALSE
2022-08-17T06:15:00Z,13.618,beaver_creek_usgs_temp_3,60.65107,-151.09076,US/Alaska (UTC-9 / UTC-8),"west fork beaver creek, upstream of marathon road",Beaver Creek,STREAM,MAIN,TRUE,TRUE,TBD,FALSE
2022-08-17T06:30:00Z,13.57,beaver_creek_usgs_temp_3,60.65107,-151.09076,US/Alaska (UTC-9 / UTC-8),"west fork beaver creek, upstream of marathon road",Beaver Creek,STREAM,MAIN,TRUE,TRUE,TBD,FALSE
2022-08-17T06:45:00Z,13.546,beaver_creek_usgs_temp_3,60.65107,-151.09076,US/Alaska (UTC-9 / UTC-8),"west fork beaver creek, upstream of marathon road",Beaver Creek,STREAM,MAIN,TRUE,TRUE,TBD,FALSE
2022-08-17T07:00:00Z,13.522,beaver_creek_usgs_temp_3,60.65107,-151.09076,US/Alaska (UTC-9 / UTC-8),"west fork beaver creek, upstream of marathon road",Beaver Creek,STREAM,MAIN,TRUE,TRUE,TBD,FALSE
2022-08-17T07:15:00Z,13.497,beaver_creek_usgs_temp_3,60.65107,-151.09076,US/Alaska (UTC-9 / UTC-8),"west fork beaver creek, upstream of marathon road",Beaver Creek,STREAM,MAIN,TRUE,TRUE,TBD,FALSE
2022-08-17T07:30:00Z,13.473,beaver_creek_usgs_temp_3,60.65107,-151.09076,US/Alaska (UTC-9 / UTC-8),"west fork beaver creek, upstream of marathon road",Beaver Creek,STREAM,MAIN,TRUE,TRUE,TBD,FALSE
2022-08-17T07:45:00Z,13.425,beaver_creek_usgs_temp_3,60.65107,-151.09076,US/Alaska (UTC-9 / UTC-8),"west fork beaver creek, upstream of marathon road",Beaver Creek,STREAM,MAIN,TRUE,TRUE,TBD,FALSE
2022-08-17T08:00:00Z,13.425,beaver_creek_usgs_temp_3,60.65107,-151.09076,US/Alaska (UTC-9 / UTC-8),"west fork beaver creek, upstream of marathon road",Beaver Creek,STREAM,MAIN,TRUE,TRUE,TBD,FALSE
2022-08-17T08:15:00Z,13.401,beaver_creek_usgs_temp_3,60.65107,-151.09076,US/Alaska (UTC-9 / UTC-8),"west fork beaver creek, upstream of marathon road",Beaver Creek,STREAM,MAIN,TRUE,TRUE,TBD,FALSE
2022-08-17T08:30:00Z,13.377,beaver_creek_usgs_temp_3,60.65107,-151.09076,US/Alaska (UTC-9 / UTC-8),"west fork beaver creek, upstream of marathon road",Beaver Creek,STREAM,MAIN,TRUE,TRUE,TBD,FALSE
2022-08-17T08:45:00Z,13.377,beaver_creek_usgs_temp_3,60.65107,-151.09076,US/Alaska (UTC-9 / UTC-8),"west fork beaver creek, upstream of marathon road",Beaver Creek,STREAM,MAIN,TRUE,TRUE,TBD,FALSE
2022-08-17T09:00:00Z,13.377,beaver_creek_usgs_temp_3,60.65107,-151.09076,US/Alaska (UTC-9 / UTC-8),"west fork beaver creek, upstream of marathon road",Beaver Creek,STREAM,MAIN,TRUE,TRUE,TBD,FALSE
2022-08-17T09:15:00Z,13.329,beaver_creek_usgs_temp_3,60.65107,-151.09076,US/Alaska (UTC-9 / UTC-8),"west fork beaver creek, upstream of marathon road",Beaver Creek,STREAM,MAIN,TRUE,TRUE,TBD,FALSE
2022-08-17T09:30:00Z,13.329,beaver_creek_usgs_temp_3,60.65107,-151.09076,US/Alaska (UTC-9 / UTC-8),"west fork beaver creek, upstream of marathon road",Beaver Creek,STREAM,MAIN,TRUE,TRUE,TBD,FALSE
2022-08-17T09:45:00Z,13.305,beaver_creek_usgs_temp_3,60.65107,-151.09076,US/Alaska (UTC-9 / UTC-8),"west fork beaver creek, upstream of marathon road",Beaver Creek,STREAM,MAIN,TRUE,TRUE,TBD,FALSE
2022-08-17T10:00:00Z,13.281,beaver_creek_usgs_temp_3,60.65107,-151.09076,US/Alaska (UTC-9 / UTC-8),"west fork beaver creek, upstream of marathon road",Beaver Creek,STREAM,MAIN,TRUE,TRUE,TBD,FALSE
2022-08-17T10:15:00Z,13.281,beaver_creek_usgs_temp_3,60.65107,-151.09076,US/Alaska (UTC-9 / UTC-8),"west fork beaver creek, upstream of marathon road",Beaver Creek,STREAM,MAIN,TRUE,TRUE,TBD,FALSE
2022-08-17T10:30:00Z,13.281,beaver_creek_usgs_temp_3,60.65107,-151.09076,US/Alaska (UTC-9 / UTC-8),"west fork beaver creek, upstream of marathon road",Beaver Creek,STREAM,MAIN,TRUE,TRUE,TBD,FALSE
2022-08-17T10:45:00Z,13.305,beaver_creek_usgs_temp_3,60.65107,-151.09076,US/Alaska (UTC-9 / UTC-8),"west fork beaver creek, upstream of marathon road",Beaver Creek,STREAM,MAIN,TRUE,TRUE,TBD,FALSE
2022-08-17T11:00:00Z,13.281,beaver_creek_usgs_temp_3,60.65107,-151.09076,US/Alaska (UTC-9 / UTC-8),"west fork beaver creek, upstream of marathon road",Beaver Creek,STREAM,MAIN,TRUE,TRUE,TBD,FALSE
2022-08-17T11:15:00Z,13.257,beaver_creek_usgs_temp_3,60.65107,-151.09076,US/Alaska (UTC-9 / UTC-8),"west fork beaver creek, upstream of marathon road",Beaver Creek,STREAM,MAIN,TRUE,TRUE,TBD,FALSE
2022-08-17T11:30:00Z,13.233,beaver_creek_usgs_temp_3,60.65107,-151.09076,US/Alaska (UTC-9 / UTC-8),"west fork beaver creek, upstream of marathon road",Beaver Creek,STREAM,MAIN,TRUE,TRUE,TBD,FALSE
2022-08-17T11:45:00Z,13.233,beaver_creek_usgs_temp_3,60.65107,-151.09076,US/Alaska (UTC-9 / UTC-8),"west fork beaver creek, upstream of marathon road",Beaver Creek,STREAM,MAIN,TRUE,TRUE,TBD,FALSE
2022-08-17T12:00:00Z,13.233,beaver_creek_usgs_temp_3,60.65107,-151.09076,US/Alaska (UTC-9 / UTC-8),"west fork beaver creek, upstream of marathon road",Beaver Creek,STREAM,MAIN,TRUE,TRUE,TBD,FALSE
2022-08-17T12:15:00Z,13.233,beaver_creek_usgs_temp_3,60.65107,-151.09076,US/Alaska (UTC-9 / UTC-8),"west fork beaver creek, upstream of marathon road",Beaver Creek,STREAM,MAIN,TRUE,TRUE,TBD,FALSE
2022-08-17T12:30:00Z,13.209,beaver_creek_usgs_temp_3,60.65107,-151.09076,US/Alaska (UTC-9 / UTC-8),"west fork beaver creek, upstream of marathon road",Beaver Creek,STREAM,MAIN,TRUE,TRUE,TBD,FALSE
2022-08-17T12:45:00Z,13.185,beaver_creek_usgs_temp_3,60.65107,-151.09076,US/Alaska (UTC-9 / UTC-8),"west fork beaver creek, upstream of marathon road",Beaver Creek,STREAM,MAIN,TRUE,TRUE,TBD,FALSE
2022-08-17T13:00:00Z,13.209,beaver_creek_usgs_temp_3,60.65107,-151.09076,US/Alaska (UTC-9 / UTC-8),"west fork beaver creek, upstream of marathon road",Beaver Creek,STREAM,MAIN,TRUE,TRUE,TBD,FALSE
2022-08-17T13:15:00Z,13.209,beaver_creek_usgs_temp_3,60.65107,-151.09076,US/Alaska (UTC-9 / UTC-8),"west fork beaver creek, upstream of marathon road",Beaver Creek,STREAM,MAIN,TRUE,TRUE,TBD,FALSE
2022-08-17T13:30:00Z,13.233,beaver_creek_usgs_temp_3,60.65107,-151.09076,US/Alaska (UTC-9 / UTC-8),"west fork beaver creek, upstream of marathon road",Beaver Creek,STREAM,MAIN,TRUE,TRUE,TBD,FALSE
2022-08-17T13:45:00Z,13.233,beaver_creek_usgs_temp_3,60.65107,-151.09076,US/Alaska (UTC-9 / UTC-8),"west fork beaver creek, upstream of marathon road",Beaver Creek,STREAM,MAIN,TRUE,TRUE,TBD,FALSE
2022-08-17T14:00:00Z,13.281,beaver_creek_usgs_temp_3,60.65107,-151.09076,US/Alaska (UTC-9 / UTC-8),"west fork beaver creek, upstream of marathon road",Beaver Creek,STREAM,MAIN,TRUE,TRUE,TBD,FALSE
2022-08-17T14:15:00Z,13.353,beaver_creek_usgs_temp_3,60.65107,-151.09076,US/Alaska (UTC-9 / UTC-8),"west fork beaver creek, upstream of marathon road",Beaver Creek,STREAM,MAIN,TRUE,TRUE,TBD,FALSE
2022-08-17T14:30:00Z,13.377,beaver_creek_usgs_temp_3,60.65107,-151.09076,US/Alaska (UTC-9 / UTC-8),"west fork beaver creek, upstream of marathon road",Beaver Creek,STREAM,MAIN,TRUE,TRUE,TBD,FALSE
2022-08-17T14:45:00Z,13.353,beaver_creek_usgs_temp_3,60.65107,-151.09076,US/Alaska (UTC-9 / UTC-8),"west fork beaver creek, upstream of marathon road",Beaver Creek,STREAM,MAIN,TRUE,TRUE,TBD,FALSE
2022-08-17T15:00:00Z,13.329,beaver_creek_usgs_temp_3,60.65107,-151.09076,US/Alaska (UTC-9 / UTC-8),"west fork beaver creek, upstream of marathon road",Beaver Creek,STREAM,MAIN,TRUE,TRUE,TBD,FALSE
2022-08-17T15:15:00Z,13.329,beaver_creek_usgs_temp_3,60.65107,-151.09076,US/Alaska (UTC-9 / UTC-8),"west fork beaver creek, upstream of marathon road",Beaver Creek,STREAM,MAIN,TRUE,TRUE,TBD,FALSE
2022-08-17T15:30:00Z,13.329,beaver_creek_usgs_temp_3,60.65107,-151.09076,US/Alaska (UTC-9 / UTC-8),"west fork beaver creek, upstream of marathon road",Beaver Creek,STREAM,MAIN,TRUE,TRUE,TBD,FALSE
2022-08-17T15:45:00Z,13.305,beaver_creek_usgs_temp_3,60.65107,-151.09076,US/Alaska (UTC-9 / UTC-8),"west fork beaver creek, upstream of marathon road",Beaver Creek,STREAM,MAIN,TRUE,TRUE,TBD,FALSE
2022-08-17T16:00:00Z,13.305,beaver_creek_usgs_temp_3,60.65107,-151.09076,US/Alaska (UTC-9 / UTC-8),"west fork beaver creek, upstream of marathon road",Beaver Creek,STREAM,MAIN,TRUE,TRUE,TBD,FALSE
2022-08-17T16:15:00Z,13.281,beaver_creek_usgs_temp_3,60.65107,-151.09076,US/Alaska (UTC-9 / UTC-8),"west fork beaver creek, upstream of marathon road",Beaver Creek,STREAM,MAIN,TRUE,TRUE,TBD,FALSE
2022-08-17T16:30:00Z,13.257,beaver_creek_usgs_temp_3,60.65107,-151.09076,US/Alaska (UTC-9 / UTC-8),"west fork beaver creek, upstream of marathon road",Beaver Creek,STREAM,MAIN,TRUE,TRUE,TBD,FALSE
2022-08-17T16:45:00Z,13.257,beaver_creek_usgs_temp_3,60.65107,-151.09076,US/Alaska (UTC-9 / UTC-8),"west fork beaver creek, upstream of marathon road",Beaver Creek,STREAM,MAIN,TRUE,TRUE,TBD,FALSE
2022-08-17T17:00:00Z,13.281,beaver_creek_usgs_temp_3,60.65107,-151.09076,US/Alaska (UTC-9 / UTC-8),"west fork beaver creek, upstream of marathon road",Beaver Creek,STREAM,MAIN,TRUE,TRUE,TBD,FALSE
2022-08-17T17:15:00Z,13.281,beaver_creek_usgs_temp_3,60.65107,-151.09076,US/Alaska (UTC-9 / UTC-8),"west fork beaver creek, upstream of marathon road",Beaver Creek,STREAM,MAIN,TRUE,TRUE,TBD,FALSE
2022-08-17T17:30:00Z,13.305,beaver_creek_usgs_temp_3,60.65107,-151.09076,US/Alaska (UTC-9 / UTC-8),"west fork beaver creek, upstream of marathon road",Beaver Creek,STREAM,MAIN,TRUE,TRUE,TBD,FALSE
2022-08-17T17:45:00Z,13.305,beaver_creek_usgs_temp_3,60.65107,-151.09076,US/Alaska (UTC-9 / UTC-8),"west fork beaver creek, upstream of marathon road",Beaver Creek,STREAM,MAIN,TRUE,TRUE,TBD,FALSE
2022-08-17T18:00:00Z,13.329,beaver_creek_usgs_temp_3,60.65107,-151.09076,US/Alaska (UTC-9 / UTC-8),"west fork beaver creek, upstream of marathon road",Beaver Creek,STREAM,MAIN,TRUE,TRUE,TBD,FALSE
2022-08-17T18:15:00Z,13.329,beaver_creek_usgs_temp_3,60.65107,-151.09076,US/Alaska (UTC-9 / UTC-8),"west fork beaver creek, upstream of marathon road",Beaver Creek,STREAM,MAIN,TRUE,TRUE,TBD,FALSE
2022-08-17T18:30:00Z,13.353,beaver_creek_usgs_temp_3,60.65107,-151.09076,US/Alaska (UTC-9 / UTC-8),"west fork beaver creek, upstream of marathon road",Beaver Creek,STREAM,MAIN,TRUE,TRUE,TBD,FALSE
2022-08-17T18:45:00Z,13.377,beaver_creek_usgs_temp_3,60.65107,-151.09076,US/Alaska (UTC-9 / UTC-8),"west fork beaver creek, upstream of marathon road",Beaver Creek,STREAM,MAIN,TRUE,TRUE,TBD,FALSE
2022-08-17T19:00:00Z,13.377,beaver_creek_usgs_temp_3,60.65107,-151.09076,US/Alaska (UTC-9 / UTC-8),"west fork beaver creek, upstream of marathon road",Beaver Creek,STREAM,MAIN,TRUE,TRUE,TBD,FALSE
2022-08-17T19:15:00Z,13.377,beaver_creek_usgs_temp_3,60.65107,-151.09076,US/Alaska (UTC-9 / UTC-8),"west fork beaver creek, upstream of marathon road",Beaver Creek,STREAM,MAIN,TRUE,TRUE,TBD,FALSE
2022-08-17T19:30:00Z,13.377,beaver_creek_usgs_temp_3,60.65107,-151.09076,US/Alaska (UTC-9 / UTC-8),"west fork beaver creek, upstream of marathon road",Beaver Creek,STREAM,MAIN,TRUE,TRUE,TBD,FALSE
2022-08-17T19:45:00Z,13.377,beaver_creek_usgs_temp_3,60.65107,-151.09076,US/Alaska (UTC-9 / UTC-8),"west fork beaver creek, upstream of marathon road",Beaver Creek,STREAM,MAIN,TRUE,TRUE,TBD,FALSE
2022-08-17T20:00:00Z,13.401,beaver_creek_usgs_temp_3,60.65107,-151.09076,US/Alaska (UTC-9 / UTC-8),"west fork beaver creek, upstream of marathon road",Beaver Creek,STREAM,MAIN,TRUE,TRUE,TBD,FALSE
2022-08-17T20:15:00Z,13.401,beaver_creek_usgs_temp_3,60.65107,-151.09076,US/Alaska (UTC-9 / UTC-8),"west fork beaver creek, upstream of marathon road",Beaver Creek,STREAM,MAIN,TRUE,TRUE,TBD,FALSE
2022-08-17T20:30:00Z,13.377,beaver_creek_usgs_temp_3,60.65107,-151.09076,US/Alaska (UTC-9 / UTC-8),"west fork beaver creek, upstream of marathon road",Beaver Creek,STREAM,MAIN,TRUE,TRUE,TBD,FALSE
2022-08-17T20:45:00Z,13.353,beaver_creek_usgs_temp_3,60.65107,-151.09076,US/Alaska (UTC-9 / UTC-8),"west fork beaver creek, upstream of marathon road",Beaver Creek,STREAM,MAIN,TRUE,TRUE,TBD,FALSE
2022-08-17T21:00:00Z,13.329,beaver_creek_usgs_temp_3,60.65107,-151.09076,US/Alaska (UTC-9 / UTC-8),"west fork beaver creek, upstream of marathon road",Beaver Creek,STREAM,MAIN,TRUE,TRUE,TBD,FALSE
2022-08-17T21:15:00Z,13.281,beaver_creek_usgs_temp_3,60.65107,-151.09076,US/Alaska (UTC-9 / UTC-8),"west fork beaver creek, upstream of marathon road",Beaver Creek,STREAM,MAIN,TRUE,TRUE,TBD,FALSE
2022-08-17T21:30:00Z,13.233,beaver_creek_usgs_temp_3,60.65107,-151.09076,US/Alaska (UTC-9 / UTC-8),"west fork beaver creek, upstream of marathon road",Beaver Creek,STREAM,MAIN,TRUE,TRUE,TBD,FALSE
2022-08-17T21:45:00Z,13.209,beaver_creek_usgs_temp_3,60.65107,-151.09076,US/Alaska (UTC-9 / UTC-8),"west fork beaver creek, upstream of marathon road",Beaver Creek,STREAM,MAIN,TRUE,TRUE,TBD,FALSE
2022-08-17T22:00:00Z,13.161,beaver_creek_usgs_temp_3,60.65107,-151.09076,US/Alaska (UTC-9 / UTC-8),"west fork beaver creek, upstream of marathon road",Beaver Creek,STREAM,MAIN,TRUE,TRUE,TBD,FALSE
2022-08-17T22:15:00Z,13.112,beaver_creek_usgs_temp_3,60.65107,-151.09076,US/Alaska (UTC-9 / UTC-8),"west fork beaver creek, upstream of marathon road",Beaver Creek,STREAM,MAIN,TRUE,TRUE,TBD,FALSE
2022-08-17T22:30:00Z,13.064,beaver_creek_usgs_temp_3,60.65107,-151.09076,US/Alaska (UTC-9 / UTC-8),"west fork beaver creek, upstream of marathon road",Beaver Creek,STREAM,MAIN,TRUE,TRUE,TBD,FALSE
2022-08-17T22:45:00Z,13.016,beaver_creek_usgs_temp_3,60.65107,-151.09076,US/Alaska (UTC-9 / UTC-8),"west fork beaver creek, upstream of marathon road",Beaver Creek,STREAM,MAIN,TRUE,TRUE,TBD,FALSE
2022-08-17T23:00:00Z,12.944,beaver_creek_usgs_temp_3,60.65107,-151.09076,US/Alaska (UTC-9 / UTC-8),"west fork beaver creek, upstream of marathon road",Beaver Creek,STREAM,MAIN,TRUE,TRUE,TBD,FALSE
2022-08-17T23:15:00Z,12.871,beaver_creek_usgs_temp_3,60.65107,-151.09076,US/Alaska (UTC-9 / UTC-8),"west fork beaver creek, upstream of marathon road",Beaver Creek,STREAM,MAIN,TRUE,TRUE,TBD,FALSE
2022-08-17T23:30:00Z,12.823,beaver_creek_usgs_temp_3,60.65107,-151.09076,US/Alaska (UTC-9 / UTC-8),"west fork beaver creek, upstream of marathon road",Beaver Creek,STREAM,MAIN,TRUE,TRUE,TBD,FALSE
2022-08-17T23:45:00Z,12.751,beaver_creek_usgs_temp_3,60.65107,-151.09076,US/Alaska (UTC-9 / UTC-8),"west fork beaver creek, upstream of marathon road",Beaver Creek,STREAM,MAIN,TRUE,TRUE,TBD,FALSE
2022-08-18T00:00:00Z,12.678,beaver_creek_usgs_temp_3,60.65107,-151.09076,US/Alaska (UTC-9 / UTC-8),"west fork beaver creek, upstream of marathon road",Beaver Creek,STREAM,MAIN,TRUE,TRUE,TBD,FALSE
2022-08-18T00:15:00Z,12.606,beaver_creek_usgs_temp_3,60.65107,-151.09076,US/Alaska (UTC-9 / UTC-8),"west fork beaver creek, upstream of marathon road",Beaver Creek,STREAM,MAIN,TRUE,TRUE,TBD,FALSE
2022-08-18T00:30:00Z,12.558,beaver_creek_usgs_temp_3,60.65107,-151.09076,US/Alaska (UTC-9 / UTC-8),"west fork beaver creek, upstream of marathon road",Beaver Creek,STREAM,MAIN,TRUE,TRUE,TBD,FALSE
2022-08-18T00:45:00Z,12.509,beaver_creek_usgs_temp_3,60.65107,-151.09076,US/Alaska (UTC-9 / UTC-8),"west fork beaver creek, upstream of marathon road",Beaver Creek,STREAM,MAIN,TRUE,TRUE,TBD,FALSE
2022-08-18T01:00:00Z,12.461,beaver_creek_usgs_temp_3,60.65107,-151.09076,US/Alaska (UTC-9 / UTC-8),"west fork beaver creek, upstream of marathon road",Beaver Creek,STREAM,MAIN,TRUE,TRUE,TBD,FALSE
2022-08-18T01:15:00Z,12.413,beaver_creek_usgs_temp_3,60.65107,-151.09076,US/Alaska (UTC-9 / UTC-8),"west fork beaver creek, upstream of marathon road",Beaver Creek,STREAM,MAIN,TRUE,TRUE,TBD,FALSE
2022-08-18T01:30:00Z,12.34,beaver_creek_usgs_temp_3,60.65107,-151.09076,US/Alaska (UTC-9 / UTC-8),"west fork beaver creek, upstream of marathon road",Beaver Creek,STREAM,MAIN,TRUE,TRUE,TBD,FALSE
2022-08-18T01:45:00Z,12.292,beaver_creek_usgs_temp_3,60.65107,-151.09076,US/Alaska (UTC-9 / UTC-8),"west fork beaver creek, upstream of marathon road",Beaver Creek,STREAM,MAIN,TRUE,TRUE,TBD,FALSE
2022-08-18T02:00:00Z,12.219,beaver_creek_usgs_temp_3,60.65107,-151.09076,US/Alaska (UTC-9 / UTC-8),"west fork beaver creek, upstream of marathon road",Beaver Creek,STREAM,MAIN,TRUE,TRUE,TBD,FALSE
2022-08-18T02:15:00Z,12.171,beaver_creek_usgs_temp_3,60.65107,-151.09076,US/Alaska (UTC-9 / UTC-8),"west fork beaver creek, upstream of marathon road",Beaver Creek,STREAM,MAIN,TRUE,TRUE,TBD,FALSE
2022-08-18T02:30:00Z,12.098,beaver_creek_usgs_temp_3,60.65107,-151.09076,US/Alaska (UTC-9 / UTC-8),"west fork beaver creek, upstream of marathon road",Beaver Creek,STREAM,MAIN,TRUE,TRUE,TBD,FALSE
2022-08-18T02:45:00Z,12.05,beaver_creek_usgs_temp_3,60.65107,-151.09076,US/Alaska (UTC-9 / UTC-8),"west fork beaver creek, upstream of marathon road",Beaver Creek,STREAM,MAIN,TRUE,TRUE,TBD,FALSE
2022-08-18T03:00:00Z,11.977,beaver_creek_usgs_temp_3,60.65107,-151.09076,US/Alaska (UTC-9 / UTC-8),"west fork beaver creek, upstream of marathon road",Beaver Creek,STREAM,MAIN,TRUE,TRUE,TBD,FALSE
2022-08-18T03:15:00Z,11.929,beaver_creek_usgs_temp_3,60.65107,-151.09076,US/Alaska (UTC-9 / UTC-8),"west fork beaver creek, upstream of marathon road",Beaver Creek,STREAM,MAIN,TRUE,TRUE,TBD,FALSE
2022-08-18T03:30:00Z,11.856,beaver_creek_usgs_temp_3,60.65107,-151.09076,US/Alaska (UTC-9 / UTC-8),"west fork beaver creek, upstream of marathon road",Beaver Creek,STREAM,MAIN,TRUE,TRUE,TBD,FALSE
2022-08-18T03:45:00Z,11.807,beaver_creek_usgs_temp_3,60.65107,-151.09076,US/Alaska (UTC-9 / UTC-8),"west fork beaver creek, upstream of marathon road",Beaver Creek,STREAM,MAIN,TRUE,TRUE,TBD,FALSE
2022-08-18T04:00:00Z,11.759,beaver_creek_usgs_temp_3,60.65107,-151.09076,US/Alaska (UTC-9 / UTC-8),"west fork beaver creek, upstream of marathon road",Beaver Creek,STREAM,MAIN,TRUE,TRUE,TBD,FALSE
2022-08-18T04:15:00Z,11.71,beaver_creek_usgs_temp_3,60.65107,-151.09076,US/Alaska (UTC-9 / UTC-8),"west fork beaver creek, upstream of marathon road",Beaver Creek,STREAM,MAIN,TRUE,TRUE,TBD,FALSE
2022-08-18T04:30:00Z,11.662,beaver_creek_usgs_temp_3,60.65107,-151.09076,US/Alaska (UTC-9 / UTC-8),"west fork beaver creek, upstream of marathon road",Beaver Creek,STREAM,MAIN,TRUE,TRUE,TBD,FALSE
2022-08-18T04:45:00Z,11.637,beaver_creek_usgs_temp_3,60.65107,-151.09076,US/Alaska (UTC-9 / UTC-8),"west fork beaver creek, upstream of marathon road",Beaver Creek,STREAM,MAIN,TRUE,TRUE,TBD,FALSE
2022-08-18T05:00:00Z,11.589,beaver_creek_usgs_temp_3,60.65107,-151.09076,US/Alaska (UTC-9 / UTC-8),"west fork beaver creek, upstream of marathon road",Beaver Creek,STREAM,MAIN,TRUE,TRUE,TBD,FALSE
2022-08-18T05:15:00Z,11.565,beaver_creek_usgs_temp_3,60.65107,-151.09076,US/Alaska (UTC-9 / UTC-8),"west fork beaver creek, upstream of marathon road",Beaver Creek,STREAM,MAIN,TRUE,TRUE,TBD,FALSE
2022-08-18T05:30:00Z,11.54,beaver_creek_usgs_temp_3,60.65107,-151.09076,US/Alaska (UTC-9 / UTC-8),"west fork beaver creek, upstream of marathon road",Beaver Creek,STREAM,MAIN,TRUE,TRUE,TBD,FALSE
2022-08-18T05:45:00Z,11.492,beaver_creek_usgs_temp_3,60.65107,-151.09076,US/Alaska (UTC-9 / UTC-8),"west fork beaver creek, upstream of marathon road",Beaver Creek,STREAM,MAIN,TRUE,TRUE,TBD,FALSE
2022-08-18T06:00:00Z,11.443,beaver_creek_usgs_temp_3,60.65107,-151.09076,US/Alaska (UTC-9 / UTC-8),"west fork beaver creek, upstream of marathon road",Beaver Creek,STREAM,MAIN,TRUE,TRUE,TBD,FALSE
2022-08-18T06:15:00Z,11.419,beaver_creek_usgs_temp_3,60.65107,-151.09076,US/Alaska (UTC-9 / UTC-8),"west fork beaver creek, upstream of marathon road",Beaver Creek,STREAM,MAIN,TRUE,TRUE,TBD,FALSE
2022-08-18T06:30:00Z,11.394,beaver_creek_usgs_temp_3,60.65107,-151.09076,US/Alaska (UTC-9 / UTC-8),"west fork beaver creek, upstream of marathon road",Beaver Creek,STREAM,MAIN,TRUE,TRUE,TBD,FALSE
2022-08-18T06:45:00Z,11.37,beaver_creek_usgs_temp_3,60.65107,-151.09076,US/Alaska (UTC-9 / UTC-8),"west fork beaver creek, upstream of marathon road",Beaver Creek,STREAM,MAIN,TRUE,TRUE,TBD,FALSE
2022-08-18T07:00:00Z,11.346,beaver_creek_usgs_temp_3,60.65107,-151.09076,US/Alaska (UTC-9 / UTC-8),"west fork beaver creek, upstream of marathon road",Beaver Creek,STREAM,MAIN,TRUE,TRUE,TBD,FALSE
2022-08-18T07:15:00Z,11.321,beaver_creek_usgs_temp_3,60.65107,-151.09076,US/Alaska (UTC-9 / UTC-8),"west fork beaver creek, upstream of marathon road",Beaver Creek,STREAM,MAIN,TRUE,TRUE,TBD,FALSE
2022-08-18T07:30:00Z,11.297,beaver_creek_usgs_temp_3,60.65107,-151.09076,US/Alaska (UTC-9 / UTC-8),"west fork beaver creek, upstream of marathon road",Beaver Creek,STREAM,MAIN,TRUE,TRUE,TBD,FALSE
2022-08-18T07:45:00Z,11.273,beaver_creek_usgs_temp_3,60.65107,-151.09076,US/Alaska (UTC-9 / UTC-8),"west fork beaver creek, upstream of marathon road",Beaver Creek,STREAM,MAIN,TRUE,TRUE,TBD,FALSE
2022-08-18T08:00:00Z,11.248,beaver_creek_usgs_temp_3,60.65107,-151.09076,US/Alaska (UTC-9 / UTC-8),"west fork beaver creek, upstream of marathon road",Beaver Creek,STREAM,MAIN,TRUE,TRUE,TBD,FALSE
2022-08-18T08:15:00Z,11.248,beaver_creek_usgs_temp_3,60.65107,-151.09076,US/Alaska (UTC-9 / UTC-8),"west fork beaver creek, upstream of marathon road",Beaver Creek,STREAM,MAIN,TRUE,TRUE,TBD,FALSE
2022-08-18T08:30:00Z,11.224,beaver_creek_usgs_temp_3,60.65107,-151.09076,US/Alaska (UTC-9 / UTC-8),"west fork beaver creek, upstream of marathon road",Beaver Creek,STREAM,MAIN,TRUE,TRUE,TBD,FALSE
2022-08-18T08:45:00Z,11.224,beaver_creek_usgs_temp_3,60.65107,-151.09076,US/Alaska (UTC-9 / UTC-8),"west fork beaver creek, upstream of marathon road",Beaver Creek,STREAM,MAIN,TRUE,TRUE,TBD,FALSE
2022-08-18T09:00:00Z,11.224,beaver_creek_usgs_temp_3,60.65107,-151.09076,US/Alaska (UTC-9 / UTC-8),"west fork beaver creek, upstream of marathon road",Beaver Creek,STREAM,MAIN,TRUE,TRUE,TBD,FALSE
2022-08-18T09:15:00Z,11.224,beaver_creek_usgs_temp_3,60.65107,-151.09076,US/Alaska (UTC-9 / UTC-8),"west fork beaver creek, upstream of marathon road",Beaver Creek,STREAM,MAIN,TRUE,TRUE,TBD,FALSE
2022-08-18T09:30:00Z,11.224,beaver_creek_usgs_temp_3,60.65107,-151.09076,US/Alaska (UTC-9 / UTC-8),"west fork beaver creek, upstream of marathon road",Beaver Creek,STREAM,MAIN,TRUE,TRUE,TBD,FALSE
2022-08-18T09:45:00Z,11.224,beaver_creek_usgs_temp_3,60.65107,-151.09076,US/Alaska (UTC-9 / UTC-8),"west fork beaver creek, upstream of marathon road",Beaver Creek,STREAM,MAIN,TRUE,TRUE,TBD,FALSE
2022-08-18T10:00:00Z,11.273,beaver_creek_usgs_temp_3,60.65107,-151.09076,US/Alaska (UTC-9 / UTC-8),"west fork beaver creek, upstream of marathon road",Beaver Creek,STREAM,MAIN,TRUE,TRUE,TBD,FALSE
2022-08-18T10:15:00Z,11.297,beaver_creek_usgs_temp_3,60.65107,-151.09076,US/Alaska (UTC-9 / UTC-8),"west fork beaver creek, upstream of marathon road",Beaver Creek,STREAM,MAIN,TRUE,TRUE,TBD,FALSE
2022-08-18T10:30:00Z,11.321,beaver_creek_usgs_temp_3,60.65107,-151.09076,US/Alaska (UTC-9 / UTC-8),"west fork beaver creek, upstream of marathon road",Beaver Creek,STREAM,MAIN,TRUE,TRUE,TBD,FALSE
2022-08-18T10:45:00Z,11.346,beaver_creek_usgs_temp_3,60.65107,-151.09076,US/Alaska (UTC-9 / UTC-8),"west fork beaver creek, upstream of marathon road",Beaver Creek,STREAM,MAIN,TRUE,TRUE,TBD,FALSE
2022-08-18T11:00:00Z,11.419,beaver_creek_usgs_temp_3,60.65107,-151.09076,US/Alaska (UTC-9 / UTC-8),"west fork beaver creek, upstream of marathon road",Beaver Creek,STREAM,MAIN,TRUE,TRUE,TBD,FALSE
2022-08-18T11:15:00Z,11.467,beaver_creek_usgs_temp_3,60.65107,-151.09076,US/Alaska (UTC-9 / UTC-8),"west fork beaver creek, upstream of marathon road",Beaver Creek,STREAM,MAIN,TRUE,TRUE,TBD,FALSE
2022-08-18T11:30:00Z,11.589,beaver_creek_usgs_temp_3,60.65107,-151.09076,US/Alaska (UTC-9 / UTC-8),"west fork beaver creek, upstream of marathon road",Beaver Creek,STREAM,MAIN,TRUE,TRUE,TBD,FALSE
2022-08-18T11:45:00Z,11.686,beaver_creek_usgs_temp_3,60.65107,-151.09076,US/Alaska (UTC-9 / UTC-8),"west fork beaver creek, upstream of marathon road",Beaver Creek,STREAM,MAIN,TRUE,TRUE,TBD,FALSE
2022-08-18T12:00:00Z,11.734,beaver_creek_usgs_temp_3,60.65107,-151.09076,US/Alaska (UTC-9 / UTC-8),"west fork beaver creek, upstream of marathon road",Beaver Creek,STREAM,MAIN,TRUE,TRUE,TBD,FALSE
2022-08-18T12:15:00Z,11.759,beaver_creek_usgs_temp_3,60.65107,-151.09076,US/Alaska (UTC-9 / UTC-8),"west fork beaver creek, upstream of marathon road",Beaver Creek,STREAM,MAIN,TRUE,TRUE,TBD,FALSE
2022-08-18T12:30:00Z,11.807,beaver_creek_usgs_temp_3,60.65107,-151.09076,US/Alaska (UTC-9 / UTC-8),"west fork beaver creek, upstream of marathon road",Beaver Creek,STREAM,MAIN,TRUE,TRUE,TBD,FALSE
2022-08-18T12:45:00Z,11.88,beaver_creek_usgs_temp_3,60.65107,-151.09076,US/Alaska (UTC-9 / UTC-8),"west fork beaver creek, upstream of marathon road",Beaver Creek,STREAM,MAIN,TRUE,TRUE,TBD,FALSE
2022-08-18T13:00:00Z,11.929,beaver_creek_usgs_temp_3,60.65107,-151.09076,US/Alaska (UTC-9 / UTC-8),"west fork beaver creek, upstream of marathon road",Beaver Creek,STREAM,MAIN,TRUE,TRUE,TBD,FALSE
2022-08-18T13:15:00Z,12.001,beaver_creek_usgs_temp_3,60.65107,-151.09076,US/Alaska (UTC-9 / UTC-8),"west fork beaver creek, upstream of marathon road",Beaver Creek,STREAM,MAIN,TRUE,TRUE,TBD,FALSE
2022-08-18T13:30:00Z,12.074,beaver_creek_usgs_temp_3,60.65107,-151.09076,US/Alaska (UTC-9 / UTC-8),"west fork beaver creek, upstream of marathon road",Beaver Creek,STREAM,MAIN,TRUE,TRUE,TBD,FALSE
2022-08-18T13:45:00Z,12.122,beaver_creek_usgs_temp_3,60.65107,-151.09076,US/Alaska (UTC-9 / UTC-8),"west fork beaver creek, upstream of marathon road",Beaver Creek,STREAM,MAIN,TRUE,TRUE,TBD,FALSE
2022-08-18T14:00:00Z,12.171,beaver_creek_usgs_temp_3,60.65107,-151.09076,US/Alaska (UTC-9 / UTC-8),"west fork beaver creek, upstream of marathon road",Beaver Creek,STREAM,MAIN,TRUE,TRUE,TBD,FALSE
2022-08-18T14:15:00Z,12.219,beaver_creek_usgs_temp_3,60.65107,-151.09076,US/Alaska (UTC-9 / UTC-8),"west fork beaver creek, upstream of marathon road",Beaver Creek,STREAM,MAIN,TRUE,TRUE,TBD,FALSE
2022-08-18T14:30:00Z,12.268,beaver_creek_usgs_temp_3,60.65107,-151.09076,US/Alaska (UTC-9 / UTC-8),"west fork beaver creek, upstream of marathon road",Beaver Creek,STREAM,MAIN,TRUE,TRUE,TBD,FALSE
2022-08-18T14:45:00Z,12.389,beaver_creek_usgs_temp_3,60.65107,-151.09076,US/Alaska (UTC-9 / UTC-8),"west fork beaver creek, upstream of marathon road",Beaver Creek,STREAM,MAIN,TRUE,TRUE,TBD,FALSE
2022-08-18T15:00:00Z,12.509,beaver_creek_usgs_temp_3,60.65107,-151.09076,US/Alaska (UTC-9 / UTC-8),"west fork beaver creek, upstream of marathon road",Beaver Creek,STREAM,MAIN,TRUE,TRUE,TBD,FALSE
2022-08-18T15:15:00Z,12.654,beaver_creek_usgs_temp_3,60.65107,-151.09076,US/Alaska (UTC-9 / UTC-8),"west fork beaver creek, upstream of marathon road",Beaver Creek,STREAM,MAIN,TRUE,TRUE,TBD,FALSE
2022-08-18T15:30:00Z,12.775,beaver_creek_usgs_temp_3,60.65107,-151.09076,US/Alaska (UTC-9 / UTC-8),"west fork beaver creek, upstream of marathon road",Beaver Creek,STREAM,MAIN,TRUE,TRUE,TBD,FALSE
2022-08-18T15:45:00Z,12.92,beaver_creek_usgs_temp_3,60.65107,-151.09076,US/Alaska (UTC-9 / UTC-8),"west fork beaver creek, upstream of marathon road",Beaver Creek,STREAM,MAIN,TRUE,TRUE,TBD,FALSE
2022-08-18T16:00:00Z,13.064,beaver_creek_usgs_temp_3,60.65107,-151.09076,US/Alaska (UTC-9 / UTC-8),"west fork beaver creek, upstream of marathon road",Beaver Creek,STREAM,MAIN,TRUE,TRUE,TBD,FALSE
2022-08-18T16:15:00Z,13.161,beaver_creek_usgs_temp_3,60.65107,-151.09076,US/Alaska (UTC-9 / UTC-8),"west fork beaver creek, upstream of marathon road",Beaver Creek,STREAM,MAIN,TRUE,TRUE,TBD,FALSE
2022-08-18T16:30:00Z,13.233,beaver_creek_usgs_temp_3,60.65107,-151.09076,US/Alaska (UTC-9 / UTC-8),"west fork beaver creek, upstream of marathon road",Beaver Creek,STREAM,MAIN,TRUE,TRUE,TBD,FALSE
2022-08-18T16:45:00Z,13.233,beaver_creek_usgs_temp_3,60.65107,-151.09076,US/Alaska (UTC-9 / UTC-8),"west fork beaver creek, upstream of marathon road",Beaver Creek,STREAM,MAIN,TRUE,TRUE,TBD,FALSE
2022-08-18T17:00:00Z,13.281,beaver_creek_usgs_temp_3,60.65107,-151.09076,US/Alaska (UTC-9 / UTC-8),"west fork beaver creek, upstream of marathon road",Beaver Creek,STREAM,MAIN,TRUE,TRUE,TBD,FALSE
2022-08-18T17:15:00Z,13.305,beaver_creek_usgs_temp_3,60.65107,-151.09076,US/Alaska (UTC-9 / UTC-8),"west fork beaver creek, upstream of marathon road",Beaver Creek,STREAM,MAIN,TRUE,TRUE,TBD,FALSE
2022-08-18T17:30:00Z,13.305,beaver_creek_usgs_temp_3,60.65107,-151.09076,US/Alaska (UTC-9 / UTC-8),"west fork beaver creek, upstream of marathon road",Beaver Creek,STREAM,MAIN,TRUE,TRUE,TBD,FALSE
2022-08-18T17:45:00Z,13.329,beaver_creek_usgs_temp_3,60.65107,-151.09076,US/Alaska (UTC-9 / UTC-8),"west fork beaver creek, upstream of marathon road",Beaver Creek,STREAM,MAIN,TRUE,TRUE,TBD,FALSE
2022-08-18T18:00:00Z,13.329,beaver_creek_usgs_temp_3,60.65107,-151.09076,US/Alaska (UTC-9 / UTC-8),"west fork beaver creek, upstream of marathon road",Beaver Creek,STREAM,MAIN,TRUE,TRUE,TBD,FALSE
2022-08-18T18:15:00Z,13.353,beaver_creek_usgs_temp_3,60.65107,-151.09076,US/Alaska (UTC-9 / UTC-8),"west fork beaver creek, upstream of marathon road",Beaver Creek,STREAM,MAIN,TRUE,TRUE,TBD,FALSE
2022-08-18T18:30:00Z,13.377,beaver_creek_usgs_temp_3,60.65107,-151.09076,US/Alaska (UTC-9 / UTC-8),"west fork beaver creek, upstream of marathon road",Beaver Creek,STREAM,MAIN,TRUE,TRUE,TBD,FALSE
2022-08-18T18:45:00Z,13.377,beaver_creek_usgs_temp_3,60.65107,-151.09076,US/Alaska (UTC-9 / UTC-8),"west fork beaver creek, upstream of marathon road",Beaver Creek,STREAM,MAIN,TRUE,TRUE,TBD,FALSE
2022-08-18T19:00:00Z,13.401,beaver_creek_usgs_temp_3,60.65107,-151.09076,US/Alaska (UTC-9 / UTC-8),"west fork beaver creek, upstream of marathon road",Beaver Creek,STREAM,MAIN,TRUE,TRUE,TBD,FALSE
2022-08-18T19:15:00Z,13.401,beaver_creek_usgs_temp_3,60.65107,-151.09076,US/Alaska (UTC-9 / UTC-8),"west fork beaver creek, upstream of marathon road",Beaver Creek,STREAM,MAIN,TRUE,TRUE,TBD,FALSE
2022-08-18T19:30:00Z,13.425,beaver_creek_usgs_temp_3,60.65107,-151.09076,US/Alaska (UTC-9 / UTC-8),"west fork beaver creek, upstream of marathon road",Beaver Creek,STREAM,MAIN,TRUE,TRUE,TBD,FALSE
2022-08-18T19:45:00Z,13.449,beaver_creek_usgs_temp_3,60.65107,-151.09076,US/Alaska (UTC-9 / UTC-8),"west fork beaver creek, upstream of marathon road",Beaver Creek,STREAM,MAIN,TRUE,TRUE,TBD,FALSE
2022-08-18T20:00:00Z,13.425,beaver_creek_usgs_temp_3,60.65107,-151.09076,US/Alaska (UTC-9 / UTC-8),"west fork beaver creek, upstream of marathon road",Beaver Creek,STREAM,MAIN,TRUE,TRUE,TBD,FALSE
2022-08-18T20:15:00Z,13.425,beaver_creek_usgs_temp_3,60.65107,-151.09076,US/Alaska (UTC-9 / UTC-8),"west fork beaver creek, upstream of marathon road",Beaver Creek,STREAM,MAIN,TRUE,TRUE,TBD,FALSE
2022-08-18T20:30:00Z,13.473,beaver_creek_usgs_temp_3,60.65107,-151.09076,US/Alaska (UTC-9 / UTC-8),"west fork beaver creek, upstream of marathon road",Beaver Creek,STREAM,MAIN,TRUE,TRUE,TBD,FALSE
2022-08-18T20:45:00Z,13.473,beaver_creek_usgs_temp_3,60.65107,-151.09076,US/Alaska (UTC-9 / UTC-8),"west fork beaver creek, upstream of marathon road",Beaver Creek,STREAM,MAIN,TRUE,TRUE,TBD,FALSE
2022-08-18T21:00:00Z,13.473,beaver_creek_usgs_temp_3,60.65107,-151.09076,US/Alaska (UTC-9 / UTC-8),"west fork beaver creek, upstream of marathon road",Beaver Creek,STREAM,MAIN,TRUE,TRUE,TBD,FALSE
2022-08-18T21:15:00Z,13.473,beaver_creek_usgs_temp_3,60.65107,-151.09076,US/Alaska (UTC-9 / UTC-8),"west fork beaver creek, upstream of marathon road",Beaver Creek,STREAM,MAIN,TRUE,TRUE,TBD,FALSE
2022-08-18T21:30:00Z,13.473,beaver_creek_usgs_temp_3,60.65107,-151.09076,US/Alaska (UTC-9 / UTC-8),"west fork beaver creek, upstream of marathon road",Beaver Creek,STREAM,MAIN,TRUE,TRUE,TBD,FALSE
2022-08-18T21:45:00Z,13.449,beaver_creek_usgs_temp_3,60.65107,-151.09076,US/Alaska (UTC-9 / UTC-8),"west fork beaver creek, upstream of marathon road",Beaver Creek,STREAM,MAIN,TRUE,TRUE,TBD,FALSE
2022-08-18T22:00:00Z,13.425,beaver_creek_usgs_temp_3,60.65107,-151.09076,US/Alaska (UTC-9 / UTC-8),"west fork beaver creek, upstream of marathon road",Beaver Creek,STREAM,MAIN,TRUE,TRUE,TBD,FALSE
2022-08-18T22:15:00Z,13.401,beaver_creek_usgs_temp_3,60.65107,-151.09076,US/Alaska (UTC-9 / UTC-8),"west fork beaver creek, upstream of marathon road",Beaver Creek,STREAM,MAIN,TRUE,TRUE,TBD,FALSE
2022-08-18T22:30:00Z,13.377,beaver_creek_usgs_temp_3,60.65107,-151.09076,US/Alaska (UTC-9 / UTC-8),"west fork beaver creek, upstream of marathon road",Beaver Creek,STREAM,MAIN,TRUE,TRUE,TBD,FALSE
2022-08-18T22:45:00Z,13.353,beaver_creek_usgs_temp_3,60.65107,-151.09076,US/Alaska (UTC-9 / UTC-8),"west fork beaver creek, upstream of marathon road",Beaver Creek,STREAM,MAIN,TRUE,TRUE,TBD,FALSE
2022-08-18T23:00:00Z,13.329,beaver_creek_usgs_temp_3,60.65107,-151.09076,US/Alaska (UTC-9 / UTC-8),"west fork beaver creek, upstream of marathon road",Beaver Creek,STREAM,MAIN,TRUE,TRUE,TBD,FALSE
2022-08-18T23:15:00Z,13.329,beaver_creek_usgs_temp_3,60.65107,-151.09076,US/Alaska (UTC-9 / UTC-8),"west fork beaver creek, upstream of marathon road",Beaver Creek,STREAM,MAIN,TRUE,TRUE,TBD,FALSE
2022-08-18T23:30:00Z,13.281,beaver_creek_usgs_temp_3,60.65107,-151.09076,US/Alaska (UTC-9 / UTC-8),"west fork beaver creek, upstream of marathon road",Beaver Creek,STREAM,MAIN,TRUE,TRUE,TBD,FALSE
2022-08-18T23:45:00Z,13.257,beaver_creek_usgs_temp_3,60.65107,-151.09076,US/Alaska (UTC-9 / UTC-8),"west fork beaver creek, upstream of marathon road",Beaver Creek,STREAM,MAIN,TRUE,TRUE,TBD,FALSE
2022-08-19T00:00:00Z,13.233,beaver_creek_usgs_temp_3,60.65107,-151.09076,US/Alaska (UTC-9 / UTC-8),"west fork beaver creek, upstream of marathon road",Beaver Creek,STREAM,MAIN,TRUE,TRUE,TBD,FALSE
2022-08-19T00:15:00Z,13.233,beaver_creek_usgs_temp_3,60.65107,-151.09076,US/Alaska (UTC-9 / UTC-8),"west fork beaver creek, upstream of marathon road",Beaver Creek,STREAM,MAIN,TRUE,TRUE,TBD,FALSE
2022-08-19T00:30:00Z,13.233,beaver_creek_usgs_temp_3,60.65107,-151.09076,US/Alaska (UTC-9 / UTC-8),"west fork beaver creek, upstream of marathon road",Beaver Creek,STREAM,MAIN,TRUE,TRUE,TBD,FALSE
2022-08-19T00:45:00Z,13.233,beaver_creek_usgs_temp_3,60.65107,-151.09076,US/Alaska (UTC-9 / UTC-8),"west fork beaver creek, upstream of marathon road",Beaver Creek,STREAM,MAIN,TRUE,TRUE,TBD,FALSE
2022-08-19T01:00:00Z,13.209,beaver_creek_usgs_temp_3,60.65107,-151.09076,US/Alaska (UTC-9 / UTC-8),"west fork beaver creek, upstream of marathon road",Beaver Creek,STREAM,MAIN,TRUE,TRUE,TBD,FALSE
2022-08-19T01:15:00Z,13.209,beaver_creek_usgs_temp_3,60.65107,-151.09076,US/Alaska (UTC-9 / UTC-8),"west fork beaver creek, upstream of marathon road",Beaver Creek,STREAM,MAIN,TRUE,TRUE,TBD,FALSE
2022-08-19T01:30:00Z,13.233,beaver_creek_usgs_temp_3,60.65107,-151.09076,US/Alaska (UTC-9 / UTC-8),"west fork beaver creek, upstream of marathon road",Beaver Creek,STREAM,MAIN,TRUE,TRUE,TBD,FALSE
2022-08-19T01:45:00Z,13.209,beaver_creek_usgs_temp_3,60.65107,-151.09076,US/Alaska (UTC-9 / UTC-8),"west fork beaver creek, upstream of marathon road",Beaver Creek,STREAM,MAIN,TRUE,TRUE,TBD,FALSE
2022-08-19T02:00:00Z,13.233,beaver_creek_usgs_temp_3,60.65107,-151.09076,US/Alaska (UTC-9 / UTC-8),"west fork beaver creek, upstream of marathon road",Beaver Creek,STREAM,MAIN,TRUE,TRUE,TBD,FALSE
2022-08-19T02:15:00Z,13.209,beaver_creek_usgs_temp_3,60.65107,-151.09076,US/Alaska (UTC-9 / UTC-8),"west fork beaver creek, upstream of marathon road",Beaver Creek,STREAM,MAIN,TRUE,TRUE,TBD,FALSE
2022-08-19T02:30:00Z,13.209,beaver_creek_usgs_temp_3,60.65107,-151.09076,US/Alaska (UTC-9 / UTC-8),"west fork beaver creek, upstream of marathon road",Beaver Creek,STREAM,MAIN,TRUE,TRUE,TBD,FALSE
2022-08-19T02:45:00Z,13.209,beaver_creek_usgs_temp_3,60.65107,-151.09076,US/Alaska (UTC-9 / UTC-8),"west fork beaver creek, upstream of marathon road",Beaver Creek,STREAM,MAIN,TRUE,TRUE,TBD,FALSE
2022-08-19T03:00:00Z,13.185,beaver_creek_usgs_temp_3,60.65107,-151.09076,US/Alaska (UTC-9 / UTC-8),"west fork beaver creek, upstream of marathon road",Beaver Creek,STREAM,MAIN,TRUE,TRUE,TBD,FALSE
2022-08-19T03:15:00Z,13.185,beaver_creek_usgs_temp_3,60.65107,-151.09076,US/Alaska (UTC-9 / UTC-8),"west fork beaver creek, upstream of marathon road",Beaver Creek,STREAM,MAIN,TRUE,TRUE,TBD,FALSE
2022-08-19T03:30:00Z,13.185,beaver_creek_usgs_temp_3,60.65107,-151.09076,US/Alaska (UTC-9 / UTC-8),"west fork beaver creek, upstream of marathon road",Beaver Creek,STREAM,MAIN,TRUE,TRUE,TBD,FALSE
2022-08-19T03:45:00Z,13.185,beaver_creek_usgs_temp_3,60.65107,-151.09076,US/Alaska (UTC-9 / UTC-8),"west fork beaver creek, upstream of marathon road",Beaver Creek,STREAM,MAIN,TRUE,TRUE,TBD,FALSE
2022-08-19T04:00:00Z,13.185,beaver_creek_usgs_temp_3,60.65107,-151.09076,US/Alaska (UTC-9 / UTC-8),"west fork beaver creek, upstream of marathon road",Beaver Creek,STREAM,MAIN,TRUE,TRUE,TBD,FALSE
2022-08-19T04:15:00Z,13.137,beaver_creek_usgs_temp_3,60.65107,-151.09076,US/Alaska (UTC-9 / UTC-8),"west fork beaver creek, upstream of marathon road",Beaver Creek,STREAM,MAIN,TRUE,TRUE,TBD,FALSE
2022-08-19T04:30:00Z,13.161,beaver_creek_usgs_temp_3,60.65107,-151.09076,US/Alaska (UTC-9 / UTC-8),"west fork beaver creek, upstream of marathon road",Beaver Creek,STREAM,MAIN,TRUE,TRUE,TBD,FALSE
2022-08-19T04:45:00Z,13.137,beaver_creek_usgs_temp_3,60.65107,-151.09076,US/Alaska (UTC-9 / UTC-8),"west fork beaver creek, upstream of marathon road",Beaver Creek,STREAM,MAIN,TRUE,TRUE,TBD,FALSE
2022-08-19T05:00:00Z,13.137,beaver_creek_usgs_temp_3,60.65107,-151.09076,US/Alaska (UTC-9 / UTC-8),"west fork beaver creek, upstream of marathon road",Beaver Creek,STREAM,MAIN,TRUE,TRUE,TBD,FALSE
2022-08-19T05:15:00Z,13.112,beaver_creek_usgs_temp_3,60.65107,-151.09076,US/Alaska (UTC-9 / UTC-8),"west fork beaver creek, upstream of marathon road",Beaver Creek,STREAM,MAIN,TRUE,TRUE,TBD,FALSE
2022-08-19T05:30:00Z,13.112,beaver_creek_usgs_temp_3,60.65107,-151.09076,US/Alaska (UTC-9 / UTC-8),"west fork beaver creek, upstream of marathon road",Beaver Creek,STREAM,MAIN,TRUE,TRUE,TBD,FALSE
2022-08-19T05:45:00Z,13.088,beaver_creek_usgs_temp_3,60.65107,-151.09076,US/Alaska (UTC-9 / UTC-8),"west fork beaver creek, upstream of marathon road",Beaver Creek,STREAM,MAIN,TRUE,TRUE,TBD,FALSE
2022-08-19T06:00:00Z,13.088,beaver_creek_usgs_temp_3,60.65107,-151.09076,US/Alaska (UTC-9 / UTC-8),"west fork beaver creek, upstream of marathon road",Beaver Creek,STREAM,MAIN,TRUE,TRUE,TBD,FALSE
2022-08-19T06:15:00Z,13.064,beaver_creek_usgs_temp_3,60.65107,-151.09076,US/Alaska (UTC-9 / UTC-8),"west fork beaver creek, upstream of marathon road",Beaver Creek,STREAM,MAIN,TRUE,TRUE,TBD,FALSE
2022-08-19T06:30:00Z,13.04,beaver_creek_usgs_temp_3,60.65107,-151.09076,US/Alaska (UTC-9 / UTC-8),"west fork beaver creek, upstream of marathon road",Beaver Creek,STREAM,MAIN,TRUE,TRUE,TBD,FALSE
2022-08-19T06:45:00Z,13.04,beaver_creek_usgs_temp_3,60.65107,-151.09076,US/Alaska (UTC-9 / UTC-8),"west fork beaver creek, upstream of marathon road",Beaver Creek,STREAM,MAIN,TRUE,TRUE,TBD,FALSE
2022-08-19T07:00:00Z,12.992,beaver_creek_usgs_temp_3,60.65107,-151.09076,US/Alaska (UTC-9 / UTC-8),"west fork beaver creek, upstream of marathon road",Beaver Creek,STREAM,MAIN,TRUE,TRUE,TBD,FALSE
2022-08-19T07:15:00Z,12.992,beaver_creek_usgs_temp_3,60.65107,-151.09076,US/Alaska (UTC-9 / UTC-8),"west fork beaver creek, upstream of marathon road",Beaver Creek,STREAM,MAIN,TRUE,TRUE,TBD,FALSE
2022-08-19T07:30:00Z,12.968,beaver_creek_usgs_temp_3,60.65107,-151.09076,US/Alaska (UTC-9 / UTC-8),"west fork beaver creek, upstream of marathon road",Beaver Creek,STREAM,MAIN,TRUE,TRUE,TBD,FALSE
2022-08-19T07:45:00Z,12.968,beaver_creek_usgs_temp_3,60.65107,-151.09076,US/Alaska (UTC-9 / UTC-8),"west fork beaver creek, upstream of marathon road",Beaver Creek,STREAM,MAIN,TRUE,TRUE,TBD,FALSE
2022-08-19T08:00:00Z,12.944,beaver_creek_usgs_temp_3,60.65107,-151.09076,US/Alaska (UTC-9 / UTC-8),"west fork beaver creek, upstream of marathon road",Beaver Creek,STREAM,MAIN,TRUE,TRUE,TBD,FALSE
2022-08-19T08:15:00Z,12.944,beaver_creek_usgs_temp_3,60.65107,-151.09076,US/Alaska (UTC-9 / UTC-8),"west fork beaver creek, upstream of marathon road",Beaver Creek,STREAM,MAIN,TRUE,TRUE,TBD,FALSE
2022-08-19T08:30:00Z,12.92,beaver_creek_usgs_temp_3,60.65107,-151.09076,US/Alaska (UTC-9 / UTC-8),"west fork beaver creek, upstream of marathon road",Beaver Creek,STREAM,MAIN,TRUE,TRUE,TBD,FALSE
2022-08-19T08:45:00Z,12.92,beaver_creek_usgs_temp_3,60.65107,-151.09076,US/Alaska (UTC-9 / UTC-8),"west fork beaver creek, upstream of marathon road",Beaver Creek,STREAM,MAIN,TRUE,TRUE,TBD,FALSE
2022-08-19T09:00:00Z,12.896,beaver_creek_usgs_temp_3,60.65107,-151.09076,US/Alaska (UTC-9 / UTC-8),"west fork beaver creek, upstream of marathon road",Beaver Creek,STREAM,MAIN,TRUE,TRUE,TBD,FALSE
2022-08-19T09:15:00Z,12.896,beaver_creek_usgs_temp_3,60.65107,-151.09076,US/Alaska (UTC-9 / UTC-8),"west fork beaver creek, upstream of marathon road",Beaver Creek,STREAM,MAIN,TRUE,TRUE,TBD,FALSE
2022-08-19T09:30:00Z,12.871,beaver_creek_usgs_temp_3,60.65107,-151.09076,US/Alaska (UTC-9 / UTC-8),"west fork beaver creek, upstream of marathon road",Beaver Creek,STREAM,MAIN,TRUE,TRUE,TBD,FALSE
2022-08-19T09:45:00Z,12.847,beaver_creek_usgs_temp_3,60.65107,-151.09076,US/Alaska (UTC-9 / UTC-8),"west fork beaver creek, upstream of marathon road",Beaver Creek,STREAM,MAIN,TRUE,TRUE,TBD,FALSE
2022-08-19T10:00:00Z,12.871,beaver_creek_usgs_temp_3,60.65107,-151.09076,US/Alaska (UTC-9 / UTC-8),"west fork beaver creek, upstream of marathon road",Beaver Creek,STREAM,MAIN,TRUE,TRUE,TBD,FALSE
2022-08-19T10:15:00Z,12.847,beaver_creek_usgs_temp_3,60.65107,-151.09076,US/Alaska (UTC-9 / UTC-8),"west fork beaver creek, upstream of marathon road",Beaver Creek,STREAM,MAIN,TRUE,TRUE,TBD,FALSE
2022-08-19T10:30:00Z,12.847,beaver_creek_usgs_temp_3,60.65107,-151.09076,US/Alaska (UTC-9 / UTC-8),"west fork beaver creek, upstream of marathon road",Beaver Creek,STREAM,MAIN,TRUE,TRUE,TBD,FALSE
2022-08-19T10:45:00Z,12.847,beaver_creek_usgs_temp_3,60.65107,-151.09076,US/Alaska (UTC-9 / UTC-8),"west fork beaver creek, upstream of marathon road",Beaver Creek,STREAM,MAIN,TRUE,TRUE,TBD,FALSE
2022-08-19T11:00:00Z,12.823,beaver_creek_usgs_temp_3,60.65107,-151.09076,US/Alaska (UTC-9 / UTC-8),"west fork beaver creek, upstream of marathon road",Beaver Creek,STREAM,MAIN,TRUE,TRUE,TBD,FALSE
2022-08-19T11:15:00Z,12.823,beaver_creek_usgs_temp_3,60.65107,-151.09076,US/Alaska (UTC-9 / UTC-8),"west fork beaver creek, upstream of marathon road",Beaver Creek,STREAM,MAIN,TRUE,TRUE,TBD,FALSE
2022-08-19T11:30:00Z,12.823,beaver_creek_usgs_temp_3,60.65107,-151.09076,US/Alaska (UTC-9 / UTC-8),"west fork beaver creek, upstream of marathon road",Beaver Creek,STREAM,MAIN,TRUE,TRUE,TBD,FALSE
2022-08-19T11:45:00Z,12.823,beaver_creek_usgs_temp_3,60.65107,-151.09076,US/Alaska (UTC-9 / UTC-8),"west fork beaver creek, upstream of marathon road",Beaver Creek,STREAM,MAIN,TRUE,TRUE,TBD,FALSE
2022-08-19T12:00:00Z,12.823,beaver_creek_usgs_temp_3,60.65107,-151.09076,US/Alaska (UTC-9 / UTC-8),"west fork beaver creek, upstream of marathon road",Beaver Creek,STREAM,MAIN,TRUE,TRUE,TBD,FALSE
2022-08-19T12:15:00Z,12.823,beaver_creek_usgs_temp_3,60.65107,-151.09076,US/Alaska (UTC-9 / UTC-8),"west fork beaver creek, upstream of marathon road",Beaver Creek,STREAM,MAIN,TRUE,TRUE,TBD,FALSE
2022-08-19T12:30:00Z,12.847,beaver_creek_usgs_temp_3,60.65107,-151.09076,US/Alaska (UTC-9 / UTC-8),"west fork beaver creek, upstream of marathon road",Beaver Creek,STREAM,MAIN,TRUE,TRUE,TBD,FALSE
2022-08-19T12:45:00Z,12.871,beaver_creek_usgs_temp_3,60.65107,-151.09076,US/Alaska (UTC-9 / UTC-8),"west fork beaver creek, upstream of marathon road",Beaver Creek,STREAM,MAIN,TRUE,TRUE,TBD,FALSE
2022-08-19T13:00:00Z,12.896,beaver_creek_usgs_temp_3,60.65107,-151.09076,US/Alaska (UTC-9 / UTC-8),"west fork beaver creek, upstream of marathon road",Beaver Creek,STREAM,MAIN,TRUE,TRUE,TBD,FALSE
2022-08-19T13:15:00Z,12.896,beaver_creek_usgs_temp_3,60.65107,-151.09076,US/Alaska (UTC-9 / UTC-8),"west fork beaver creek, upstream of marathon road",Beaver Creek,STREAM,MAIN,TRUE,TRUE,TBD,FALSE
2022-08-19T13:30:00Z,12.92,beaver_creek_usgs_temp_3,60.65107,-151.09076,US/Alaska (UTC-9 / UTC-8),"west fork beaver creek, upstream of marathon road",Beaver Creek,STREAM,MAIN,TRUE,TRUE,TBD,FALSE
2022-08-19T13:45:00Z,12.944,beaver_creek_usgs_temp_3,60.65107,-151.09076,US/Alaska (UTC-9 / UTC-8),"west fork beaver creek, upstream of marathon road",Beaver Creek,STREAM,MAIN,TRUE,TRUE,TBD,FALSE
2022-08-19T14:00:00Z,12.944,beaver_creek_usgs_temp_3,60.65107,-151.09076,US/Alaska (UTC-9 / UTC-8),"west fork beaver creek, upstream of marathon road",Beaver Creek,STREAM,MAIN,TRUE,TRUE,TBD,FALSE
2022-08-19T14:15:00Z,12.968,beaver_creek_usgs_temp_3,60.65107,-151.09076,US/Alaska (UTC-9 / UTC-8),"west fork beaver creek, upstream of marathon road",Beaver Creek,STREAM,MAIN,TRUE,TRUE,TBD,FALSE
2022-08-19T14:30:00Z,12.992,beaver_creek_usgs_temp_3,60.65107,-151.09076,US/Alaska (UTC-9 / UTC-8),"west fork beaver creek, upstream of marathon road",Beaver Creek,STREAM,MAIN,TRUE,TRUE,TBD,FALSE
2022-08-19T14:45:00Z,12.992,beaver_creek_usgs_temp_3,60.65107,-151.09076,US/Alaska (UTC-9 / UTC-8),"west fork beaver creek, upstream of marathon road",Beaver Creek,STREAM,MAIN,TRUE,TRUE,TBD,FALSE
2022-08-19T15:00:00Z,12.992,beaver_creek_usgs_temp_3,60.65107,-151.09076,US/Alaska (UTC-9 / UTC-8),"west fork beaver creek, upstream of marathon road",Beaver Creek,STREAM,MAIN,TRUE,TRUE,TBD,FALSE
2022-08-19T15:15:00Z,13.016,beaver_creek_usgs_temp_3,60.65107,-151.09076,US/Alaska (UTC-9 / UTC-8),"west fork beaver creek, upstream of marathon road",Beaver Creek,STREAM,MAIN,TRUE,TRUE,TBD,FALSE
2022-08-19T15:30:00Z,13.04,beaver_creek_usgs_temp_3,60.65107,-151.09076,US/Alaska (UTC-9 / UTC-8),"west fork beaver creek, upstream of marathon road",Beaver Creek,STREAM,MAIN,TRUE,TRUE,TBD,FALSE
2022-08-19T15:45:00Z,13.04,beaver_creek_usgs_temp_3,60.65107,-151.09076,US/Alaska (UTC-9 / UTC-8),"west fork beaver creek, upstream of marathon road",Beaver Creek,STREAM,MAIN,TRUE,TRUE,TBD,FALSE
2022-08-19T16:00:00Z,13.04,beaver_creek_usgs_temp_3,60.65107,-151.09076,US/Alaska (UTC-9 / UTC-8),"west fork beaver creek, upstream of marathon road",Beaver Creek,STREAM,MAIN,TRUE,TRUE,TBD,FALSE
2022-08-19T16:15:00Z,13.064,beaver_creek_usgs_temp_3,60.65107,-151.09076,US/Alaska (UTC-9 / UTC-8),"west fork beaver creek, upstream of marathon road",Beaver Creek,STREAM,MAIN,TRUE,TRUE,TBD,FALSE
2022-08-19T16:30:00Z,13.112,beaver_creek_usgs_temp_3,60.65107,-151.09076,US/Alaska (UTC-9 / UTC-8),"west fork beaver creek, upstream of marathon road",Beaver Creek,STREAM,MAIN,TRUE,TRUE,TBD,FALSE
2022-08-19T16:45:00Z,13.137,beaver_creek_usgs_temp_3,60.65107,-151.09076,US/Alaska (UTC-9 / UTC-8),"west fork beaver creek, upstream of marathon road",Beaver Creek,STREAM,MAIN,TRUE,TRUE,TBD,FALSE
2022-08-19T17:00:00Z,13.161,beaver_creek_usgs_temp_3,60.65107,-151.09076,US/Alaska (UTC-9 / UTC-8),"west fork beaver creek, upstream of marathon road",Beaver Creek,STREAM,MAIN,TRUE,TRUE,TBD,FALSE
2022-08-19T17:15:00Z,13.185,beaver_creek_usgs_temp_3,60.65107,-151.09076,US/Alaska (UTC-9 / UTC-8),"west fork beaver creek, upstream of marathon road",Beaver Creek,STREAM,MAIN,TRUE,TRUE,TBD,FALSE
2022-08-19T17:30:00Z,13.185,beaver_creek_usgs_temp_3,60.65107,-151.09076,US/Alaska (UTC-9 / UTC-8),"west fork beaver creek, upstream of marathon road",Beaver Creek,STREAM,MAIN,TRUE,TRUE,TBD,FALSE
2022-08-19T17:45:00Z,13.209,beaver_creek_usgs_temp_3,60.65107,-151.09076,US/Alaska (UTC-9 / UTC-8),"west fork beaver creek, upstream of marathon road",Beaver Creek,STREAM,MAIN,TRUE,TRUE,TBD,FALSE
2022-08-19T18:00:00Z,13.233,beaver_creek_usgs_temp_3,60.65107,-151.09076,US/Alaska (UTC-9 / UTC-8),"west fork beaver creek, upstream of marathon road",Beaver Creek,STREAM,MAIN,TRUE,TRUE,TBD,FALSE
2022-08-19T18:15:00Z,13.233,beaver_creek_usgs_temp_3,60.65107,-151.09076,US/Alaska (UTC-9 / UTC-8),"west fork beaver creek, upstream of marathon road",Beaver Creek,STREAM,MAIN,TRUE,TRUE,TBD,FALSE
2022-08-19T18:30:00Z,13.233,beaver_creek_usgs_temp_3,60.65107,-151.09076,US/Alaska (UTC-9 / UTC-8),"west fork beaver creek, upstream of marathon road",Beaver Creek,STREAM,MAIN,TRUE,TRUE,TBD,FALSE
2022-08-19T18:45:00Z,13.233,beaver_creek_usgs_temp_3,60.65107,-151.09076,US/Alaska (UTC-9 / UTC-8),"west fork beaver creek, upstream of marathon road",Beaver Creek,STREAM,MAIN,TRUE,TRUE,TBD,FALSE
2022-08-19T19:00:00Z,13.233,beaver_creek_usgs_temp_3,60.65107,-151.09076,US/Alaska (UTC-9 / UTC-8),"west fork beaver creek, upstream of marathon road",Beaver Creek,STREAM,MAIN,TRUE,TRUE,TBD,FALSE
2022-08-19T19:15:00Z,13.233,beaver_creek_usgs_temp_3,60.65107,-151.09076,US/Alaska (UTC-9 / UTC-8),"west fork beaver creek, upstream of marathon road",Beaver Creek,STREAM,MAIN,TRUE,TRUE,TBD,FALSE
2022-08-19T19:30:00Z,13.233,beaver_creek_usgs_temp_3,60.65107,-151.09076,US/Alaska (UTC-9 / UTC-8),"west fork beaver creek, upstream of marathon road",Beaver Creek,STREAM,MAIN,TRUE,TRUE,TBD,FALSE
2022-08-19T19:45:00Z,13.233,beaver_creek_usgs_temp_3,60.65107,-151.09076,US/Alaska (UTC-9 / UTC-8),"west fork beaver creek, upstream of marathon road",Beaver Creek,STREAM,MAIN,TRUE,TRUE,TBD,FALSE
2022-08-19T20:00:00Z,13.233,beaver_creek_usgs_temp_3,60.65107,-151.09076,US/Alaska (UTC-9 / UTC-8),"west fork beaver creek, upstream of marathon road",Beaver Creek,STREAM,MAIN,TRUE,TRUE,TBD,FALSE
2022-08-19T20:15:00Z,13.233,beaver_creek_usgs_temp_3,60.65107,-151.09076,US/Alaska (UTC-9 / UTC-8),"west fork beaver creek, upstream of marathon road",Beaver Creek,STREAM,MAIN,TRUE,TRUE,TBD,FALSE
2022-08-19T20:30:00Z,13.233,beaver_creek_usgs_temp_3,60.65107,-151.09076,US/Alaska (UTC-9 / UTC-8),"west fork beaver creek, upstream of marathon road",Beaver Creek,STREAM,MAIN,TRUE,TRUE,TBD,FALSE
2022-08-19T20:45:00Z,13.209,beaver_creek_usgs_temp_3,60.65107,-151.09076,US/Alaska (UTC-9 / UTC-8),"west fork beaver creek, upstream of marathon road",Beaver Creek,STREAM,MAIN,TRUE,TRUE,TBD,FALSE
2022-08-19T21:00:00Z,13.209,beaver_creek_usgs_temp_3,60.65107,-151.09076,US/Alaska (UTC-9 / UTC-8),"west fork beaver creek, upstream of marathon road",Beaver Creek,STREAM,MAIN,TRUE,TRUE,TBD,FALSE
2022-08-19T21:15:00Z,13.185,beaver_creek_usgs_temp_3,60.65107,-151.09076,US/Alaska (UTC-9 / UTC-8),"west fork beaver creek, upstream of marathon road",Beaver Creek,STREAM,MAIN,TRUE,TRUE,TBD,FALSE
2022-08-19T21:30:00Z,13.185,beaver_creek_usgs_temp_3,60.65107,-151.09076,US/Alaska (UTC-9 / UTC-8),"west fork beaver creek, upstream of marathon road",Beaver Creek,STREAM,MAIN,TRUE,TRUE,TBD,FALSE
2022-08-19T21:45:00Z,13.161,beaver_creek_usgs_temp_3,60.65107,-151.09076,US/Alaska (UTC-9 / UTC-8),"west fork beaver creek, upstream of marathon road",Beaver Creek,STREAM,MAIN,TRUE,TRUE,TBD,FALSE
2022-08-19T22:00:00Z,13.137,beaver_creek_usgs_temp_3,60.65107,-151.09076,US/Alaska (UTC-9 / UTC-8),"west fork beaver creek, upstream of marathon road",Beaver Creek,STREAM,MAIN,TRUE,TRUE,TBD,FALSE
2022-08-19T22:15:00Z,13.137,beaver_creek_usgs_temp_3,60.65107,-151.09076,US/Alaska (UTC-9 / UTC-8),"west fork beaver creek, upstream of marathon road",Beaver Creek,STREAM,MAIN,TRUE,TRUE,TBD,FALSE
2022-08-19T22:30:00Z,13.112,beaver_creek_usgs_temp_3,60.65107,-151.09076,US/Alaska (UTC-9 / UTC-8),"west fork beaver creek, upstream of marathon road",Beaver Creek,STREAM,MAIN,TRUE,TRUE,TBD,FALSE
2022-08-19T22:45:00Z,13.088,beaver_creek_usgs_temp_3,60.65107,-151.09076,US/Alaska (UTC-9 / UTC-8),"west fork beaver creek, upstream of marathon road",Beaver Creek,STREAM,MAIN,TRUE,TRUE,TBD,FALSE
2022-08-19T23:00:00Z,13.088,beaver_creek_usgs_temp_3,60.65107,-151.09076,US/Alaska (UTC-9 / UTC-8),"west fork beaver creek, upstream of marathon road",Beaver Creek,STREAM,MAIN,TRUE,TRUE,TBD,FALSE
2022-08-19T23:15:00Z,13.064,beaver_creek_usgs_temp_3,60.65107,-151.09076,US/Alaska (UTC-9 / UTC-8),"west fork beaver creek, upstream of marathon road",Beaver Creek,STREAM,MAIN,TRUE,TRUE,TBD,FALSE
2022-08-19T23:30:00Z,13.04,beaver_creek_usgs_temp_3,60.65107,-151.09076,US/Alaska (UTC-9 / UTC-8),"west fork beaver creek, upstream of marathon road",Beaver Creek,STREAM,MAIN,TRUE,TRUE,TBD,FALSE
2022-08-19T23:45:00Z,13.016,beaver_creek_usgs_temp_3,60.65107,-151.09076,US/Alaska (UTC-9 / UTC-8),"west fork beaver creek, upstream of marathon road",Beaver Creek,STREAM,MAIN,TRUE,TRUE,TBD,FALSE
2022-08-20T00:00:00Z,12.992,beaver_creek_usgs_temp_3,60.65107,-151.09076,US/Alaska (UTC-9 / UTC-8),"west fork beaver creek, upstream of marathon road",Beaver Creek,STREAM,MAIN,TRUE,TRUE,TBD,FALSE
2022-08-20T00:15:00Z,12.968,beaver_creek_usgs_temp_3,60.65107,-151.09076,US/Alaska (UTC-9 / UTC-8),"west fork beaver creek, upstream of marathon road",Beaver Creek,STREAM,MAIN,TRUE,TRUE,TBD,FALSE
2022-08-20T00:30:00Z,12.944,beaver_creek_usgs_temp_3,60.65107,-151.09076,US/Alaska (UTC-9 / UTC-8),"west fork beaver creek, upstream of marathon road",Beaver Creek,STREAM,MAIN,TRUE,TRUE,TBD,FALSE
2022-08-20T00:45:00Z,12.944,beaver_creek_usgs_temp_3,60.65107,-151.09076,US/Alaska (UTC-9 / UTC-8),"west fork beaver creek, upstream of marathon road",Beaver Creek,STREAM,MAIN,TRUE,TRUE,TBD,FALSE
2022-08-20T01:00:00Z,12.92,beaver_creek_usgs_temp_3,60.65107,-151.09076,US/Alaska (UTC-9 / UTC-8),"west fork beaver creek, upstream of marathon road",Beaver Creek,STREAM,MAIN,TRUE,TRUE,TBD,FALSE
2022-08-20T01:15:00Z,12.896,beaver_creek_usgs_temp_3,60.65107,-151.09076,US/Alaska (UTC-9 / UTC-8),"west fork beaver creek, upstream of marathon road",Beaver Creek,STREAM,MAIN,TRUE,TRUE,TBD,FALSE
2022-08-20T01:30:00Z,12.871,beaver_creek_usgs_temp_3,60.65107,-151.09076,US/Alaska (UTC-9 / UTC-8),"west fork beaver creek, upstream of marathon road",Beaver Creek,STREAM,MAIN,TRUE,TRUE,TBD,FALSE
2022-08-20T01:45:00Z,12.847,beaver_creek_usgs_temp_3,60.65107,-151.09076,US/Alaska (UTC-9 / UTC-8),"west fork beaver creek, upstream of marathon road",Beaver Creek,STREAM,MAIN,TRUE,TRUE,TBD,FALSE
2022-08-20T02:00:00Z,12.847,beaver_creek_usgs_temp_3,60.65107,-151.09076,US/Alaska (UTC-9 / UTC-8),"west fork beaver creek, upstream of marathon road",Beaver Creek,STREAM,MAIN,TRUE,TRUE,TBD,FALSE
2022-08-20T02:15:00Z,12.799,beaver_creek_usgs_temp_3,60.65107,-151.09076,US/Alaska (UTC-9 / UTC-8),"west fork beaver creek, upstream of marathon road",Beaver Creek,STREAM,MAIN,TRUE,TRUE,TBD,FALSE
2022-08-20T02:30:00Z,12.799,beaver_creek_usgs_temp_3,60.65107,-151.09076,US/Alaska (UTC-9 / UTC-8),"west fork beaver creek, upstream of marathon road",Beaver Creek,STREAM,MAIN,TRUE,TRUE,TBD,FALSE
2022-08-20T02:45:00Z,12.775,beaver_creek_usgs_temp_3,60.65107,-151.09076,US/Alaska (UTC-9 / UTC-8),"west fork beaver creek, upstream of marathon road",Beaver Creek,STREAM,MAIN,TRUE,TRUE,TBD,FALSE
2022-08-20T03:00:00Z,12.751,beaver_creek_usgs_temp_3,60.65107,-151.09076,US/Alaska (UTC-9 / UTC-8),"west fork beaver creek, upstream of marathon road",Beaver Creek,STREAM,MAIN,TRUE,TRUE,TBD,FALSE
2022-08-20T03:15:00Z,12.727,beaver_creek_usgs_temp_3,60.65107,-151.09076,US/Alaska (UTC-9 / UTC-8),"west fork beaver creek, upstream of marathon road",Beaver Creek,STREAM,MAIN,TRUE,TRUE,TBD,FALSE
2022-08-20T03:30:00Z,12.703,beaver_creek_usgs_temp_3,60.65107,-151.09076,US/Alaska (UTC-9 / UTC-8),"west fork beaver creek, upstream of marathon road",Beaver Creek,STREAM,MAIN,TRUE,TRUE,TBD,FALSE
2022-08-20T03:45:00Z,12.678,beaver_creek_usgs_temp_3,60.65107,-151.09076,US/Alaska (UTC-9 / UTC-8),"west fork beaver creek, upstream of marathon road",Beaver Creek,STREAM,MAIN,TRUE,TRUE,TBD,FALSE
2022-08-20T04:00:00Z,12.654,beaver_creek_usgs_temp_3,60.65107,-151.09076,US/Alaska (UTC-9 / UTC-8),"west fork beaver creek, upstream of marathon road",Beaver Creek,STREAM,MAIN,TRUE,TRUE,TBD,FALSE
2022-08-20T04:15:00Z,12.63,beaver_creek_usgs_temp_3,60.65107,-151.09076,US/Alaska (UTC-9 / UTC-8),"west fork beaver creek, upstream of marathon road",Beaver Creek,STREAM,MAIN,TRUE,TRUE,TBD,FALSE
2022-08-20T04:30:00Z,12.606,beaver_creek_usgs_temp_3,60.65107,-151.09076,US/Alaska (UTC-9 / UTC-8),"west fork beaver creek, upstream of marathon road",Beaver Creek,STREAM,MAIN,TRUE,TRUE,TBD,FALSE
2022-08-20T04:45:00Z,12.606,beaver_creek_usgs_temp_3,60.65107,-151.09076,US/Alaska (UTC-9 / UTC-8),"west fork beaver creek, upstream of marathon road",Beaver Creek,STREAM,MAIN,TRUE,TRUE,TBD,FALSE
2022-08-20T05:00:00Z,12.558,beaver_creek_usgs_temp_3,60.65107,-151.09076,US/Alaska (UTC-9 / UTC-8),"west fork beaver creek, upstream of marathon road",Beaver Creek,STREAM,MAIN,TRUE,TRUE,TBD,FALSE
2022-08-20T05:15:00Z,12.558,beaver_creek_usgs_temp_3,60.65107,-151.09076,US/Alaska (UTC-9 / UTC-8),"west fork beaver creek, upstream of marathon road",Beaver Creek,STREAM,MAIN,TRUE,TRUE,TBD,FALSE
2022-08-20T05:30:00Z,12.509,beaver_creek_usgs_temp_3,60.65107,-151.09076,US/Alaska (UTC-9 / UTC-8),"west fork beaver creek, upstream of marathon road",Beaver Creek,STREAM,MAIN,TRUE,TRUE,TBD,FALSE
2022-08-20T05:45:00Z,12.509,beaver_creek_usgs_temp_3,60.65107,-151.09076,US/Alaska (UTC-9 / UTC-8),"west fork beaver creek, upstream of marathon road",Beaver Creek,STREAM,MAIN,TRUE,TRUE,TBD,FALSE
2022-08-20T06:00:00Z,12.485,beaver_creek_usgs_temp_3,60.65107,-151.09076,US/Alaska (UTC-9 / UTC-8),"west fork beaver creek, upstream of marathon road",Beaver Creek,STREAM,MAIN,TRUE,TRUE,TBD,FALSE
2022-08-20T06:15:00Z,12.461,beaver_creek_usgs_temp_3,60.65107,-151.09076,US/Alaska (UTC-9 / UTC-8),"west fork beaver creek, upstream of marathon road",Beaver Creek,STREAM,MAIN,TRUE,TRUE,TBD,FALSE
2022-08-20T06:30:00Z,12.437,beaver_creek_usgs_temp_3,60.65107,-151.09076,US/Alaska (UTC-9 / UTC-8),"west fork beaver creek, upstream of marathon road",Beaver Creek,STREAM,MAIN,TRUE,TRUE,TBD,FALSE
2022-08-20T06:45:00Z,12.413,beaver_creek_usgs_temp_3,60.65107,-151.09076,US/Alaska (UTC-9 / UTC-8),"west fork beaver creek, upstream of marathon road",Beaver Creek,STREAM,MAIN,TRUE,TRUE,TBD,FALSE
2022-08-20T07:00:00Z,12.413,beaver_creek_usgs_temp_3,60.65107,-151.09076,US/Alaska (UTC-9 / UTC-8),"west fork beaver creek, upstream of marathon road",Beaver Creek,STREAM,MAIN,TRUE,TRUE,TBD,FALSE
2022-08-20T07:15:00Z,12.364,beaver_creek_usgs_temp_3,60.65107,-151.09076,US/Alaska (UTC-9 / UTC-8),"west fork beaver creek, upstream of marathon road",Beaver Creek,STREAM,MAIN,TRUE,TRUE,TBD,FALSE
2022-08-20T07:30:00Z,12.364,beaver_creek_usgs_temp_3,60.65107,-151.09076,US/Alaska (UTC-9 / UTC-8),"west fork beaver creek, upstream of marathon road",Beaver Creek,STREAM,MAIN,TRUE,TRUE,TBD,FALSE
2022-08-20T07:45:00Z,12.34,beaver_creek_usgs_temp_3,60.65107,-151.09076,US/Alaska (UTC-9 / UTC-8),"west fork beaver creek, upstream of marathon road",Beaver Creek,STREAM,MAIN,TRUE,TRUE,TBD,FALSE
2022-08-20T08:00:00Z,12.316,beaver_creek_usgs_temp_3,60.65107,-151.09076,US/Alaska (UTC-9 / UTC-8),"west fork beaver creek, upstream of marathon road",Beaver Creek,STREAM,MAIN,TRUE,TRUE,TBD,FALSE
2022-08-20T08:15:00Z,12.316,beaver_creek_usgs_temp_3,60.65107,-151.09076,US/Alaska (UTC-9 / UTC-8),"west fork beaver creek, upstream of marathon road",Beaver Creek,STREAM,MAIN,TRUE,TRUE,TBD,FALSE
2022-08-20T08:30:00Z,12.292,beaver_creek_usgs_temp_3,60.65107,-151.09076,US/Alaska (UTC-9 / UTC-8),"west fork beaver creek, upstream of marathon road",Beaver Creek,STREAM,MAIN,TRUE,TRUE,TBD,FALSE
2022-08-20T08:45:00Z,12.292,beaver_creek_usgs_temp_3,60.65107,-151.09076,US/Alaska (UTC-9 / UTC-8),"west fork beaver creek, upstream of marathon road",Beaver Creek,STREAM,MAIN,TRUE,TRUE,TBD,FALSE
2022-08-20T09:00:00Z,12.292,beaver_creek_usgs_temp_3,60.65107,-151.09076,US/Alaska (UTC-9 / UTC-8),"west fork beaver creek, upstream of marathon road",Beaver Creek,STREAM,MAIN,TRUE,TRUE,TBD,FALSE
2022-08-20T09:15:00Z,12.292,beaver_creek_usgs_temp_3,60.65107,-151.09076,US/Alaska (UTC-9 / UTC-8),"west fork beaver creek, upstream of marathon road",Beaver Creek,STREAM,MAIN,TRUE,TRUE,TBD,FALSE
2022-08-20T09:30:00Z,12.292,beaver_creek_usgs_temp_3,60.65107,-151.09076,US/Alaska (UTC-9 / UTC-8),"west fork beaver creek, upstream of marathon road",Beaver Creek,STREAM,MAIN,TRUE,TRUE,TBD,FALSE
2022-08-20T09:45:00Z,12.292,beaver_creek_usgs_temp_3,60.65107,-151.09076,US/Alaska (UTC-9 / UTC-8),"west fork beaver creek, upstream of marathon road",Beaver Creek,STREAM,MAIN,TRUE,TRUE,TBD,FALSE
2022-08-20T10:00:00Z,12.316,beaver_creek_usgs_temp_3,60.65107,-151.09076,US/Alaska (UTC-9 / UTC-8),"west fork beaver creek, upstream of marathon road",Beaver Creek,STREAM,MAIN,TRUE,TRUE,TBD,FALSE
2022-08-20T10:15:00Z,12.364,beaver_creek_usgs_temp_3,60.65107,-151.09076,US/Alaska (UTC-9 / UTC-8),"west fork beaver creek, upstream of marathon road",Beaver Creek,STREAM,MAIN,TRUE,TRUE,TBD,FALSE
2022-08-20T10:30:00Z,12.413,beaver_creek_usgs_temp_3,60.65107,-151.09076,US/Alaska (UTC-9 / UTC-8),"west fork beaver creek, upstream of marathon road",Beaver Creek,STREAM,MAIN,TRUE,TRUE,TBD,FALSE
2022-08-20T10:45:00Z,12.461,beaver_creek_usgs_temp_3,60.65107,-151.09076,US/Alaska (UTC-9 / UTC-8),"west fork beaver creek, upstream of marathon road",Beaver Creek,STREAM,MAIN,TRUE,TRUE,TBD,FALSE
2022-08-20T11:00:00Z,12.534,beaver_creek_usgs_temp_3,60.65107,-151.09076,US/Alaska (UTC-9 / UTC-8),"west fork beaver creek, upstream of marathon road",Beaver Creek,STREAM,MAIN,TRUE,TRUE,TBD,FALSE
2022-08-20T11:15:00Z,12.606,beaver_creek_usgs_temp_3,60.65107,-151.09076,US/Alaska (UTC-9 / UTC-8),"west fork beaver creek, upstream of marathon road",Beaver Creek,STREAM,MAIN,TRUE,TRUE,TBD,FALSE
2022-08-20T11:30:00Z,12.654,beaver_creek_usgs_temp_3,60.65107,-151.09076,US/Alaska (UTC-9 / UTC-8),"west fork beaver creek, upstream of marathon road",Beaver Creek,STREAM,MAIN,TRUE,TRUE,TBD,FALSE
2022-08-20T11:45:00Z,12.727,beaver_creek_usgs_temp_3,60.65107,-151.09076,US/Alaska (UTC-9 / UTC-8),"west fork beaver creek, upstream of marathon road",Beaver Creek,STREAM,MAIN,TRUE,TRUE,TBD,FALSE
2022-08-20T12:00:00Z,12.847,beaver_creek_usgs_temp_3,60.65107,-151.09076,US/Alaska (UTC-9 / UTC-8),"west fork beaver creek, upstream of marathon road",Beaver Creek,STREAM,MAIN,TRUE,TRUE,TBD,FALSE
2022-08-20T12:15:00Z,13.016,beaver_creek_usgs_temp_3,60.65107,-151.09076,US/Alaska (UTC-9 / UTC-8),"west fork beaver creek, upstream of marathon road",Beaver Creek,STREAM,MAIN,TRUE,TRUE,TBD,FALSE
2022-08-20T12:30:00Z,13.064,beaver_creek_usgs_temp_3,60.65107,-151.09076,US/Alaska (UTC-9 / UTC-8),"west fork beaver creek, upstream of marathon road",Beaver Creek,STREAM,MAIN,TRUE,TRUE,TBD,FALSE
2022-08-20T12:45:00Z,13.185,beaver_creek_usgs_temp_3,60.65107,-151.09076,US/Alaska (UTC-9 / UTC-8),"west fork beaver creek, upstream of marathon road",Beaver Creek,STREAM,MAIN,TRUE,TRUE,TBD,FALSE
2022-08-20T13:00:00Z,13.305,beaver_creek_usgs_temp_3,60.65107,-151.09076,US/Alaska (UTC-9 / UTC-8),"west fork beaver creek, upstream of marathon road",Beaver Creek,STREAM,MAIN,TRUE,TRUE,TBD,FALSE
2022-08-20T13:15:00Z,13.425,beaver_creek_usgs_temp_3,60.65107,-151.09076,US/Alaska (UTC-9 / UTC-8),"west fork beaver creek, upstream of marathon road",Beaver Creek,STREAM,MAIN,TRUE,TRUE,TBD,FALSE
2022-08-20T13:30:00Z,13.546,beaver_creek_usgs_temp_3,60.65107,-151.09076,US/Alaska (UTC-9 / UTC-8),"west fork beaver creek, upstream of marathon road",Beaver Creek,STREAM,MAIN,TRUE,TRUE,TBD,FALSE
2022-08-20T13:45:00Z,13.714,beaver_creek_usgs_temp_3,60.65107,-151.09076,US/Alaska (UTC-9 / UTC-8),"west fork beaver creek, upstream of marathon road",Beaver Creek,STREAM,MAIN,TRUE,TRUE,TBD,FALSE
2022-08-20T14:00:00Z,13.834,beaver_creek_usgs_temp_3,60.65107,-151.09076,US/Alaska (UTC-9 / UTC-8),"west fork beaver creek, upstream of marathon road",Beaver Creek,STREAM,MAIN,TRUE,TRUE,TBD,FALSE
2022-08-20T14:15:00Z,13.93,beaver_creek_usgs_temp_3,60.65107,-151.09076,US/Alaska (UTC-9 / UTC-8),"west fork beaver creek, upstream of marathon road",Beaver Creek,STREAM,MAIN,TRUE,TRUE,TBD,FALSE
2022-08-20T14:30:00Z,14.074,beaver_creek_usgs_temp_3,60.65107,-151.09076,US/Alaska (UTC-9 / UTC-8),"west fork beaver creek, upstream of marathon road",Beaver Creek,STREAM,MAIN,TRUE,TRUE,TBD,FALSE
2022-08-20T14:45:00Z,14.146,beaver_creek_usgs_temp_3,60.65107,-151.09076,US/Alaska (UTC-9 / UTC-8),"west fork beaver creek, upstream of marathon road",Beaver Creek,STREAM,MAIN,TRUE,TRUE,TBD,FALSE
2022-08-20T15:00:00Z,14.266,beaver_creek_usgs_temp_3,60.65107,-151.09076,US/Alaska (UTC-9 / UTC-8),"west fork beaver creek, upstream of marathon road",Beaver Creek,STREAM,MAIN,TRUE,TRUE,TBD,FALSE
2022-08-20T15:15:00Z,14.433,beaver_creek_usgs_temp_3,60.65107,-151.09076,US/Alaska (UTC-9 / UTC-8),"west fork beaver creek, upstream of marathon road",Beaver Creek,STREAM,MAIN,TRUE,TRUE,TBD,FALSE
2022-08-20T15:30:00Z,14.601,beaver_creek_usgs_temp_3,60.65107,-151.09076,US/Alaska (UTC-9 / UTC-8),"west fork beaver creek, upstream of marathon road",Beaver Creek,STREAM,MAIN,TRUE,TRUE,TBD,FALSE
2022-08-20T15:45:00Z,14.816,beaver_creek_usgs_temp_3,60.65107,-151.09076,US/Alaska (UTC-9 / UTC-8),"west fork beaver creek, upstream of marathon road",Beaver Creek,STREAM,MAIN,TRUE,TRUE,TBD,FALSE
2022-08-20T16:00:00Z,14.888,beaver_creek_usgs_temp_3,60.65107,-151.09076,US/Alaska (UTC-9 / UTC-8),"west fork beaver creek, upstream of marathon road",Beaver Creek,STREAM,MAIN,TRUE,TRUE,TBD,FALSE
2022-08-20T16:15:00Z,14.96,beaver_creek_usgs_temp_3,60.65107,-151.09076,US/Alaska (UTC-9 / UTC-8),"west fork beaver creek, upstream of marathon road",Beaver Creek,STREAM,MAIN,TRUE,TRUE,TBD,FALSE
2022-08-20T16:30:00Z,15.055,beaver_creek_usgs_temp_3,60.65107,-151.09076,US/Alaska (UTC-9 / UTC-8),"west fork beaver creek, upstream of marathon road",Beaver Creek,STREAM,MAIN,TRUE,TRUE,TBD,FALSE
2022-08-20T16:45:00Z,15.175,beaver_creek_usgs_temp_3,60.65107,-151.09076,US/Alaska (UTC-9 / UTC-8),"west fork beaver creek, upstream of marathon road",Beaver Creek,STREAM,MAIN,TRUE,TRUE,TBD,FALSE
2022-08-20T17:00:00Z,15.247,beaver_creek_usgs_temp_3,60.65107,-151.09076,US/Alaska (UTC-9 / UTC-8),"west fork beaver creek, upstream of marathon road",Beaver Creek,STREAM,MAIN,TRUE,TRUE,TBD,FALSE
2022-08-20T17:15:00Z,15.294,beaver_creek_usgs_temp_3,60.65107,-151.09076,US/Alaska (UTC-9 / UTC-8),"west fork beaver creek, upstream of marathon road",Beaver Creek,STREAM,MAIN,TRUE,TRUE,TBD,FALSE
2022-08-20T17:30:00Z,15.342,beaver_creek_usgs_temp_3,60.65107,-151.09076,US/Alaska (UTC-9 / UTC-8),"west fork beaver creek, upstream of marathon road",Beaver Creek,STREAM,MAIN,TRUE,TRUE,TBD,FALSE
2022-08-20T17:45:00Z,15.342,beaver_creek_usgs_temp_3,60.65107,-151.09076,US/Alaska (UTC-9 / UTC-8),"west fork beaver creek, upstream of marathon road",Beaver Creek,STREAM,MAIN,TRUE,TRUE,TBD,FALSE
2022-08-20T18:00:00Z,15.39,beaver_creek_usgs_temp_3,60.65107,-151.09076,US/Alaska (UTC-9 / UTC-8),"west fork beaver creek, upstream of marathon road",Beaver Creek,STREAM,MAIN,TRUE,TRUE,TBD,FALSE
2022-08-20T18:15:00Z,15.39,beaver_creek_usgs_temp_3,60.65107,-151.09076,US/Alaska (UTC-9 / UTC-8),"west fork beaver creek, upstream of marathon road",Beaver Creek,STREAM,MAIN,TRUE,TRUE,TBD,FALSE
2022-08-20T18:30:00Z,15.438,beaver_creek_usgs_temp_3,60.65107,-151.09076,US/Alaska (UTC-9 / UTC-8),"west fork beaver creek, upstream of marathon road",Beaver Creek,STREAM,MAIN,TRUE,TRUE,TBD,FALSE
2022-08-20T18:45:00Z,15.485,beaver_creek_usgs_temp_3,60.65107,-151.09076,US/Alaska (UTC-9 / UTC-8),"west fork beaver creek, upstream of marathon road",Beaver Creek,STREAM,MAIN,TRUE,TRUE,TBD,FALSE
2022-08-20T19:00:00Z,15.509,beaver_creek_usgs_temp_3,60.65107,-151.09076,US/Alaska (UTC-9 / UTC-8),"west fork beaver creek, upstream of marathon road",Beaver Creek,STREAM,MAIN,TRUE,TRUE,TBD,FALSE
2022-08-20T19:15:00Z,15.509,beaver_creek_usgs_temp_3,60.65107,-151.09076,US/Alaska (UTC-9 / UTC-8),"west fork beaver creek, upstream of marathon road",Beaver Creek,STREAM,MAIN,TRUE,TRUE,TBD,FALSE
2022-08-20T19:30:00Z,15.557,beaver_creek_usgs_temp_3,60.65107,-151.09076,US/Alaska (UTC-9 / UTC-8),"west fork beaver creek, upstream of marathon road",Beaver Creek,STREAM,MAIN,TRUE,TRUE,TBD,FALSE
2022-08-20T19:45:00Z,15.581,beaver_creek_usgs_temp_3,60.65107,-151.09076,US/Alaska (UTC-9 / UTC-8),"west fork beaver creek, upstream of marathon road",Beaver Creek,STREAM,MAIN,TRUE,TRUE,TBD,FALSE
2022-08-20T20:00:00Z,15.581,beaver_creek_usgs_temp_3,60.65107,-151.09076,US/Alaska (UTC-9 / UTC-8),"west fork beaver creek, upstream of marathon road",Beaver Creek,STREAM,MAIN,TRUE,TRUE,TBD,FALSE
2022-08-20T20:15:00Z,15.581,beaver_creek_usgs_temp_3,60.65107,-151.09076,US/Alaska (UTC-9 / UTC-8),"west fork beaver creek, upstream of marathon road",Beaver Creek,STREAM,MAIN,TRUE,TRUE,TBD,FALSE
2022-08-20T20:30:00Z,15.605,beaver_creek_usgs_temp_3,60.65107,-151.09076,US/Alaska (UTC-9 / UTC-8),"west fork beaver creek, upstream of marathon road",Beaver Creek,STREAM,MAIN,TRUE,TRUE,TBD,FALSE
2022-08-20T20:45:00Z,15.605,beaver_creek_usgs_temp_3,60.65107,-151.09076,US/Alaska (UTC-9 / UTC-8),"west fork beaver creek, upstream of marathon road",Beaver Creek,STREAM,MAIN,TRUE,TRUE,TBD,FALSE
2022-08-20T21:00:00Z,15.605,beaver_creek_usgs_temp_3,60.65107,-151.09076,US/Alaska (UTC-9 / UTC-8),"west fork beaver creek, upstream of marathon road",Beaver Creek,STREAM,MAIN,TRUE,TRUE,TBD,FALSE
2022-08-20T21:15:00Z,15.581,beaver_creek_usgs_temp_3,60.65107,-151.09076,US/Alaska (UTC-9 / UTC-8),"west fork beaver creek, upstream of marathon road",Beaver Creek,STREAM,MAIN,TRUE,TRUE,TBD,FALSE
2022-08-20T21:30:00Z,15.581,beaver_creek_usgs_temp_3,60.65107,-151.09076,US/Alaska (UTC-9 / UTC-8),"west fork beaver creek, upstream of marathon road",Beaver Creek,STREAM,MAIN,TRUE,TRUE,TBD,FALSE
2022-08-20T21:45:00Z,15.557,beaver_creek_usgs_temp_3,60.65107,-151.09076,US/Alaska (UTC-9 / UTC-8),"west fork beaver creek, upstream of marathon road",Beaver Creek,STREAM,MAIN,TRUE,TRUE,TBD,FALSE
2022-08-20T22:00:00Z,15.533,beaver_creek_usgs_temp_3,60.65107,-151.09076,US/Alaska (UTC-9 / UTC-8),"west fork beaver creek, upstream of marathon road",Beaver Creek,STREAM,MAIN,TRUE,TRUE,TBD,FALSE
2022-08-20T22:15:00Z,15.533,beaver_creek_usgs_temp_3,60.65107,-151.09076,US/Alaska (UTC-9 / UTC-8),"west fork beaver creek, upstream of marathon road",Beaver Creek,STREAM,MAIN,TRUE,TRUE,TBD,FALSE
2022-08-20T22:30:00Z,15.509,beaver_creek_usgs_temp_3,60.65107,-151.09076,US/Alaska (UTC-9 / UTC-8),"west fork beaver creek, upstream of marathon road",Beaver Creek,STREAM,MAIN,TRUE,TRUE,TBD,FALSE
2022-08-20T22:45:00Z,15.509,beaver_creek_usgs_temp_3,60.65107,-151.09076,US/Alaska (UTC-9 / UTC-8),"west fork beaver creek, upstream of marathon road",Beaver Creek,STREAM,MAIN,TRUE,TRUE,TBD,FALSE
2022-08-20T23:00:00Z,15.485,beaver_creek_usgs_temp_3,60.65107,-151.09076,US/Alaska (UTC-9 / UTC-8),"west fork beaver creek, upstream of marathon road",Beaver Creek,STREAM,MAIN,TRUE,TRUE,TBD,FALSE
2022-08-20T23:15:00Z,15.485,beaver_creek_usgs_temp_3,60.65107,-151.09076,US/Alaska (UTC-9 / UTC-8),"west fork beaver creek, upstream of marathon road",Beaver Creek,STREAM,MAIN,TRUE,TRUE,TBD,FALSE
2022-08-20T23:30:00Z,15.461,beaver_creek_usgs_temp_3,60.65107,-151.09076,US/Alaska (UTC-9 / UTC-8),"west fork beaver creek, upstream of marathon road",Beaver Creek,STREAM,MAIN,TRUE,TRUE,TBD,FALSE
2022-08-20T23:45:00Z,15.461,beaver_creek_usgs_temp_3,60.65107,-151.09076,US/Alaska (UTC-9 / UTC-8),"west fork beaver creek, upstream of marathon road",Beaver Creek,STREAM,MAIN,TRUE,TRUE,TBD,FALSE
2022-08-21T00:00:00Z,15.461,beaver_creek_usgs_temp_3,60.65107,-151.09076,US/Alaska (UTC-9 / UTC-8),"west fork beaver creek, upstream of marathon road",Beaver Creek,STREAM,MAIN,TRUE,TRUE,TBD,FALSE
2022-08-21T00:15:00Z,15.438,beaver_creek_usgs_temp_3,60.65107,-151.09076,US/Alaska (UTC-9 / UTC-8),"west fork beaver creek, upstream of marathon road",Beaver Creek,STREAM,MAIN,TRUE,TRUE,TBD,FALSE
2022-08-21T00:30:00Z,15.438,beaver_creek_usgs_temp_3,60.65107,-151.09076,US/Alaska (UTC-9 / UTC-8),"west fork beaver creek, upstream of marathon road",Beaver Creek,STREAM,MAIN,TRUE,TRUE,TBD,FALSE
2022-08-21T00:45:00Z,15.438,beaver_creek_usgs_temp_3,60.65107,-151.09076,US/Alaska (UTC-9 / UTC-8),"west fork beaver creek, upstream of marathon road",Beaver Creek,STREAM,MAIN,TRUE,TRUE,TBD,FALSE
2022-08-21T01:00:00Z,15.438,beaver_creek_usgs_temp_3,60.65107,-151.09076,US/Alaska (UTC-9 / UTC-8),"west fork beaver creek, upstream of marathon road",Beaver Creek,STREAM,MAIN,TRUE,TRUE,TBD,FALSE
2022-08-21T01:15:00Z,15.414,beaver_creek_usgs_temp_3,60.65107,-151.09076,US/Alaska (UTC-9 / UTC-8),"west fork beaver creek, upstream of marathon road",Beaver Creek,STREAM,MAIN,TRUE,TRUE,TBD,FALSE
2022-08-21T01:30:00Z,15.39,beaver_creek_usgs_temp_3,60.65107,-151.09076,US/Alaska (UTC-9 / UTC-8),"west fork beaver creek, upstream of marathon road",Beaver Creek,STREAM,MAIN,TRUE,TRUE,TBD,FALSE
2022-08-21T01:45:00Z,15.366,beaver_creek_usgs_temp_3,60.65107,-151.09076,US/Alaska (UTC-9 / UTC-8),"west fork beaver creek, upstream of marathon road",Beaver Creek,STREAM,MAIN,TRUE,TRUE,TBD,FALSE
2022-08-21T02:00:00Z,15.342,beaver_creek_usgs_temp_3,60.65107,-151.09076,US/Alaska (UTC-9 / UTC-8),"west fork beaver creek, upstream of marathon road",Beaver Creek,STREAM,MAIN,TRUE,TRUE,TBD,FALSE
2022-08-21T02:15:00Z,15.318,beaver_creek_usgs_temp_3,60.65107,-151.09076,US/Alaska (UTC-9 / UTC-8),"west fork beaver creek, upstream of marathon road",Beaver Creek,STREAM,MAIN,TRUE,TRUE,TBD,FALSE
2022-08-21T02:30:00Z,15.318,beaver_creek_usgs_temp_3,60.65107,-151.09076,US/Alaska (UTC-9 / UTC-8),"west fork beaver creek, upstream of marathon road",Beaver Creek,STREAM,MAIN,TRUE,TRUE,TBD,FALSE
2022-08-21T02:45:00Z,15.294,beaver_creek_usgs_temp_3,60.65107,-151.09076,US/Alaska (UTC-9 / UTC-8),"west fork beaver creek, upstream of marathon road",Beaver Creek,STREAM,MAIN,TRUE,TRUE,TBD,FALSE
2022-08-21T03:00:00Z,15.247,beaver_creek_usgs_temp_3,60.65107,-151.09076,US/Alaska (UTC-9 / UTC-8),"west fork beaver creek, upstream of marathon road",Beaver Creek,STREAM,MAIN,TRUE,TRUE,TBD,FALSE
2022-08-21T03:15:00Z,15.247,beaver_creek_usgs_temp_3,60.65107,-151.09076,US/Alaska (UTC-9 / UTC-8),"west fork beaver creek, upstream of marathon road",Beaver Creek,STREAM,MAIN,TRUE,TRUE,TBD,FALSE
2022-08-21T03:30:00Z,15.199,beaver_creek_usgs_temp_3,60.65107,-151.09076,US/Alaska (UTC-9 / UTC-8),"west fork beaver creek, upstream of marathon road",Beaver Creek,STREAM,MAIN,TRUE,TRUE,TBD,FALSE
2022-08-21T03:45:00Z,15.175,beaver_creek_usgs_temp_3,60.65107,-151.09076,US/Alaska (UTC-9 / UTC-8),"west fork beaver creek, upstream of marathon road",Beaver Creek,STREAM,MAIN,TRUE,TRUE,TBD,FALSE
2022-08-21T04:00:00Z,15.151,beaver_creek_usgs_temp_3,60.65107,-151.09076,US/Alaska (UTC-9 / UTC-8),"west fork beaver creek, upstream of marathon road",Beaver Creek,STREAM,MAIN,TRUE,TRUE,TBD,FALSE
2022-08-21T04:15:00Z,15.127,beaver_creek_usgs_temp_3,60.65107,-151.09076,US/Alaska (UTC-9 / UTC-8),"west fork beaver creek, upstream of marathon road",Beaver Creek,STREAM,MAIN,TRUE,TRUE,TBD,FALSE
2022-08-21T04:30:00Z,15.079,beaver_creek_usgs_temp_3,60.65107,-151.09076,US/Alaska (UTC-9 / UTC-8),"west fork beaver creek, upstream of marathon road",Beaver Creek,STREAM,MAIN,TRUE,TRUE,TBD,FALSE
2022-08-21T04:45:00Z,15.055,beaver_creek_usgs_temp_3,60.65107,-151.09076,US/Alaska (UTC-9 / UTC-8),"west fork beaver creek, upstream of marathon road",Beaver Creek,STREAM,MAIN,TRUE,TRUE,TBD,FALSE
2022-08-21T05:00:00Z,15.031,beaver_creek_usgs_temp_3,60.65107,-151.09076,US/Alaska (UTC-9 / UTC-8),"west fork beaver creek, upstream of marathon road",Beaver Creek,STREAM,MAIN,TRUE,TRUE,TBD,FALSE
2022-08-21T05:15:00Z,14.984,beaver_creek_usgs_temp_3,60.65107,-151.09076,US/Alaska (UTC-9 / UTC-8),"west fork beaver creek, upstream of marathon road",Beaver Creek,STREAM,MAIN,TRUE,TRUE,TBD,FALSE
2022-08-21T05:30:00Z,14.96,beaver_creek_usgs_temp_3,60.65107,-151.09076,US/Alaska (UTC-9 / UTC-8),"west fork beaver creek, upstream of marathon road",Beaver Creek,STREAM,MAIN,TRUE,TRUE,TBD,FALSE
2022-08-21T05:45:00Z,14.912,beaver_creek_usgs_temp_3,60.65107,-151.09076,US/Alaska (UTC-9 / UTC-8),"west fork beaver creek, upstream of marathon road",Beaver Creek,STREAM,MAIN,TRUE,TRUE,TBD,FALSE
2022-08-21T06:00:00Z,14.864,beaver_creek_usgs_temp_3,60.65107,-151.09076,US/Alaska (UTC-9 / UTC-8),"west fork beaver creek, upstream of marathon road",Beaver Creek,STREAM,MAIN,TRUE,TRUE,TBD,FALSE
2022-08-21T06:15:00Z,14.816,beaver_creek_usgs_temp_3,60.65107,-151.09076,US/Alaska (UTC-9 / UTC-8),"west fork beaver creek, upstream of marathon road",Beaver Creek,STREAM,MAIN,TRUE,TRUE,TBD,FALSE
2022-08-21T06:30:00Z,14.792,beaver_creek_usgs_temp_3,60.65107,-151.09076,US/Alaska (UTC-9 / UTC-8),"west fork beaver creek, upstream of marathon road",Beaver Creek,STREAM,MAIN,TRUE,TRUE,TBD,FALSE
2022-08-21T06:45:00Z,14.745,beaver_creek_usgs_temp_3,60.65107,-151.09076,US/Alaska (UTC-9 / UTC-8),"west fork beaver creek, upstream of marathon road",Beaver Creek,STREAM,MAIN,TRUE,TRUE,TBD,FALSE
2022-08-21T07:00:00Z,14.721,beaver_creek_usgs_temp_3,60.65107,-151.09076,US/Alaska (UTC-9 / UTC-8),"west fork beaver creek, upstream of marathon road",Beaver Creek,STREAM,MAIN,TRUE,TRUE,TBD,FALSE
2022-08-21T07:15:00Z,14.673,beaver_creek_usgs_temp_3,60.65107,-151.09076,US/Alaska (UTC-9 / UTC-8),"west fork beaver creek, upstream of marathon road",Beaver Creek,STREAM,MAIN,TRUE,TRUE,TBD,FALSE
2022-08-21T07:30:00Z,14.625,beaver_creek_usgs_temp_3,60.65107,-151.09076,US/Alaska (UTC-9 / UTC-8),"west fork beaver creek, upstream of marathon road",Beaver Creek,STREAM,MAIN,TRUE,TRUE,TBD,FALSE
2022-08-21T07:45:00Z,14.601,beaver_creek_usgs_temp_3,60.65107,-151.09076,US/Alaska (UTC-9 / UTC-8),"west fork beaver creek, upstream of marathon road",Beaver Creek,STREAM,MAIN,TRUE,TRUE,TBD,FALSE
2022-08-21T08:00:00Z,14.577,beaver_creek_usgs_temp_3,60.65107,-151.09076,US/Alaska (UTC-9 / UTC-8),"west fork beaver creek, upstream of marathon road",Beaver Creek,STREAM,MAIN,TRUE,TRUE,TBD,FALSE
2022-08-21T08:15:00Z,14.553,beaver_creek_usgs_temp_3,60.65107,-151.09076,US/Alaska (UTC-9 / UTC-8),"west fork beaver creek, upstream of marathon road",Beaver Creek,STREAM,MAIN,TRUE,TRUE,TBD,FALSE
2022-08-21T08:30:00Z,14.529,beaver_creek_usgs_temp_3,60.65107,-151.09076,US/Alaska (UTC-9 / UTC-8),"west fork beaver creek, upstream of marathon road",Beaver Creek,STREAM,MAIN,TRUE,TRUE,TBD,FALSE
2022-08-21T08:45:00Z,14.481,beaver_creek_usgs_temp_3,60.65107,-151.09076,US/Alaska (UTC-9 / UTC-8),"west fork beaver creek, upstream of marathon road",Beaver Creek,STREAM,MAIN,TRUE,TRUE,TBD,FALSE
2022-08-21T09:00:00Z,14.457,beaver_creek_usgs_temp_3,60.65107,-151.09076,US/Alaska (UTC-9 / UTC-8),"west fork beaver creek, upstream of marathon road",Beaver Creek,STREAM,MAIN,TRUE,TRUE,TBD,FALSE
2022-08-21T09:15:00Z,14.433,beaver_creek_usgs_temp_3,60.65107,-151.09076,US/Alaska (UTC-9 / UTC-8),"west fork beaver creek, upstream of marathon road",Beaver Creek,STREAM,MAIN,TRUE,TRUE,TBD,FALSE
2022-08-21T09:30:00Z,14.433,beaver_creek_usgs_temp_3,60.65107,-151.09076,US/Alaska (UTC-9 / UTC-8),"west fork beaver creek, upstream of marathon road",Beaver Creek,STREAM,MAIN,TRUE,TRUE,TBD,FALSE
2022-08-21T09:45:00Z,14.409,beaver_creek_usgs_temp_3,60.65107,-151.09076,US/Alaska (UTC-9 / UTC-8),"west fork beaver creek, upstream of marathon road",Beaver Creek,STREAM,MAIN,TRUE,TRUE,TBD,FALSE
2022-08-21T10:00:00Z,14.409,beaver_creek_usgs_temp_3,60.65107,-151.09076,US/Alaska (UTC-9 / UTC-8),"west fork beaver creek, upstream of marathon road",Beaver Creek,STREAM,MAIN,TRUE,TRUE,TBD,FALSE
2022-08-21T10:15:00Z,14.385,beaver_creek_usgs_temp_3,60.65107,-151.09076,US/Alaska (UTC-9 / UTC-8),"west fork beaver creek, upstream of marathon road",Beaver Creek,STREAM,MAIN,TRUE,TRUE,TBD,FALSE
2022-08-21T10:30:00Z,14.361,beaver_creek_usgs_temp_3,60.65107,-151.09076,US/Alaska (UTC-9 / UTC-8),"west fork beaver creek, upstream of marathon road",Beaver Creek,STREAM,MAIN,TRUE,TRUE,TBD,FALSE
2022-08-21T10:45:00Z,14.361,beaver_creek_usgs_temp_3,60.65107,-151.09076,US/Alaska (UTC-9 / UTC-8),"west fork beaver creek, upstream of marathon road",Beaver Creek,STREAM,MAIN,TRUE,TRUE,TBD,FALSE
2022-08-21T11:00:00Z,14.361,beaver_creek_usgs_temp_3,60.65107,-151.09076,US/Alaska (UTC-9 / UTC-8),"west fork beaver creek, upstream of marathon road",Beaver Creek,STREAM,MAIN,TRUE,TRUE,TBD,FALSE
2022-08-21T11:15:00Z,14.337,beaver_creek_usgs_temp_3,60.65107,-151.09076,US/Alaska (UTC-9 / UTC-8),"west fork beaver creek, upstream of marathon road",Beaver Creek,STREAM,MAIN,TRUE,TRUE,TBD,FALSE
2022-08-21T11:30:00Z,14.337,beaver_creek_usgs_temp_3,60.65107,-151.09076,US/Alaska (UTC-9 / UTC-8),"west fork beaver creek, upstream of marathon road",Beaver Creek,STREAM,MAIN,TRUE,TRUE,TBD,FALSE
2022-08-21T11:45:00Z,14.337,beaver_creek_usgs_temp_3,60.65107,-151.09076,US/Alaska (UTC-9 / UTC-8),"west fork beaver creek, upstream of marathon road",Beaver Creek,STREAM,MAIN,TRUE,TRUE,TBD,FALSE
2022-08-21T12:00:00Z,14.337,beaver_creek_usgs_temp_3,60.65107,-151.09076,US/Alaska (UTC-9 / UTC-8),"west fork beaver creek, upstream of marathon road",Beaver Creek,STREAM,MAIN,TRUE,TRUE,TBD,FALSE
2022-08-21T12:15:00Z,14.361,beaver_creek_usgs_temp_3,60.65107,-151.09076,US/Alaska (UTC-9 / UTC-8),"west fork beaver creek, upstream of marathon road",Beaver Creek,STREAM,MAIN,TRUE,TRUE,TBD,FALSE
2022-08-21T12:30:00Z,14.361,beaver_creek_usgs_temp_3,60.65107,-151.09076,US/Alaska (UTC-9 / UTC-8),"west fork beaver creek, upstream of marathon road",Beaver Creek,STREAM,MAIN,TRUE,TRUE,TBD,FALSE
2022-08-21T12:45:00Z,14.361,beaver_creek_usgs_temp_3,60.65107,-151.09076,US/Alaska (UTC-9 / UTC-8),"west fork beaver creek, upstream of marathon road",Beaver Creek,STREAM,MAIN,TRUE,TRUE,TBD,FALSE
2022-08-21T13:00:00Z,14.385,beaver_creek_usgs_temp_3,60.65107,-151.09076,US/Alaska (UTC-9 / UTC-8),"west fork beaver creek, upstream of marathon road",Beaver Creek,STREAM,MAIN,TRUE,TRUE,TBD,FALSE
2022-08-21T13:15:00Z,14.409,beaver_creek_usgs_temp_3,60.65107,-151.09076,US/Alaska (UTC-9 / UTC-8),"west fork beaver creek, upstream of marathon road",Beaver Creek,STREAM,MAIN,TRUE,TRUE,TBD,FALSE
2022-08-21T13:30:00Z,14.433,beaver_creek_usgs_temp_3,60.65107,-151.09076,US/Alaska (UTC-9 / UTC-8),"west fork beaver creek, upstream of marathon road",Beaver Creek,STREAM,MAIN,TRUE,TRUE,TBD,FALSE
2022-08-21T13:45:00Z,14.433,beaver_creek_usgs_temp_3,60.65107,-151.09076,US/Alaska (UTC-9 / UTC-8),"west fork beaver creek, upstream of marathon road",Beaver Creek,STREAM,MAIN,TRUE,TRUE,TBD,FALSE
2022-08-21T14:00:00Z,14.481,beaver_creek_usgs_temp_3,60.65107,-151.09076,US/Alaska (UTC-9 / UTC-8),"west fork beaver creek, upstream of marathon road",Beaver Creek,STREAM,MAIN,TRUE,TRUE,TBD,FALSE
2022-08-21T14:15:00Z,14.553,beaver_creek_usgs_temp_3,60.65107,-151.09076,US/Alaska (UTC-9 / UTC-8),"west fork beaver creek, upstream of marathon road",Beaver Creek,STREAM,MAIN,TRUE,TRUE,TBD,FALSE
2022-08-21T14:30:00Z,14.553,beaver_creek_usgs_temp_3,60.65107,-151.09076,US/Alaska (UTC-9 / UTC-8),"west fork beaver creek, upstream of marathon road",Beaver Creek,STREAM,MAIN,TRUE,TRUE,TBD,FALSE
2022-08-21T14:45:00Z,14.601,beaver_creek_usgs_temp_3,60.65107,-151.09076,US/Alaska (UTC-9 / UTC-8),"west fork beaver creek, upstream of marathon road",Beaver Creek,STREAM,MAIN,TRUE,TRUE,TBD,FALSE
2022-08-21T15:00:00Z,14.625,beaver_creek_usgs_temp_3,60.65107,-151.09076,US/Alaska (UTC-9 / UTC-8),"west fork beaver creek, upstream of marathon road",Beaver Creek,STREAM,MAIN,TRUE,TRUE,TBD,FALSE
2022-08-21T15:15:00Z,14.649,beaver_creek_usgs_temp_3,60.65107,-151.09076,US/Alaska (UTC-9 / UTC-8),"west fork beaver creek, upstream of marathon road",Beaver Creek,STREAM,MAIN,TRUE,TRUE,TBD,FALSE
2022-08-21T15:30:00Z,14.673,beaver_creek_usgs_temp_3,60.65107,-151.09076,US/Alaska (UTC-9 / UTC-8),"west fork beaver creek, upstream of marathon road",Beaver Creek,STREAM,MAIN,TRUE,TRUE,TBD,FALSE
2022-08-21T15:45:00Z,14.745,beaver_creek_usgs_temp_3,60.65107,-151.09076,US/Alaska (UTC-9 / UTC-8),"west fork beaver creek, upstream of marathon road",Beaver Creek,STREAM,MAIN,TRUE,TRUE,TBD,FALSE
2022-08-21T16:00:00Z,14.792,beaver_creek_usgs_temp_3,60.65107,-151.09076,US/Alaska (UTC-9 / UTC-8),"west fork beaver creek, upstream of marathon road",Beaver Creek,STREAM,MAIN,TRUE,TRUE,TBD,FALSE
2022-08-21T16:15:00Z,14.816,beaver_creek_usgs_temp_3,60.65107,-151.09076,US/Alaska (UTC-9 / UTC-8),"west fork beaver creek, upstream of marathon road",Beaver Creek,STREAM,MAIN,TRUE,TRUE,TBD,FALSE
2022-08-21T16:30:00Z,14.84,beaver_creek_usgs_temp_3,60.65107,-151.09076,US/Alaska (UTC-9 / UTC-8),"west fork beaver creek, upstream of marathon road",Beaver Creek,STREAM,MAIN,TRUE,TRUE,TBD,FALSE
2022-08-21T16:45:00Z,14.912,beaver_creek_usgs_temp_3,60.65107,-151.09076,US/Alaska (UTC-9 / UTC-8),"west fork beaver creek, upstream of marathon road",Beaver Creek,STREAM,MAIN,TRUE,TRUE,TBD,FALSE
2022-08-21T17:00:00Z,14.96,beaver_creek_usgs_temp_3,60.65107,-151.09076,US/Alaska (UTC-9 / UTC-8),"west fork beaver creek, upstream of marathon road",Beaver Creek,STREAM,MAIN,TRUE,TRUE,TBD,FALSE
2022-08-21T17:15:00Z,15.008,beaver_creek_usgs_temp_3,60.65107,-151.09076,US/Alaska (UTC-9 / UTC-8),"west fork beaver creek, upstream of marathon road",Beaver Creek,STREAM,MAIN,TRUE,TRUE,TBD,FALSE
2022-08-21T17:30:00Z,15.079,beaver_creek_usgs_temp_3,60.65107,-151.09076,US/Alaska (UTC-9 / UTC-8),"west fork beaver creek, upstream of marathon road",Beaver Creek,STREAM,MAIN,TRUE,TRUE,TBD,FALSE
2022-08-21T17:45:00Z,15.151,beaver_creek_usgs_temp_3,60.65107,-151.09076,US/Alaska (UTC-9 / UTC-8),"west fork beaver creek, upstream of marathon road",Beaver Creek,STREAM,MAIN,TRUE,TRUE,TBD,FALSE
2022-08-21T18:00:00Z,15.247,beaver_creek_usgs_temp_3,60.65107,-151.09076,US/Alaska (UTC-9 / UTC-8),"west fork beaver creek, upstream of marathon road",Beaver Creek,STREAM,MAIN,TRUE,TRUE,TBD,FALSE
2022-08-21T18:15:00Z,15.294,beaver_creek_usgs_temp_3,60.65107,-151.09076,US/Alaska (UTC-9 / UTC-8),"west fork beaver creek, upstream of marathon road",Beaver Creek,STREAM,MAIN,TRUE,TRUE,TBD,FALSE
2022-08-21T18:30:00Z,15.366,beaver_creek_usgs_temp_3,60.65107,-151.09076,US/Alaska (UTC-9 / UTC-8),"west fork beaver creek, upstream of marathon road",Beaver Creek,STREAM,MAIN,TRUE,TRUE,TBD,FALSE
2022-08-21T18:45:00Z,15.414,beaver_creek_usgs_temp_3,60.65107,-151.09076,US/Alaska (UTC-9 / UTC-8),"west fork beaver creek, upstream of marathon road",Beaver Creek,STREAM,MAIN,TRUE,TRUE,TBD,FALSE
2022-08-21T19:00:00Z,15.438,beaver_creek_usgs_temp_3,60.65107,-151.09076,US/Alaska (UTC-9 / UTC-8),"west fork beaver creek, upstream of marathon road",Beaver Creek,STREAM,MAIN,TRUE,TRUE,TBD,FALSE
2022-08-21T19:15:00Z,15.438,beaver_creek_usgs_temp_3,60.65107,-151.09076,US/Alaska (UTC-9 / UTC-8),"west fork beaver creek, upstream of marathon road",Beaver Creek,STREAM,MAIN,TRUE,TRUE,TBD,FALSE
2022-08-21T19:30:00Z,15.438,beaver_creek_usgs_temp_3,60.65107,-151.09076,US/Alaska (UTC-9 / UTC-8),"west fork beaver creek, upstream of marathon road",Beaver Creek,STREAM,MAIN,TRUE,TRUE,TBD,FALSE
2022-08-21T19:45:00Z,15.438,beaver_creek_usgs_temp_3,60.65107,-151.09076,US/Alaska (UTC-9 / UTC-8),"west fork beaver creek, upstream of marathon road",Beaver Creek,STREAM,MAIN,TRUE,TRUE,TBD,FALSE
2022-08-21T20:00:00Z,15.438,beaver_creek_usgs_temp_3,60.65107,-151.09076,US/Alaska (UTC-9 / UTC-8),"west fork beaver creek, upstream of marathon road",Beaver Creek,STREAM,MAIN,TRUE,TRUE,TBD,FALSE
2022-08-21T20:15:00Z,15.438,beaver_creek_usgs_temp_3,60.65107,-151.09076,US/Alaska (UTC-9 / UTC-8),"west fork beaver creek, upstream of marathon road",Beaver Creek,STREAM,MAIN,TRUE,TRUE,TBD,FALSE
2022-08-21T20:30:00Z,15.414,beaver_creek_usgs_temp_3,60.65107,-151.09076,US/Alaska (UTC-9 / UTC-8),"west fork beaver creek, upstream of marathon road",Beaver Creek,STREAM,MAIN,TRUE,TRUE,TBD,FALSE
2022-08-21T20:45:00Z,15.39,beaver_creek_usgs_temp_3,60.65107,-151.09076,US/Alaska (UTC-9 / UTC-8),"west fork beaver creek, upstream of marathon road",Beaver Creek,STREAM,MAIN,TRUE,TRUE,TBD,FALSE
2022-08-21T21:00:00Z,15.39,beaver_creek_usgs_temp_3,60.65107,-151.09076,US/Alaska (UTC-9 / UTC-8),"west fork beaver creek, upstream of marathon road",Beaver Creek,STREAM,MAIN,TRUE,TRUE,TBD,FALSE
2022-08-21T21:15:00Z,15.39,beaver_creek_usgs_temp_3,60.65107,-151.09076,US/Alaska (UTC-9 / UTC-8),"west fork beaver creek, upstream of marathon road",Beaver Creek,STREAM,MAIN,TRUE,TRUE,TBD,FALSE
2022-08-21T21:30:00Z,15.366,beaver_creek_usgs_temp_3,60.65107,-151.09076,US/Alaska (UTC-9 / UTC-8),"west fork beaver creek, upstream of marathon road",Beaver Creek,STREAM,MAIN,TRUE,TRUE,TBD,FALSE
2022-08-21T21:45:00Z,15.366,beaver_creek_usgs_temp_3,60.65107,-151.09076,US/Alaska (UTC-9 / UTC-8),"west fork beaver creek, upstream of marathon road",Beaver Creek,STREAM,MAIN,TRUE,TRUE,TBD,FALSE
2022-08-21T22:00:00Z,15.342,beaver_creek_usgs_temp_3,60.65107,-151.09076,US/Alaska (UTC-9 / UTC-8),"west fork beaver creek, upstream of marathon road",Beaver Creek,STREAM,MAIN,TRUE,TRUE,TBD,FALSE
2022-08-21T22:15:00Z,15.342,beaver_creek_usgs_temp_3,60.65107,-151.09076,US/Alaska (UTC-9 / UTC-8),"west fork beaver creek, upstream of marathon road",Beaver Creek,STREAM,MAIN,TRUE,TRUE,TBD,FALSE
2022-08-21T22:30:00Z,15.294,beaver_creek_usgs_temp_3,60.65107,-151.09076,US/Alaska (UTC-9 / UTC-8),"west fork beaver creek, upstream of marathon road",Beaver Creek,STREAM,MAIN,TRUE,TRUE,TBD,FALSE
2022-08-21T22:45:00Z,15.27,beaver_creek_usgs_temp_3,60.65107,-151.09076,US/Alaska (UTC-9 / UTC-8),"west fork beaver creek, upstream of marathon road",Beaver Creek,STREAM,MAIN,TRUE,TRUE,TBD,FALSE
2022-08-21T23:00:00Z,15.247,beaver_creek_usgs_temp_3,60.65107,-151.09076,US/Alaska (UTC-9 / UTC-8),"west fork beaver creek, upstream of marathon road",Beaver Creek,STREAM,MAIN,TRUE,TRUE,TBD,FALSE
2022-08-21T23:15:00Z,15.223,beaver_creek_usgs_temp_3,60.65107,-151.09076,US/Alaska (UTC-9 / UTC-8),"west fork beaver creek, upstream of marathon road",Beaver Creek,STREAM,MAIN,TRUE,TRUE,TBD,FALSE
2022-08-21T23:30:00Z,15.199,beaver_creek_usgs_temp_3,60.65107,-151.09076,US/Alaska (UTC-9 / UTC-8),"west fork beaver creek, upstream of marathon road",Beaver Creek,STREAM,MAIN,TRUE,TRUE,TBD,FALSE
2022-08-21T23:45:00Z,15.151,beaver_creek_usgs_temp_3,60.65107,-151.09076,US/Alaska (UTC-9 / UTC-8),"west fork beaver creek, upstream of marathon road",Beaver Creek,STREAM,MAIN,TRUE,TRUE,TBD,FALSE
2022-08-22T00:00:00Z,15.103,beaver_creek_usgs_temp_3,60.65107,-151.09076,US/Alaska (UTC-9 / UTC-8),"west fork beaver creek, upstream of marathon road",Beaver Creek,STREAM,MAIN,TRUE,TRUE,TBD,FALSE
2022-08-22T00:15:00Z,15.079,beaver_creek_usgs_temp_3,60.65107,-151.09076,US/Alaska (UTC-9 / UTC-8),"west fork beaver creek, upstream of marathon road",Beaver Creek,STREAM,MAIN,TRUE,TRUE,TBD,FALSE
2022-08-22T00:30:00Z,15.031,beaver_creek_usgs_temp_3,60.65107,-151.09076,US/Alaska (UTC-9 / UTC-8),"west fork beaver creek, upstream of marathon road",Beaver Creek,STREAM,MAIN,TRUE,TRUE,TBD,FALSE
2022-08-22T00:45:00Z,14.984,beaver_creek_usgs_temp_3,60.65107,-151.09076,US/Alaska (UTC-9 / UTC-8),"west fork beaver creek, upstream of marathon road",Beaver Creek,STREAM,MAIN,TRUE,TRUE,TBD,FALSE
2022-08-22T01:00:00Z,14.96,beaver_creek_usgs_temp_3,60.65107,-151.09076,US/Alaska (UTC-9 / UTC-8),"west fork beaver creek, upstream of marathon road",Beaver Creek,STREAM,MAIN,TRUE,TRUE,TBD,FALSE
2022-08-22T01:15:00Z,14.912,beaver_creek_usgs_temp_3,60.65107,-151.09076,US/Alaska (UTC-9 / UTC-8),"west fork beaver creek, upstream of marathon road",Beaver Creek,STREAM,MAIN,TRUE,TRUE,TBD,FALSE
2022-08-22T01:30:00Z,14.864,beaver_creek_usgs_temp_3,60.65107,-151.09076,US/Alaska (UTC-9 / UTC-8),"west fork beaver creek, upstream of marathon road",Beaver Creek,STREAM,MAIN,TRUE,TRUE,TBD,FALSE
2022-08-22T01:45:00Z,14.84,beaver_creek_usgs_temp_3,60.65107,-151.09076,US/Alaska (UTC-9 / UTC-8),"west fork beaver creek, upstream of marathon road",Beaver Creek,STREAM,MAIN,TRUE,TRUE,TBD,FALSE
2022-08-22T02:00:00Z,14.816,beaver_creek_usgs_temp_3,60.65107,-151.09076,US/Alaska (UTC-9 / UTC-8),"west fork beaver creek, upstream of marathon road",Beaver Creek,STREAM,MAIN,TRUE,TRUE,TBD,FALSE
2022-08-22T02:15:00Z,14.792,beaver_creek_usgs_temp_3,60.65107,-151.09076,US/Alaska (UTC-9 / UTC-8),"west fork beaver creek, upstream of marathon road",Beaver Creek,STREAM,MAIN,TRUE,TRUE,TBD,FALSE
2022-08-22T02:30:00Z,14.745,beaver_creek_usgs_temp_3,60.65107,-151.09076,US/Alaska (UTC-9 / UTC-8),"west fork beaver creek, upstream of marathon road",Beaver Creek,STREAM,MAIN,TRUE,TRUE,TBD,FALSE
2022-08-22T02:45:00Z,14.697,beaver_creek_usgs_temp_3,60.65107,-151.09076,US/Alaska (UTC-9 / UTC-8),"west fork beaver creek, upstream of marathon road",Beaver Creek,STREAM,MAIN,TRUE,TRUE,TBD,FALSE
2022-08-22T03:00:00Z,14.673,beaver_creek_usgs_temp_3,60.65107,-151.09076,US/Alaska (UTC-9 / UTC-8),"west fork beaver creek, upstream of marathon road",Beaver Creek,STREAM,MAIN,TRUE,TRUE,TBD,FALSE
2022-08-22T03:15:00Z,14.649,beaver_creek_usgs_temp_3,60.65107,-151.09076,US/Alaska (UTC-9 / UTC-8),"west fork beaver creek, upstream of marathon road",Beaver Creek,STREAM,MAIN,TRUE,TRUE,TBD,FALSE
2022-08-22T03:30:00Z,14.625,beaver_creek_usgs_temp_3,60.65107,-151.09076,US/Alaska (UTC-9 / UTC-8),"west fork beaver creek, upstream of marathon road",Beaver Creek,STREAM,MAIN,TRUE,TRUE,TBD,FALSE
2022-08-22T03:45:00Z,14.577,beaver_creek_usgs_temp_3,60.65107,-151.09076,US/Alaska (UTC-9 / UTC-8),"west fork beaver creek, upstream of marathon road",Beaver Creek,STREAM,MAIN,TRUE,TRUE,TBD,FALSE
2022-08-22T04:00:00Z,14.577,beaver_creek_usgs_temp_3,60.65107,-151.09076,US/Alaska (UTC-9 / UTC-8),"west fork beaver creek, upstream of marathon road",Beaver Creek,STREAM,MAIN,TRUE,TRUE,TBD,FALSE
2022-08-22T04:15:00Z,14.553,beaver_creek_usgs_temp_3,60.65107,-151.09076,US/Alaska (UTC-9 / UTC-8),"west fork beaver creek, upstream of marathon road",Beaver Creek,STREAM,MAIN,TRUE,TRUE,TBD,FALSE
2022-08-22T04:30:00Z,14.529,beaver_creek_usgs_temp_3,60.65107,-151.09076,US/Alaska (UTC-9 / UTC-8),"west fork beaver creek, upstream of marathon road",Beaver Creek,STREAM,MAIN,TRUE,TRUE,TBD,FALSE
2022-08-22T04:45:00Z,14.481,beaver_creek_usgs_temp_3,60.65107,-151.09076,US/Alaska (UTC-9 / UTC-8),"west fork beaver creek, upstream of marathon road",Beaver Creek,STREAM,MAIN,TRUE,TRUE,TBD,FALSE
2022-08-22T05:00:00Z,14.457,beaver_creek_usgs_temp_3,60.65107,-151.09076,US/Alaska (UTC-9 / UTC-8),"west fork beaver creek, upstream of marathon road",Beaver Creek,STREAM,MAIN,TRUE,TRUE,TBD,FALSE
2022-08-22T05:15:00Z,14.457,beaver_creek_usgs_temp_3,60.65107,-151.09076,US/Alaska (UTC-9 / UTC-8),"west fork beaver creek, upstream of marathon road",Beaver Creek,STREAM,MAIN,TRUE,TRUE,TBD,FALSE
2022-08-22T05:30:00Z,14.409,beaver_creek_usgs_temp_3,60.65107,-151.09076,US/Alaska (UTC-9 / UTC-8),"west fork beaver creek, upstream of marathon road",Beaver Creek,STREAM,MAIN,TRUE,TRUE,TBD,FALSE
2022-08-22T05:45:00Z,14.385,beaver_creek_usgs_temp_3,60.65107,-151.09076,US/Alaska (UTC-9 / UTC-8),"west fork beaver creek, upstream of marathon road",Beaver Creek,STREAM,MAIN,TRUE,TRUE,TBD,FALSE
2022-08-22T06:00:00Z,14.361,beaver_creek_usgs_temp_3,60.65107,-151.09076,US/Alaska (UTC-9 / UTC-8),"west fork beaver creek, upstream of marathon road",Beaver Creek,STREAM,MAIN,TRUE,TRUE,TBD,FALSE
2022-08-22T06:15:00Z,14.337,beaver_creek_usgs_temp_3,60.65107,-151.09076,US/Alaska (UTC-9 / UTC-8),"west fork beaver creek, upstream of marathon road",Beaver Creek,STREAM,MAIN,TRUE,TRUE,TBD,FALSE
2022-08-22T06:30:00Z,14.314,beaver_creek_usgs_temp_3,60.65107,-151.09076,US/Alaska (UTC-9 / UTC-8),"west fork beaver creek, upstream of marathon road",Beaver Creek,STREAM,MAIN,TRUE,TRUE,TBD,FALSE
2022-08-22T06:45:00Z,14.29,beaver_creek_usgs_temp_3,60.65107,-151.09076,US/Alaska (UTC-9 / UTC-8),"west fork beaver creek, upstream of marathon road",Beaver Creek,STREAM,MAIN,TRUE,TRUE,TBD,FALSE
2022-08-22T07:00:00Z,14.266,beaver_creek_usgs_temp_3,60.65107,-151.09076,US/Alaska (UTC-9 / UTC-8),"west fork beaver creek, upstream of marathon road",Beaver Creek,STREAM,MAIN,TRUE,TRUE,TBD,FALSE
2022-08-22T07:15:00Z,14.242,beaver_creek_usgs_temp_3,60.65107,-151.09076,US/Alaska (UTC-9 / UTC-8),"west fork beaver creek, upstream of marathon road",Beaver Creek,STREAM,MAIN,TRUE,TRUE,TBD,FALSE
2022-08-22T07:30:00Z,14.218,beaver_creek_usgs_temp_3,60.65107,-151.09076,US/Alaska (UTC-9 / UTC-8),"west fork beaver creek, upstream of marathon road",Beaver Creek,STREAM,MAIN,TRUE,TRUE,TBD,FALSE
2022-08-22T07:45:00Z,14.194,beaver_creek_usgs_temp_3,60.65107,-151.09076,US/Alaska (UTC-9 / UTC-8),"west fork beaver creek, upstream of marathon road",Beaver Creek,STREAM,MAIN,TRUE,TRUE,TBD,FALSE
2022-08-22T08:00:00Z,14.146,beaver_creek_usgs_temp_3,60.65107,-151.09076,US/Alaska (UTC-9 / UTC-8),"west fork beaver creek, upstream of marathon road",Beaver Creek,STREAM,MAIN,TRUE,TRUE,TBD,FALSE
2022-08-22T08:15:00Z,14.122,beaver_creek_usgs_temp_3,60.65107,-151.09076,US/Alaska (UTC-9 / UTC-8),"west fork beaver creek, upstream of marathon road",Beaver Creek,STREAM,MAIN,TRUE,TRUE,TBD,FALSE
2022-08-22T08:30:00Z,14.098,beaver_creek_usgs_temp_3,60.65107,-151.09076,US/Alaska (UTC-9 / UTC-8),"west fork beaver creek, upstream of marathon road",Beaver Creek,STREAM,MAIN,TRUE,TRUE,TBD,FALSE
2022-08-22T08:45:00Z,14.098,beaver_creek_usgs_temp_3,60.65107,-151.09076,US/Alaska (UTC-9 / UTC-8),"west fork beaver creek, upstream of marathon road",Beaver Creek,STREAM,MAIN,TRUE,TRUE,TBD,FALSE
2022-08-22T09:00:00Z,14.074,beaver_creek_usgs_temp_3,60.65107,-151.09076,US/Alaska (UTC-9 / UTC-8),"west fork beaver creek, upstream of marathon road",Beaver Creek,STREAM,MAIN,TRUE,TRUE,TBD,FALSE
2022-08-22T09:15:00Z,14.05,beaver_creek_usgs_temp_3,60.65107,-151.09076,US/Alaska (UTC-9 / UTC-8),"west fork beaver creek, upstream of marathon road",Beaver Creek,STREAM,MAIN,TRUE,TRUE,TBD,FALSE
2022-08-22T09:30:00Z,14.026,beaver_creek_usgs_temp_3,60.65107,-151.09076,US/Alaska (UTC-9 / UTC-8),"west fork beaver creek, upstream of marathon road",Beaver Creek,STREAM,MAIN,TRUE,TRUE,TBD,FALSE
2022-08-22T09:45:00Z,14.026,beaver_creek_usgs_temp_3,60.65107,-151.09076,US/Alaska (UTC-9 / UTC-8),"west fork beaver creek, upstream of marathon road",Beaver Creek,STREAM,MAIN,TRUE,TRUE,TBD,FALSE
2022-08-22T10:00:00Z,14.002,beaver_creek_usgs_temp_3,60.65107,-151.09076,US/Alaska (UTC-9 / UTC-8),"west fork beaver creek, upstream of marathon road",Beaver Creek,STREAM,MAIN,TRUE,TRUE,TBD,FALSE
2022-08-22T10:15:00Z,14.002,beaver_creek_usgs_temp_3,60.65107,-151.09076,US/Alaska (UTC-9 / UTC-8),"west fork beaver creek, upstream of marathon road",Beaver Creek,STREAM,MAIN,TRUE,TRUE,TBD,FALSE
2022-08-22T10:30:00Z,14.002,beaver_creek_usgs_temp_3,60.65107,-151.09076,US/Alaska (UTC-9 / UTC-8),"west fork beaver creek, upstream of marathon road",Beaver Creek,STREAM,MAIN,TRUE,TRUE,TBD,FALSE
2022-08-22T10:45:00Z,14.002,beaver_creek_usgs_temp_3,60.65107,-151.09076,US/Alaska (UTC-9 / UTC-8),"west fork beaver creek, upstream of marathon road",Beaver Creek,STREAM,MAIN,TRUE,TRUE,TBD,FALSE
2022-08-22T11:00:00Z,14.002,beaver_creek_usgs_temp_3,60.65107,-151.09076,US/Alaska (UTC-9 / UTC-8),"west fork beaver creek, upstream of marathon road",Beaver Creek,STREAM,MAIN,TRUE,TRUE,TBD,FALSE
2022-08-22T11:15:00Z,14.002,beaver_creek_usgs_temp_3,60.65107,-151.09076,US/Alaska (UTC-9 / UTC-8),"west fork beaver creek, upstream of marathon road",Beaver Creek,STREAM,MAIN,TRUE,TRUE,TBD,FALSE
2022-08-22T11:30:00Z,14.026,beaver_creek_usgs_temp_3,60.65107,-151.09076,US/Alaska (UTC-9 / UTC-8),"west fork beaver creek, upstream of marathon road",Beaver Creek,STREAM,MAIN,TRUE,TRUE,TBD,FALSE
2022-08-22T11:45:00Z,14.05,beaver_creek_usgs_temp_3,60.65107,-151.09076,US/Alaska (UTC-9 / UTC-8),"west fork beaver creek, upstream of marathon road",Beaver Creek,STREAM,MAIN,TRUE,TRUE,TBD,FALSE
2022-08-22T12:00:00Z,14.05,beaver_creek_usgs_temp_3,60.65107,-151.09076,US/Alaska (UTC-9 / UTC-8),"west fork beaver creek, upstream of marathon road",Beaver Creek,STREAM,MAIN,TRUE,TRUE,TBD,FALSE
2022-08-22T12:15:00Z,14.098,beaver_creek_usgs_temp_3,60.65107,-151.09076,US/Alaska (UTC-9 / UTC-8),"west fork beaver creek, upstream of marathon road",Beaver Creek,STREAM,MAIN,TRUE,TRUE,TBD,FALSE
2022-08-22T12:30:00Z,14.098,beaver_creek_usgs_temp_3,60.65107,-151.09076,US/Alaska (UTC-9 / UTC-8),"west fork beaver creek, upstream of marathon road",Beaver Creek,STREAM,MAIN,TRUE,TRUE,TBD,FALSE
2022-08-22T12:45:00Z,14.122,beaver_creek_usgs_temp_3,60.65107,-151.09076,US/Alaska (UTC-9 / UTC-8),"west fork beaver creek, upstream of marathon road",Beaver Creek,STREAM,MAIN,TRUE,TRUE,TBD,FALSE
2022-08-22T13:00:00Z,14.17,beaver_creek_usgs_temp_3,60.65107,-151.09076,US/Alaska (UTC-9 / UTC-8),"west fork beaver creek, upstream of marathon road",Beaver Creek,STREAM,MAIN,TRUE,TRUE,TBD,FALSE
2022-08-22T13:15:00Z,14.242,beaver_creek_usgs_temp_3,60.65107,-151.09076,US/Alaska (UTC-9 / UTC-8),"west fork beaver creek, upstream of marathon road",Beaver Creek,STREAM,MAIN,TRUE,TRUE,TBD,FALSE
2022-08-22T13:30:00Z,14.29,beaver_creek_usgs_temp_3,60.65107,-151.09076,US/Alaska (UTC-9 / UTC-8),"west fork beaver creek, upstream of marathon road",Beaver Creek,STREAM,MAIN,TRUE,TRUE,TBD,FALSE
2022-08-22T13:45:00Z,14.337,beaver_creek_usgs_temp_3,60.65107,-151.09076,US/Alaska (UTC-9 / UTC-8),"west fork beaver creek, upstream of marathon road",Beaver Creek,STREAM,MAIN,TRUE,TRUE,TBD,FALSE
2022-08-22T14:00:00Z,14.385,beaver_creek_usgs_temp_3,60.65107,-151.09076,US/Alaska (UTC-9 / UTC-8),"west fork beaver creek, upstream of marathon road",Beaver Creek,STREAM,MAIN,TRUE,TRUE,TBD,FALSE
2022-08-22T14:15:00Z,14.457,beaver_creek_usgs_temp_3,60.65107,-151.09076,US/Alaska (UTC-9 / UTC-8),"west fork beaver creek, upstream of marathon road",Beaver Creek,STREAM,MAIN,TRUE,TRUE,TBD,FALSE
2022-08-22T14:30:00Z,14.553,beaver_creek_usgs_temp_3,60.65107,-151.09076,US/Alaska (UTC-9 / UTC-8),"west fork beaver creek, upstream of marathon road",Beaver Creek,STREAM,MAIN,TRUE,TRUE,TBD,FALSE
2022-08-22T14:45:00Z,14.625,beaver_creek_usgs_temp_3,60.65107,-151.09076,US/Alaska (UTC-9 / UTC-8),"west fork beaver creek, upstream of marathon road",Beaver Creek,STREAM,MAIN,TRUE,TRUE,TBD,FALSE
2022-08-22T15:00:00Z,14.649,beaver_creek_usgs_temp_3,60.65107,-151.09076,US/Alaska (UTC-9 / UTC-8),"west fork beaver creek, upstream of marathon road",Beaver Creek,STREAM,MAIN,TRUE,TRUE,TBD,FALSE
2022-08-22T15:15:00Z,14.673,beaver_creek_usgs_temp_3,60.65107,-151.09076,US/Alaska (UTC-9 / UTC-8),"west fork beaver creek, upstream of marathon road",Beaver Creek,STREAM,MAIN,TRUE,TRUE,TBD,FALSE
2022-08-22T15:30:00Z,14.673,beaver_creek_usgs_temp_3,60.65107,-151.09076,US/Alaska (UTC-9 / UTC-8),"west fork beaver creek, upstream of marathon road",Beaver Creek,STREAM,MAIN,TRUE,TRUE,TBD,FALSE
2022-08-22T15:45:00Z,14.697,beaver_creek_usgs_temp_3,60.65107,-151.09076,US/Alaska (UTC-9 / UTC-8),"west fork beaver creek, upstream of marathon road",Beaver Creek,STREAM,MAIN,TRUE,TRUE,TBD,FALSE
2022-08-22T16:00:00Z,14.721,beaver_creek_usgs_temp_3,60.65107,-151.09076,US/Alaska (UTC-9 / UTC-8),"west fork beaver creek, upstream of marathon road",Beaver Creek,STREAM,MAIN,TRUE,TRUE,TBD,FALSE
2022-08-22T16:15:00Z,14.745,beaver_creek_usgs_temp_3,60.65107,-151.09076,US/Alaska (UTC-9 / UTC-8),"west fork beaver creek, upstream of marathon road",Beaver Creek,STREAM,MAIN,TRUE,TRUE,TBD,FALSE
2022-08-22T16:30:00Z,14.792,beaver_creek_usgs_temp_3,60.65107,-151.09076,US/Alaska (UTC-9 / UTC-8),"west fork beaver creek, upstream of marathon road",Beaver Creek,STREAM,MAIN,TRUE,TRUE,TBD,FALSE
2022-08-22T16:45:00Z,14.792,beaver_creek_usgs_temp_3,60.65107,-151.09076,US/Alaska (UTC-9 / UTC-8),"west fork beaver creek, upstream of marathon road",Beaver Creek,STREAM,MAIN,TRUE,TRUE,TBD,FALSE
2022-08-22T17:00:00Z,14.816,beaver_creek_usgs_temp_3,60.65107,-151.09076,US/Alaska (UTC-9 / UTC-8),"west fork beaver creek, upstream of marathon road",Beaver Creek,STREAM,MAIN,TRUE,TRUE,TBD,FALSE
2022-08-22T17:15:00Z,14.84,beaver_creek_usgs_temp_3,60.65107,-151.09076,US/Alaska (UTC-9 / UTC-8),"west fork beaver creek, upstream of marathon road",Beaver Creek,STREAM,MAIN,TRUE,TRUE,TBD,FALSE
2022-08-22T17:30:00Z,14.864,beaver_creek_usgs_temp_3,60.65107,-151.09076,US/Alaska (UTC-9 / UTC-8),"west fork beaver creek, upstream of marathon road",Beaver Creek,STREAM,MAIN,TRUE,TRUE,TBD,FALSE
2022-08-22T17:45:00Z,14.864,beaver_creek_usgs_temp_3,60.65107,-151.09076,US/Alaska (UTC-9 / UTC-8),"west fork beaver creek, upstream of marathon road",Beaver Creek,STREAM,MAIN,TRUE,TRUE,TBD,FALSE
2022-08-22T18:00:00Z,14.888,beaver_creek_usgs_temp_3,60.65107,-151.09076,US/Alaska (UTC-9 / UTC-8),"west fork beaver creek, upstream of marathon road",Beaver Creek,STREAM,MAIN,TRUE,TRUE,TBD,FALSE
2022-08-22T18:15:00Z,14.888,beaver_creek_usgs_temp_3,60.65107,-151.09076,US/Alaska (UTC-9 / UTC-8),"west fork beaver creek, upstream of marathon road",Beaver Creek,STREAM,MAIN,TRUE,TRUE,TBD,FALSE
2022-08-22T18:30:00Z,14.912,beaver_creek_usgs_temp_3,60.65107,-151.09076,US/Alaska (UTC-9 / UTC-8),"west fork beaver creek, upstream of marathon road",Beaver Creek,STREAM,MAIN,TRUE,TRUE,TBD,FALSE
2022-08-22T18:45:00Z,14.912,beaver_creek_usgs_temp_3,60.65107,-151.09076,US/Alaska (UTC-9 / UTC-8),"west fork beaver creek, upstream of marathon road",Beaver Creek,STREAM,MAIN,TRUE,TRUE,TBD,FALSE
2022-08-22T19:00:00Z,14.912,beaver_creek_usgs_temp_3,60.65107,-151.09076,US/Alaska (UTC-9 / UTC-8),"west fork beaver creek, upstream of marathon road",Beaver Creek,STREAM,MAIN,TRUE,TRUE,TBD,FALSE
2022-08-22T19:15:00Z,14.912,beaver_creek_usgs_temp_3,60.65107,-151.09076,US/Alaska (UTC-9 / UTC-8),"west fork beaver creek, upstream of marathon road",Beaver Creek,STREAM,MAIN,TRUE,TRUE,TBD,FALSE
2022-08-22T19:30:00Z,14.912,beaver_creek_usgs_temp_3,60.65107,-151.09076,US/Alaska (UTC-9 / UTC-8),"west fork beaver creek, upstream of marathon road",Beaver Creek,STREAM,MAIN,TRUE,TRUE,TBD,FALSE
2022-08-22T19:45:00Z,14.912,beaver_creek_usgs_temp_3,60.65107,-151.09076,US/Alaska (UTC-9 / UTC-8),"west fork beaver creek, upstream of marathon road",Beaver Creek,STREAM,MAIN,TRUE,TRUE,TBD,FALSE
2022-08-22T20:00:00Z,14.888,beaver_creek_usgs_temp_3,60.65107,-151.09076,US/Alaska (UTC-9 / UTC-8),"west fork beaver creek, upstream of marathon road",Beaver Creek,STREAM,MAIN,TRUE,TRUE,TBD,FALSE
2022-08-22T20:15:00Z,14.864,beaver_creek_usgs_temp_3,60.65107,-151.09076,US/Alaska (UTC-9 / UTC-8),"west fork beaver creek, upstream of marathon road",Beaver Creek,STREAM,MAIN,TRUE,TRUE,TBD,FALSE
2022-08-22T20:30:00Z,14.864,beaver_creek_usgs_temp_3,60.65107,-151.09076,US/Alaska (UTC-9 / UTC-8),"west fork beaver creek, upstream of marathon road",Beaver Creek,STREAM,MAIN,TRUE,TRUE,TBD,FALSE
2022-08-22T20:45:00Z,14.84,beaver_creek_usgs_temp_3,60.65107,-151.09076,US/Alaska (UTC-9 / UTC-8),"west fork beaver creek, upstream of marathon road",Beaver Creek,STREAM,MAIN,TRUE,TRUE,TBD,FALSE
2022-08-22T21:00:00Z,14.816,beaver_creek_usgs_temp_3,60.65107,-151.09076,US/Alaska (UTC-9 / UTC-8),"west fork beaver creek, upstream of marathon road",Beaver Creek,STREAM,MAIN,TRUE,TRUE,TBD,FALSE
2022-08-22T21:15:00Z,14.792,beaver_creek_usgs_temp_3,60.65107,-151.09076,US/Alaska (UTC-9 / UTC-8),"west fork beaver creek, upstream of marathon road",Beaver Creek,STREAM,MAIN,TRUE,TRUE,TBD,FALSE
2022-08-22T21:30:00Z,14.768,beaver_creek_usgs_temp_3,60.65107,-151.09076,US/Alaska (UTC-9 / UTC-8),"west fork beaver creek, upstream of marathon road",Beaver Creek,STREAM,MAIN,TRUE,TRUE,TBD,FALSE
2022-08-22T21:45:00Z,14.745,beaver_creek_usgs_temp_3,60.65107,-151.09076,US/Alaska (UTC-9 / UTC-8),"west fork beaver creek, upstream of marathon road",Beaver Creek,STREAM,MAIN,TRUE,TRUE,TBD,FALSE
2022-08-22T22:00:00Z,14.721,beaver_creek_usgs_temp_3,60.65107,-151.09076,US/Alaska (UTC-9 / UTC-8),"west fork beaver creek, upstream of marathon road",Beaver Creek,STREAM,MAIN,TRUE,TRUE,TBD,FALSE
2022-08-22T22:15:00Z,14.697,beaver_creek_usgs_temp_3,60.65107,-151.09076,US/Alaska (UTC-9 / UTC-8),"west fork beaver creek, upstream of marathon road",Beaver Creek,STREAM,MAIN,TRUE,TRUE,TBD,FALSE
2022-08-22T22:30:00Z,14.673,beaver_creek_usgs_temp_3,60.65107,-151.09076,US/Alaska (UTC-9 / UTC-8),"west fork beaver creek, upstream of marathon road",Beaver Creek,STREAM,MAIN,TRUE,TRUE,TBD,FALSE
2022-08-22T22:45:00Z,14.649,beaver_creek_usgs_temp_3,60.65107,-151.09076,US/Alaska (UTC-9 / UTC-8),"west fork beaver creek, upstream of marathon road",Beaver Creek,STREAM,MAIN,TRUE,TRUE,TBD,FALSE
2022-08-22T23:00:00Z,14.625,beaver_creek_usgs_temp_3,60.65107,-151.09076,US/Alaska (UTC-9 / UTC-8),"west fork beaver creek, upstream of marathon road",Beaver Creek,STREAM,MAIN,TRUE,TRUE,TBD,FALSE
2022-08-22T23:15:00Z,14.601,beaver_creek_usgs_temp_3,60.65107,-151.09076,US/Alaska (UTC-9 / UTC-8),"west fork beaver creek, upstream of marathon road",Beaver Creek,STREAM,MAIN,TRUE,TRUE,TBD,FALSE
2022-08-22T23:30:00Z,14.577,beaver_creek_usgs_temp_3,60.65107,-151.09076,US/Alaska (UTC-9 / UTC-8),"west fork beaver creek, upstream of marathon road",Beaver Creek,STREAM,MAIN,TRUE,TRUE,TBD,FALSE
2022-08-22T23:45:00Z,14.577,beaver_creek_usgs_temp_3,60.65107,-151.09076,US/Alaska (UTC-9 / UTC-8),"west fork beaver creek, upstream of marathon road",Beaver Creek,STREAM,MAIN,TRUE,TRUE,TBD,FALSE
2022-08-23T00:00:00Z,14.553,beaver_creek_usgs_temp_3,60.65107,-151.09076,US/Alaska (UTC-9 / UTC-8),"west fork beaver creek, upstream of marathon road",Beaver Creek,STREAM,MAIN,TRUE,TRUE,TBD,FALSE
2022-08-23T00:15:00Z,14.529,beaver_creek_usgs_temp_3,60.65107,-151.09076,US/Alaska (UTC-9 / UTC-8),"west fork beaver creek, upstream of marathon road",Beaver Creek,STREAM,MAIN,TRUE,TRUE,TBD,FALSE
2022-08-23T00:30:00Z,14.505,beaver_creek_usgs_temp_3,60.65107,-151.09076,US/Alaska (UTC-9 / UTC-8),"west fork beaver creek, upstream of marathon road",Beaver Creek,STREAM,MAIN,TRUE,TRUE,TBD,FALSE
2022-08-23T00:45:00Z,14.457,beaver_creek_usgs_temp_3,60.65107,-151.09076,US/Alaska (UTC-9 / UTC-8),"west fork beaver creek, upstream of marathon road",Beaver Creek,STREAM,MAIN,TRUE,TRUE,TBD,FALSE
2022-08-23T01:00:00Z,14.433,beaver_creek_usgs_temp_3,60.65107,-151.09076,US/Alaska (UTC-9 / UTC-8),"west fork beaver creek, upstream of marathon road",Beaver Creek,STREAM,MAIN,TRUE,TRUE,TBD,FALSE
2022-08-23T01:15:00Z,14.409,beaver_creek_usgs_temp_3,60.65107,-151.09076,US/Alaska (UTC-9 / UTC-8),"west fork beaver creek, upstream of marathon road",Beaver Creek,STREAM,MAIN,TRUE,TRUE,TBD,FALSE
2022-08-23T01:30:00Z,14.385,beaver_creek_usgs_temp_3,60.65107,-151.09076,US/Alaska (UTC-9 / UTC-8),"west fork beaver creek, upstream of marathon road",Beaver Creek,STREAM,MAIN,TRUE,TRUE,TBD,FALSE
2022-08-23T01:45:00Z,14.337,beaver_creek_usgs_temp_3,60.65107,-151.09076,US/Alaska (UTC-9 / UTC-8),"west fork beaver creek, upstream of marathon road",Beaver Creek,STREAM,MAIN,TRUE,TRUE,TBD,FALSE
2022-08-23T02:00:00Z,14.29,beaver_creek_usgs_temp_3,60.65107,-151.09076,US/Alaska (UTC-9 / UTC-8),"west fork beaver creek, upstream of marathon road",Beaver Creek,STREAM,MAIN,TRUE,TRUE,TBD,FALSE
2022-08-23T02:15:00Z,14.266,beaver_creek_usgs_temp_3,60.65107,-151.09076,US/Alaska (UTC-9 / UTC-8),"west fork beaver creek, upstream of marathon road",Beaver Creek,STREAM,MAIN,TRUE,TRUE,TBD,FALSE
2022-08-23T02:30:00Z,14.218,beaver_creek_usgs_temp_3,60.65107,-151.09076,US/Alaska (UTC-9 / UTC-8),"west fork beaver creek, upstream of marathon road",Beaver Creek,STREAM,MAIN,TRUE,TRUE,TBD,FALSE
2022-08-23T02:45:00Z,14.194,beaver_creek_usgs_temp_3,60.65107,-151.09076,US/Alaska (UTC-9 / UTC-8),"west fork beaver creek, upstream of marathon road",Beaver Creek,STREAM,MAIN,TRUE,TRUE,TBD,FALSE
2022-08-23T03:00:00Z,14.146,beaver_creek_usgs_temp_3,60.65107,-151.09076,US/Alaska (UTC-9 / UTC-8),"west fork beaver creek, upstream of marathon road",Beaver Creek,STREAM,MAIN,TRUE,TRUE,TBD,FALSE
2022-08-23T03:15:00Z,14.122,beaver_creek_usgs_temp_3,60.65107,-151.09076,US/Alaska (UTC-9 / UTC-8),"west fork beaver creek, upstream of marathon road",Beaver Creek,STREAM,MAIN,TRUE,TRUE,TBD,FALSE
2022-08-23T03:30:00Z,14.098,beaver_creek_usgs_temp_3,60.65107,-151.09076,US/Alaska (UTC-9 / UTC-8),"west fork beaver creek, upstream of marathon road",Beaver Creek,STREAM,MAIN,TRUE,TRUE,TBD,FALSE
2022-08-23T03:45:00Z,14.05,beaver_creek_usgs_temp_3,60.65107,-151.09076,US/Alaska (UTC-9 / UTC-8),"west fork beaver creek, upstream of marathon road",Beaver Creek,STREAM,MAIN,TRUE,TRUE,TBD,FALSE
2022-08-23T04:00:00Z,14.002,beaver_creek_usgs_temp_3,60.65107,-151.09076,US/Alaska (UTC-9 / UTC-8),"west fork beaver creek, upstream of marathon road",Beaver Creek,STREAM,MAIN,TRUE,TRUE,TBD,FALSE
2022-08-23T04:15:00Z,13.954,beaver_creek_usgs_temp_3,60.65107,-151.09076,US/Alaska (UTC-9 / UTC-8),"west fork beaver creek, upstream of marathon road",Beaver Creek,STREAM,MAIN,TRUE,TRUE,TBD,FALSE
2022-08-23T04:30:00Z,13.906,beaver_creek_usgs_temp_3,60.65107,-151.09076,US/Alaska (UTC-9 / UTC-8),"west fork beaver creek, upstream of marathon road",Beaver Creek,STREAM,MAIN,TRUE,TRUE,TBD,FALSE
2022-08-23T04:45:00Z,13.882,beaver_creek_usgs_temp_3,60.65107,-151.09076,US/Alaska (UTC-9 / UTC-8),"west fork beaver creek, upstream of marathon road",Beaver Creek,STREAM,MAIN,TRUE,TRUE,TBD,FALSE
2022-08-23T05:00:00Z,13.834,beaver_creek_usgs_temp_3,60.65107,-151.09076,US/Alaska (UTC-9 / UTC-8),"west fork beaver creek, upstream of marathon road",Beaver Creek,STREAM,MAIN,TRUE,TRUE,TBD,FALSE
2022-08-23T05:15:00Z,13.81,beaver_creek_usgs_temp_3,60.65107,-151.09076,US/Alaska (UTC-9 / UTC-8),"west fork beaver creek, upstream of marathon road",Beaver Creek,STREAM,MAIN,TRUE,TRUE,TBD,FALSE
2022-08-23T05:30:00Z,13.762,beaver_creek_usgs_temp_3,60.65107,-151.09076,US/Alaska (UTC-9 / UTC-8),"west fork beaver creek, upstream of marathon road",Beaver Creek,STREAM,MAIN,TRUE,TRUE,TBD,FALSE
2022-08-23T05:45:00Z,13.714,beaver_creek_usgs_temp_3,60.65107,-151.09076,US/Alaska (UTC-9 / UTC-8),"west fork beaver creek, upstream of marathon road",Beaver Creek,STREAM,MAIN,TRUE,TRUE,TBD,FALSE
2022-08-23T06:00:00Z,13.666,beaver_creek_usgs_temp_3,60.65107,-151.09076,US/Alaska (UTC-9 / UTC-8),"west fork beaver creek, upstream of marathon road",Beaver Creek,STREAM,MAIN,TRUE,TRUE,TBD,FALSE
2022-08-23T06:15:00Z,13.618,beaver_creek_usgs_temp_3,60.65107,-151.09076,US/Alaska (UTC-9 / UTC-8),"west fork beaver creek, upstream of marathon road",Beaver Creek,STREAM,MAIN,TRUE,TRUE,TBD,FALSE
2022-08-23T06:30:00Z,13.57,beaver_creek_usgs_temp_3,60.65107,-151.09076,US/Alaska (UTC-9 / UTC-8),"west fork beaver creek, upstream of marathon road",Beaver Creek,STREAM,MAIN,TRUE,TRUE,TBD,FALSE
2022-08-23T06:45:00Z,13.522,beaver_creek_usgs_temp_3,60.65107,-151.09076,US/Alaska (UTC-9 / UTC-8),"west fork beaver creek, upstream of marathon road",Beaver Creek,STREAM,MAIN,TRUE,TRUE,TBD,FALSE
2022-08-23T07:00:00Z,13.497,beaver_creek_usgs_temp_3,60.65107,-151.09076,US/Alaska (UTC-9 / UTC-8),"west fork beaver creek, upstream of marathon road",Beaver Creek,STREAM,MAIN,TRUE,TRUE,TBD,FALSE
2022-08-23T07:15:00Z,13.449,beaver_creek_usgs_temp_3,60.65107,-151.09076,US/Alaska (UTC-9 / UTC-8),"west fork beaver creek, upstream of marathon road",Beaver Creek,STREAM,MAIN,TRUE,TRUE,TBD,FALSE
2022-08-23T07:30:00Z,13.425,beaver_creek_usgs_temp_3,60.65107,-151.09076,US/Alaska (UTC-9 / UTC-8),"west fork beaver creek, upstream of marathon road",Beaver Creek,STREAM,MAIN,TRUE,TRUE,TBD,FALSE
2022-08-23T07:45:00Z,13.401,beaver_creek_usgs_temp_3,60.65107,-151.09076,US/Alaska (UTC-9 / UTC-8),"west fork beaver creek, upstream of marathon road",Beaver Creek,STREAM,MAIN,TRUE,TRUE,TBD,FALSE
2022-08-23T08:00:00Z,13.353,beaver_creek_usgs_temp_3,60.65107,-151.09076,US/Alaska (UTC-9 / UTC-8),"west fork beaver creek, upstream of marathon road",Beaver Creek,STREAM,MAIN,TRUE,TRUE,TBD,FALSE
2022-08-23T08:15:00Z,13.353,beaver_creek_usgs_temp_3,60.65107,-151.09076,US/Alaska (UTC-9 / UTC-8),"west fork beaver creek, upstream of marathon road",Beaver Creek,STREAM,MAIN,TRUE,TRUE,TBD,FALSE
2022-08-23T08:30:00Z,13.377,beaver_creek_usgs_temp_3,60.65107,-151.09076,US/Alaska (UTC-9 / UTC-8),"west fork beaver creek, upstream of marathon road",Beaver Creek,STREAM,MAIN,TRUE,TRUE,TBD,FALSE
2022-08-23T08:45:00Z,13.377,beaver_creek_usgs_temp_3,60.65107,-151.09076,US/Alaska (UTC-9 / UTC-8),"west fork beaver creek, upstream of marathon road",Beaver Creek,STREAM,MAIN,TRUE,TRUE,TBD,FALSE
2022-08-23T09:00:00Z,13.401,beaver_creek_usgs_temp_3,60.65107,-151.09076,US/Alaska (UTC-9 / UTC-8),"west fork beaver creek, upstream of marathon road",Beaver Creek,STREAM,MAIN,TRUE,TRUE,TBD,FALSE
2022-08-23T09:15:00Z,13.425,beaver_creek_usgs_temp_3,60.65107,-151.09076,US/Alaska (UTC-9 / UTC-8),"west fork beaver creek, upstream of marathon road",Beaver Creek,STREAM,MAIN,TRUE,TRUE,TBD,FALSE
2022-08-23T09:30:00Z,13.473,beaver_creek_usgs_temp_3,60.65107,-151.09076,US/Alaska (UTC-9 / UTC-8),"west fork beaver creek, upstream of marathon road",Beaver Creek,STREAM,MAIN,TRUE,TRUE,TBD,FALSE
2022-08-23T09:45:00Z,13.522,beaver_creek_usgs_temp_3,60.65107,-151.09076,US/Alaska (UTC-9 / UTC-8),"west fork beaver creek, upstream of marathon road",Beaver Creek,STREAM,MAIN,TRUE,TRUE,TBD,FALSE
2022-08-23T10:00:00Z,13.546,beaver_creek_usgs_temp_3,60.65107,-151.09076,US/Alaska (UTC-9 / UTC-8),"west fork beaver creek, upstream of marathon road",Beaver Creek,STREAM,MAIN,TRUE,TRUE,TBD,FALSE
2022-08-23T10:15:00Z,13.642,beaver_creek_usgs_temp_3,60.65107,-151.09076,US/Alaska (UTC-9 / UTC-8),"west fork beaver creek, upstream of marathon road",Beaver Creek,STREAM,MAIN,TRUE,TRUE,TBD,FALSE
2022-08-23T10:30:00Z,13.714,beaver_creek_usgs_temp_3,60.65107,-151.09076,US/Alaska (UTC-9 / UTC-8),"west fork beaver creek, upstream of marathon road",Beaver Creek,STREAM,MAIN,TRUE,TRUE,TBD,FALSE
2022-08-23T10:45:00Z,13.714,beaver_creek_usgs_temp_3,60.65107,-151.09076,US/Alaska (UTC-9 / UTC-8),"west fork beaver creek, upstream of marathon road",Beaver Creek,STREAM,MAIN,TRUE,TRUE,TBD,FALSE
2022-08-23T11:00:00Z,13.81,beaver_creek_usgs_temp_3,60.65107,-151.09076,US/Alaska (UTC-9 / UTC-8),"west fork beaver creek, upstream of marathon road",Beaver Creek,STREAM,MAIN,TRUE,TRUE,TBD,FALSE
2022-08-23T11:15:00Z,13.858,beaver_creek_usgs_temp_3,60.65107,-151.09076,US/Alaska (UTC-9 / UTC-8),"west fork beaver creek, upstream of marathon road",Beaver Creek,STREAM,MAIN,TRUE,TRUE,TBD,FALSE
2022-08-23T11:30:00Z,13.882,beaver_creek_usgs_temp_3,60.65107,-151.09076,US/Alaska (UTC-9 / UTC-8),"west fork beaver creek, upstream of marathon road",Beaver Creek,STREAM,MAIN,TRUE,TRUE,TBD,FALSE
2022-08-23T11:45:00Z,14.074,beaver_creek_usgs_temp_3,60.65107,-151.09076,US/Alaska (UTC-9 / UTC-8),"west fork beaver creek, upstream of marathon road",Beaver Creek,STREAM,MAIN,TRUE,TRUE,TBD,FALSE
2022-08-23T12:00:00Z,14.194,beaver_creek_usgs_temp_3,60.65107,-151.09076,US/Alaska (UTC-9 / UTC-8),"west fork beaver creek, upstream of marathon road",Beaver Creek,STREAM,MAIN,TRUE,TRUE,TBD,FALSE
2022-08-23T12:15:00Z,14.314,beaver_creek_usgs_temp_3,60.65107,-151.09076,US/Alaska (UTC-9 / UTC-8),"west fork beaver creek, upstream of marathon road",Beaver Creek,STREAM,MAIN,TRUE,TRUE,TBD,FALSE
2022-08-23T12:30:00Z,14.409,beaver_creek_usgs_temp_3,60.65107,-151.09076,US/Alaska (UTC-9 / UTC-8),"west fork beaver creek, upstream of marathon road",Beaver Creek,STREAM,MAIN,TRUE,TRUE,TBD,FALSE
2022-08-23T12:45:00Z,14.553,beaver_creek_usgs_temp_3,60.65107,-151.09076,US/Alaska (UTC-9 / UTC-8),"west fork beaver creek, upstream of marathon road",Beaver Creek,STREAM,MAIN,TRUE,TRUE,TBD,FALSE
2022-08-23T13:00:00Z,14.745,beaver_creek_usgs_temp_3,60.65107,-151.09076,US/Alaska (UTC-9 / UTC-8),"west fork beaver creek, upstream of marathon road",Beaver Creek,STREAM,MAIN,TRUE,TRUE,TBD,FALSE
2022-08-23T13:15:00Z,14.768,beaver_creek_usgs_temp_3,60.65107,-151.09076,US/Alaska (UTC-9 / UTC-8),"west fork beaver creek, upstream of marathon road",Beaver Creek,STREAM,MAIN,TRUE,TRUE,TBD,FALSE
2022-08-23T13:30:00Z,14.792,beaver_creek_usgs_temp_3,60.65107,-151.09076,US/Alaska (UTC-9 / UTC-8),"west fork beaver creek, upstream of marathon road",Beaver Creek,STREAM,MAIN,TRUE,TRUE,TBD,FALSE
2022-08-23T13:45:00Z,14.84,beaver_creek_usgs_temp_3,60.65107,-151.09076,US/Alaska (UTC-9 / UTC-8),"west fork beaver creek, upstream of marathon road",Beaver Creek,STREAM,MAIN,TRUE,TRUE,TBD,FALSE
2022-08-23T14:00:00Z,14.912,beaver_creek_usgs_temp_3,60.65107,-151.09076,US/Alaska (UTC-9 / UTC-8),"west fork beaver creek, upstream of marathon road",Beaver Creek,STREAM,MAIN,TRUE,TRUE,TBD,FALSE
2022-08-23T14:15:00Z,14.936,beaver_creek_usgs_temp_3,60.65107,-151.09076,US/Alaska (UTC-9 / UTC-8),"west fork beaver creek, upstream of marathon road",Beaver Creek,STREAM,MAIN,TRUE,TRUE,TBD,FALSE
2022-08-23T14:30:00Z,15.008,beaver_creek_usgs_temp_3,60.65107,-151.09076,US/Alaska (UTC-9 / UTC-8),"west fork beaver creek, upstream of marathon road",Beaver Creek,STREAM,MAIN,TRUE,TRUE,TBD,FALSE
2022-08-23T14:45:00Z,15.151,beaver_creek_usgs_temp_3,60.65107,-151.09076,US/Alaska (UTC-9 / UTC-8),"west fork beaver creek, upstream of marathon road",Beaver Creek,STREAM,MAIN,TRUE,TRUE,TBD,FALSE
2022-08-23T15:00:00Z,15.199,beaver_creek_usgs_temp_3,60.65107,-151.09076,US/Alaska (UTC-9 / UTC-8),"west fork beaver creek, upstream of marathon road",Beaver Creek,STREAM,MAIN,TRUE,TRUE,TBD,FALSE
2022-08-23T15:15:00Z,15.199,beaver_creek_usgs_temp_3,60.65107,-151.09076,US/Alaska (UTC-9 / UTC-8),"west fork beaver creek, upstream of marathon road",Beaver Creek,STREAM,MAIN,TRUE,TRUE,TBD,FALSE
2022-08-23T15:30:00Z,15.27,beaver_creek_usgs_temp_3,60.65107,-151.09076,US/Alaska (UTC-9 / UTC-8),"west fork beaver creek, upstream of marathon road",Beaver Creek,STREAM,MAIN,TRUE,TRUE,TBD,FALSE
2022-08-23T15:45:00Z,15.438,beaver_creek_usgs_temp_3,60.65107,-151.09076,US/Alaska (UTC-9 / UTC-8),"west fork beaver creek, upstream of marathon road",Beaver Creek,STREAM,MAIN,TRUE,TRUE,TBD,FALSE
2022-08-23T16:00:00Z,15.605,beaver_creek_usgs_temp_3,60.65107,-151.09076,US/Alaska (UTC-9 / UTC-8),"west fork beaver creek, upstream of marathon road",Beaver Creek,STREAM,MAIN,TRUE,TRUE,TBD,FALSE
2022-08-23T16:15:00Z,15.7,beaver_creek_usgs_temp_3,60.65107,-151.09076,US/Alaska (UTC-9 / UTC-8),"west fork beaver creek, upstream of marathon road",Beaver Creek,STREAM,MAIN,TRUE,TRUE,TBD,FALSE
2022-08-23T16:30:00Z,15.796,beaver_creek_usgs_temp_3,60.65107,-151.09076,US/Alaska (UTC-9 / UTC-8),"west fork beaver creek, upstream of marathon road",Beaver Creek,STREAM,MAIN,TRUE,TRUE,TBD,FALSE
2022-08-23T16:45:00Z,15.843,beaver_creek_usgs_temp_3,60.65107,-151.09076,US/Alaska (UTC-9 / UTC-8),"west fork beaver creek, upstream of marathon road",Beaver Creek,STREAM,MAIN,TRUE,TRUE,TBD,FALSE
2022-08-23T17:00:00Z,15.867,beaver_creek_usgs_temp_3,60.65107,-151.09076,US/Alaska (UTC-9 / UTC-8),"west fork beaver creek, upstream of marathon road",Beaver Creek,STREAM,MAIN,TRUE,TRUE,TBD,FALSE
2022-08-23T17:15:00Z,15.915,beaver_creek_usgs_temp_3,60.65107,-151.09076,US/Alaska (UTC-9 / UTC-8),"west fork beaver creek, upstream of marathon road",Beaver Creek,STREAM,MAIN,TRUE,TRUE,TBD,FALSE
2022-08-23T17:30:00Z,15.963,beaver_creek_usgs_temp_3,60.65107,-151.09076,US/Alaska (UTC-9 / UTC-8),"west fork beaver creek, upstream of marathon road",Beaver Creek,STREAM,MAIN,TRUE,TRUE,TBD,FALSE
2022-08-23T17:45:00Z,15.986,beaver_creek_usgs_temp_3,60.65107,-151.09076,US/Alaska (UTC-9 / UTC-8),"west fork beaver creek, upstream of marathon road",Beaver Creek,STREAM,MAIN,TRUE,TRUE,TBD,FALSE
2022-08-23T18:00:00Z,16.01,beaver_creek_usgs_temp_3,60.65107,-151.09076,US/Alaska (UTC-9 / UTC-8),"west fork beaver creek, upstream of marathon road",Beaver Creek,STREAM,MAIN,TRUE,TRUE,TBD,FALSE
2022-08-23T18:15:00Z,16.034,beaver_creek_usgs_temp_3,60.65107,-151.09076,US/Alaska (UTC-9 / UTC-8),"west fork beaver creek, upstream of marathon road",Beaver Creek,STREAM,MAIN,TRUE,TRUE,TBD,FALSE
2022-08-23T18:30:00Z,16.034,beaver_creek_usgs_temp_3,60.65107,-151.09076,US/Alaska (UTC-9 / UTC-8),"west fork beaver creek, upstream of marathon road",Beaver Creek,STREAM,MAIN,TRUE,TRUE,TBD,FALSE
2022-08-23T18:45:00Z,16.01,beaver_creek_usgs_temp_3,60.65107,-151.09076,US/Alaska (UTC-9 / UTC-8),"west fork beaver creek, upstream of marathon road",Beaver Creek,STREAM,MAIN,TRUE,TRUE,TBD,FALSE
2022-08-23T19:00:00Z,15.986,beaver_creek_usgs_temp_3,60.65107,-151.09076,US/Alaska (UTC-9 / UTC-8),"west fork beaver creek, upstream of marathon road",Beaver Creek,STREAM,MAIN,TRUE,TRUE,TBD,FALSE
2022-08-23T19:15:00Z,15.986,beaver_creek_usgs_temp_3,60.65107,-151.09076,US/Alaska (UTC-9 / UTC-8),"west fork beaver creek, upstream of marathon road",Beaver Creek,STREAM,MAIN,TRUE,TRUE,TBD,FALSE
2022-08-23T19:30:00Z,15.963,beaver_creek_usgs_temp_3,60.65107,-151.09076,US/Alaska (UTC-9 / UTC-8),"west fork beaver creek, upstream of marathon road",Beaver Creek,STREAM,MAIN,TRUE,TRUE,TBD,FALSE
2022-08-23T19:45:00Z,15.963,beaver_creek_usgs_temp_3,60.65107,-151.09076,US/Alaska (UTC-9 / UTC-8),"west fork beaver creek, upstream of marathon road",Beaver Creek,STREAM,MAIN,TRUE,TRUE,TBD,FALSE
2022-08-23T20:00:00Z,15.963,beaver_creek_usgs_temp_3,60.65107,-151.09076,US/Alaska (UTC-9 / UTC-8),"west fork beaver creek, upstream of marathon road",Beaver Creek,STREAM,MAIN,TRUE,TRUE,TBD,FALSE
2022-08-23T20:15:00Z,15.939,beaver_creek_usgs_temp_3,60.65107,-151.09076,US/Alaska (UTC-9 / UTC-8),"west fork beaver creek, upstream of marathon road",Beaver Creek,STREAM,MAIN,TRUE,TRUE,TBD,FALSE
2022-08-23T20:30:00Z,15.915,beaver_creek_usgs_temp_3,60.65107,-151.09076,US/Alaska (UTC-9 / UTC-8),"west fork beaver creek, upstream of marathon road",Beaver Creek,STREAM,MAIN,TRUE,TRUE,TBD,FALSE
2022-08-23T20:45:00Z,15.891,beaver_creek_usgs_temp_3,60.65107,-151.09076,US/Alaska (UTC-9 / UTC-8),"west fork beaver creek, upstream of marathon road",Beaver Creek,STREAM,MAIN,TRUE,TRUE,TBD,FALSE
2022-08-23T21:00:00Z,15.891,beaver_creek_usgs_temp_3,60.65107,-151.09076,US/Alaska (UTC-9 / UTC-8),"west fork beaver creek, upstream of marathon road",Beaver Creek,STREAM,MAIN,TRUE,TRUE,TBD,FALSE
2022-08-23T21:15:00Z,15.867,beaver_creek_usgs_temp_3,60.65107,-151.09076,US/Alaska (UTC-9 / UTC-8),"west fork beaver creek, upstream of marathon road",Beaver Creek,STREAM,MAIN,TRUE,TRUE,TBD,FALSE
2022-08-23T21:30:00Z,15.867,beaver_creek_usgs_temp_3,60.65107,-151.09076,US/Alaska (UTC-9 / UTC-8),"west fork beaver creek, upstream of marathon road",Beaver Creek,STREAM,MAIN,TRUE,TRUE,TBD,FALSE
2022-08-23T21:45:00Z,15.843,beaver_creek_usgs_temp_3,60.65107,-151.09076,US/Alaska (UTC-9 / UTC-8),"west fork beaver creek, upstream of marathon road",Beaver Creek,STREAM,MAIN,TRUE,TRUE,TBD,FALSE
2022-08-23T22:00:00Z,15.819,beaver_creek_usgs_temp_3,60.65107,-151.09076,US/Alaska (UTC-9 / UTC-8),"west fork beaver creek, upstream of marathon road",Beaver Creek,STREAM,MAIN,TRUE,TRUE,TBD,FALSE
2022-08-23T22:15:00Z,15.796,beaver_creek_usgs_temp_3,60.65107,-151.09076,US/Alaska (UTC-9 / UTC-8),"west fork beaver creek, upstream of marathon road",Beaver Creek,STREAM,MAIN,TRUE,TRUE,TBD,FALSE
2022-08-23T22:30:00Z,15.772,beaver_creek_usgs_temp_3,60.65107,-151.09076,US/Alaska (UTC-9 / UTC-8),"west fork beaver creek, upstream of marathon road",Beaver Creek,STREAM,MAIN,TRUE,TRUE,TBD,FALSE
2022-08-23T22:45:00Z,15.724,beaver_creek_usgs_temp_3,60.65107,-151.09076,US/Alaska (UTC-9 / UTC-8),"west fork beaver creek, upstream of marathon road",Beaver Creek,STREAM,MAIN,TRUE,TRUE,TBD,FALSE
2022-08-23T23:00:00Z,15.7,beaver_creek_usgs_temp_3,60.65107,-151.09076,US/Alaska (UTC-9 / UTC-8),"west fork beaver creek, upstream of marathon road",Beaver Creek,STREAM,MAIN,TRUE,TRUE,TBD,FALSE
2022-08-23T23:15:00Z,15.676,beaver_creek_usgs_temp_3,60.65107,-151.09076,US/Alaska (UTC-9 / UTC-8),"west fork beaver creek, upstream of marathon road",Beaver Creek,STREAM,MAIN,TRUE,TRUE,TBD,FALSE
2022-08-23T23:30:00Z,15.652,beaver_creek_usgs_temp_3,60.65107,-151.09076,US/Alaska (UTC-9 / UTC-8),"west fork beaver creek, upstream of marathon road",Beaver Creek,STREAM,MAIN,TRUE,TRUE,TBD,FALSE
2022-08-23T23:45:00Z,15.605,beaver_creek_usgs_temp_3,60.65107,-151.09076,US/Alaska (UTC-9 / UTC-8),"west fork beaver creek, upstream of marathon road",Beaver Creek,STREAM,MAIN,TRUE,TRUE,TBD,FALSE
2022-08-24T00:00:00Z,15.557,beaver_creek_usgs_temp_3,60.65107,-151.09076,US/Alaska (UTC-9 / UTC-8),"west fork beaver creek, upstream of marathon road",Beaver Creek,STREAM,MAIN,TRUE,TRUE,TBD,FALSE
2022-08-24T00:15:00Z,15.533,beaver_creek_usgs_temp_3,60.65107,-151.09076,US/Alaska (UTC-9 / UTC-8),"west fork beaver creek, upstream of marathon road",Beaver Creek,STREAM,MAIN,TRUE,TRUE,TBD,FALSE
2022-08-24T00:30:00Z,15.485,beaver_creek_usgs_temp_3,60.65107,-151.09076,US/Alaska (UTC-9 / UTC-8),"west fork beaver creek, upstream of marathon road",Beaver Creek,STREAM,MAIN,TRUE,TRUE,TBD,FALSE
2022-08-24T00:45:00Z,15.438,beaver_creek_usgs_temp_3,60.65107,-151.09076,US/Alaska (UTC-9 / UTC-8),"west fork beaver creek, upstream of marathon road",Beaver Creek,STREAM,MAIN,TRUE,TRUE,TBD,FALSE
2022-08-24T01:00:00Z,15.414,beaver_creek_usgs_temp_3,60.65107,-151.09076,US/Alaska (UTC-9 / UTC-8),"west fork beaver creek, upstream of marathon road",Beaver Creek,STREAM,MAIN,TRUE,TRUE,TBD,FALSE
2022-08-24T01:15:00Z,15.39,beaver_creek_usgs_temp_3,60.65107,-151.09076,US/Alaska (UTC-9 / UTC-8),"west fork beaver creek, upstream of marathon road",Beaver Creek,STREAM,MAIN,TRUE,TRUE,TBD,FALSE
2022-08-24T01:30:00Z,15.366,beaver_creek_usgs_temp_3,60.65107,-151.09076,US/Alaska (UTC-9 / UTC-8),"west fork beaver creek, upstream of marathon road",Beaver Creek,STREAM,MAIN,TRUE,TRUE,TBD,FALSE
2022-08-24T01:45:00Z,15.318,beaver_creek_usgs_temp_3,60.65107,-151.09076,US/Alaska (UTC-9 / UTC-8),"west fork beaver creek, upstream of marathon road",Beaver Creek,STREAM,MAIN,TRUE,TRUE,TBD,FALSE
2022-08-24T02:00:00Z,15.294,beaver_creek_usgs_temp_3,60.65107,-151.09076,US/Alaska (UTC-9 / UTC-8),"west fork beaver creek, upstream of marathon road",Beaver Creek,STREAM,MAIN,TRUE,TRUE,TBD,FALSE
2022-08-24T02:15:00Z,15.27,beaver_creek_usgs_temp_3,60.65107,-151.09076,US/Alaska (UTC-9 / UTC-8),"west fork beaver creek, upstream of marathon road",Beaver Creek,STREAM,MAIN,TRUE,TRUE,TBD,FALSE
2022-08-24T02:30:00Z,15.247,beaver_creek_usgs_temp_3,60.65107,-151.09076,US/Alaska (UTC-9 / UTC-8),"west fork beaver creek, upstream of marathon road",Beaver Creek,STREAM,MAIN,TRUE,TRUE,TBD,FALSE
2022-08-24T02:45:00Z,15.199,beaver_creek_usgs_temp_3,60.65107,-151.09076,US/Alaska (UTC-9 / UTC-8),"west fork beaver creek, upstream of marathon road",Beaver Creek,STREAM,MAIN,TRUE,TRUE,TBD,FALSE
2022-08-24T03:00:00Z,15.175,beaver_creek_usgs_temp_3,60.65107,-151.09076,US/Alaska (UTC-9 / UTC-8),"west fork beaver creek, upstream of marathon road",Beaver Creek,STREAM,MAIN,TRUE,TRUE,TBD,FALSE
2022-08-24T03:15:00Z,15.151,beaver_creek_usgs_temp_3,60.65107,-151.09076,US/Alaska (UTC-9 / UTC-8),"west fork beaver creek, upstream of marathon road",Beaver Creek,STREAM,MAIN,TRUE,TRUE,TBD,FALSE
2022-08-24T03:30:00Z,15.103,beaver_creek_usgs_temp_3,60.65107,-151.09076,US/Alaska (UTC-9 / UTC-8),"west fork beaver creek, upstream of marathon road",Beaver Creek,STREAM,MAIN,TRUE,TRUE,TBD,FALSE
2022-08-24T03:45:00Z,15.079,beaver_creek_usgs_temp_3,60.65107,-151.09076,US/Alaska (UTC-9 / UTC-8),"west fork beaver creek, upstream of marathon road",Beaver Creek,STREAM,MAIN,TRUE,TRUE,TBD,FALSE
2022-08-24T04:00:00Z,15.055,beaver_creek_usgs_temp_3,60.65107,-151.09076,US/Alaska (UTC-9 / UTC-8),"west fork beaver creek, upstream of marathon road",Beaver Creek,STREAM,MAIN,TRUE,TRUE,TBD,FALSE
2022-08-24T04:15:00Z,15.008,beaver_creek_usgs_temp_3,60.65107,-151.09076,US/Alaska (UTC-9 / UTC-8),"west fork beaver creek, upstream of marathon road",Beaver Creek,STREAM,MAIN,TRUE,TRUE,TBD,FALSE
2022-08-24T04:30:00Z,14.984,beaver_creek_usgs_temp_3,60.65107,-151.09076,US/Alaska (UTC-9 / UTC-8),"west fork beaver creek, upstream of marathon road",Beaver Creek,STREAM,MAIN,TRUE,TRUE,TBD,FALSE
2022-08-24T04:45:00Z,14.96,beaver_creek_usgs_temp_3,60.65107,-151.09076,US/Alaska (UTC-9 / UTC-8),"west fork beaver creek, upstream of marathon road",Beaver Creek,STREAM,MAIN,TRUE,TRUE,TBD,FALSE
2022-08-24T05:00:00Z,14.912,beaver_creek_usgs_temp_3,60.65107,-151.09076,US/Alaska (UTC-9 / UTC-8),"west fork beaver creek, upstream of marathon road",Beaver Creek,STREAM,MAIN,TRUE,TRUE,TBD,FALSE
2022-08-24T05:15:00Z,14.888,beaver_creek_usgs_temp_3,60.65107,-151.09076,US/Alaska (UTC-9 / UTC-8),"west fork beaver creek, upstream of marathon road",Beaver Creek,STREAM,MAIN,TRUE,TRUE,TBD,FALSE
2022-08-24T05:30:00Z,14.84,beaver_creek_usgs_temp_3,60.65107,-151.09076,US/Alaska (UTC-9 / UTC-8),"west fork beaver creek, upstream of marathon road",Beaver Creek,STREAM,MAIN,TRUE,TRUE,TBD,FALSE
2022-08-24T05:45:00Z,14.792,beaver_creek_usgs_temp_3,60.65107,-151.09076,US/Alaska (UTC-9 / UTC-8),"west fork beaver creek, upstream of marathon road",Beaver Creek,STREAM,MAIN,TRUE,TRUE,TBD,FALSE
2022-08-24T06:00:00Z,14.768,beaver_creek_usgs_temp_3,60.65107,-151.09076,US/Alaska (UTC-9 / UTC-8),"west fork beaver creek, upstream of marathon road",Beaver Creek,STREAM,MAIN,TRUE,TRUE,TBD,FALSE
2022-08-24T06:15:00Z,14.721,beaver_creek_usgs_temp_3,60.65107,-151.09076,US/Alaska (UTC-9 / UTC-8),"west fork beaver creek, upstream of marathon road",Beaver Creek,STREAM,MAIN,TRUE,TRUE,TBD,FALSE
2022-08-24T06:30:00Z,14.697,beaver_creek_usgs_temp_3,60.65107,-151.09076,US/Alaska (UTC-9 / UTC-8),"west fork beaver creek, upstream of marathon road",Beaver Creek,STREAM,MAIN,TRUE,TRUE,TBD,FALSE
2022-08-24T06:45:00Z,14.649,beaver_creek_usgs_temp_3,60.65107,-151.09076,US/Alaska (UTC-9 / UTC-8),"west fork beaver creek, upstream of marathon road",Beaver Creek,STREAM,MAIN,TRUE,TRUE,TBD,FALSE
2022-08-24T07:00:00Z,14.625,beaver_creek_usgs_temp_3,60.65107,-151.09076,US/Alaska (UTC-9 / UTC-8),"west fork beaver creek, upstream of marathon road",Beaver Creek,STREAM,MAIN,TRUE,TRUE,TBD,FALSE
2022-08-24T07:15:00Z,14.577,beaver_creek_usgs_temp_3,60.65107,-151.09076,US/Alaska (UTC-9 / UTC-8),"west fork beaver creek, upstream of marathon road",Beaver Creek,STREAM,MAIN,TRUE,TRUE,TBD,FALSE
2022-08-24T07:30:00Z,14.529,beaver_creek_usgs_temp_3,60.65107,-151.09076,US/Alaska (UTC-9 / UTC-8),"west fork beaver creek, upstream of marathon road",Beaver Creek,STREAM,MAIN,TRUE,TRUE,TBD,FALSE
2022-08-24T07:45:00Z,14.481,beaver_creek_usgs_temp_3,60.65107,-151.09076,US/Alaska (UTC-9 / UTC-8),"west fork beaver creek, upstream of marathon road",Beaver Creek,STREAM,MAIN,TRUE,TRUE,TBD,FALSE
2022-08-24T08:00:00Z,14.433,beaver_creek_usgs_temp_3,60.65107,-151.09076,US/Alaska (UTC-9 / UTC-8),"west fork beaver creek, upstream of marathon road",Beaver Creek,STREAM,MAIN,TRUE,TRUE,TBD,FALSE
2022-08-24T08:15:00Z,14.409,beaver_creek_usgs_temp_3,60.65107,-151.09076,US/Alaska (UTC-9 / UTC-8),"west fork beaver creek, upstream of marathon road",Beaver Creek,STREAM,MAIN,TRUE,TRUE,TBD,FALSE
2022-08-24T08:30:00Z,14.385,beaver_creek_usgs_temp_3,60.65107,-151.09076,US/Alaska (UTC-9 / UTC-8),"west fork beaver creek, upstream of marathon road",Beaver Creek,STREAM,MAIN,TRUE,TRUE,TBD,FALSE
2022-08-24T08:45:00Z,14.385,beaver_creek_usgs_temp_3,60.65107,-151.09076,US/Alaska (UTC-9 / UTC-8),"west fork beaver creek, upstream of marathon road",Beaver Creek,STREAM,MAIN,TRUE,TRUE,TBD,FALSE
2022-08-24T09:00:00Z,14.385,beaver_creek_usgs_temp_3,60.65107,-151.09076,US/Alaska (UTC-9 / UTC-8),"west fork beaver creek, upstream of marathon road",Beaver Creek,STREAM,MAIN,TRUE,TRUE,TBD,FALSE
2022-08-24T09:15:00Z,14.409,beaver_creek_usgs_temp_3,60.65107,-151.09076,US/Alaska (UTC-9 / UTC-8),"west fork beaver creek, upstream of marathon road",Beaver Creek,STREAM,MAIN,TRUE,TRUE,TBD,FALSE
2022-08-24T09:30:00Z,14.433,beaver_creek_usgs_temp_3,60.65107,-151.09076,US/Alaska (UTC-9 / UTC-8),"west fork beaver creek, upstream of marathon road",Beaver Creek,STREAM,MAIN,TRUE,TRUE,TBD,FALSE
2022-08-24T09:45:00Z,14.433,beaver_creek_usgs_temp_3,60.65107,-151.09076,US/Alaska (UTC-9 / UTC-8),"west fork beaver creek, upstream of marathon road",Beaver Creek,STREAM,MAIN,TRUE,TRUE,TBD,FALSE
2022-08-24T10:00:00Z,14.457,beaver_creek_usgs_temp_3,60.65107,-151.09076,US/Alaska (UTC-9 / UTC-8),"west fork beaver creek, upstream of marathon road",Beaver Creek,STREAM,MAIN,TRUE,TRUE,TBD,FALSE
2022-08-24T10:15:00Z,14.457,beaver_creek_usgs_temp_3,60.65107,-151.09076,US/Alaska (UTC-9 / UTC-8),"west fork beaver creek, upstream of marathon road",Beaver Creek,STREAM,MAIN,TRUE,TRUE,TBD,FALSE
2022-08-24T10:30:00Z,14.457,beaver_creek_usgs_temp_3,60.65107,-151.09076,US/Alaska (UTC-9 / UTC-8),"west fork beaver creek, upstream of marathon road",Beaver Creek,STREAM,MAIN,TRUE,TRUE,TBD,FALSE
2022-08-24T10:45:00Z,14.457,beaver_creek_usgs_temp_3,60.65107,-151.09076,US/Alaska (UTC-9 / UTC-8),"west fork beaver creek, upstream of marathon road",Beaver Creek,STREAM,MAIN,TRUE,TRUE,TBD,FALSE
2022-08-24T11:00:00Z,14.481,beaver_creek_usgs_temp_3,60.65107,-151.09076,US/Alaska (UTC-9 / UTC-8),"west fork beaver creek, upstream of marathon road",Beaver Creek,STREAM,MAIN,TRUE,TRUE,TBD,FALSE
2022-08-24T11:15:00Z,14.481,beaver_creek_usgs_temp_3,60.65107,-151.09076,US/Alaska (UTC-9 / UTC-8),"west fork beaver creek, upstream of marathon road",Beaver Creek,STREAM,MAIN,TRUE,TRUE,TBD,FALSE
2022-08-24T11:30:00Z,14.481,beaver_creek_usgs_temp_3,60.65107,-151.09076,US/Alaska (UTC-9 / UTC-8),"west fork beaver creek, upstream of marathon road",Beaver Creek,STREAM,MAIN,TRUE,TRUE,TBD,FALSE
2022-08-24T11:45:00Z,14.529,beaver_creek_usgs_temp_3,60.65107,-151.09076,US/Alaska (UTC-9 / UTC-8),"west fork beaver creek, upstream of marathon road",Beaver Creek,STREAM,MAIN,TRUE,TRUE,TBD,FALSE
2022-08-24T12:00:00Z,14.577,beaver_creek_usgs_temp_3,60.65107,-151.09076,US/Alaska (UTC-9 / UTC-8),"west fork beaver creek, upstream of marathon road",Beaver Creek,STREAM,MAIN,TRUE,TRUE,TBD,FALSE
2022-08-24T12:15:00Z,14.625,beaver_creek_usgs_temp_3,60.65107,-151.09076,US/Alaska (UTC-9 / UTC-8),"west fork beaver creek, upstream of marathon road",Beaver Creek,STREAM,MAIN,TRUE,TRUE,TBD,FALSE
2022-08-24T12:30:00Z,14.697,beaver_creek_usgs_temp_3,60.65107,-151.09076,US/Alaska (UTC-9 / UTC-8),"west fork beaver creek, upstream of marathon road",Beaver Creek,STREAM,MAIN,TRUE,TRUE,TBD,FALSE
2022-08-24T12:45:00Z,14.792,beaver_creek_usgs_temp_3,60.65107,-151.09076,US/Alaska (UTC-9 / UTC-8),"west fork beaver creek, upstream of marathon road",Beaver Creek,STREAM,MAIN,TRUE,TRUE,TBD,FALSE
2022-08-24T13:00:00Z,14.864,beaver_creek_usgs_temp_3,60.65107,-151.09076,US/Alaska (UTC-9 / UTC-8),"west fork beaver creek, upstream of marathon road",Beaver Creek,STREAM,MAIN,TRUE,TRUE,TBD,FALSE
2022-08-24T13:15:00Z,14.912,beaver_creek_usgs_temp_3,60.65107,-151.09076,US/Alaska (UTC-9 / UTC-8),"west fork beaver creek, upstream of marathon road",Beaver Creek,STREAM,MAIN,TRUE,TRUE,TBD,FALSE
2022-08-24T13:30:00Z,14.984,beaver_creek_usgs_temp_3,60.65107,-151.09076,US/Alaska (UTC-9 / UTC-8),"west fork beaver creek, upstream of marathon road",Beaver Creek,STREAM,MAIN,TRUE,TRUE,TBD,FALSE
2022-08-24T13:45:00Z,15.055,beaver_creek_usgs_temp_3,60.65107,-151.09076,US/Alaska (UTC-9 / UTC-8),"west fork beaver creek, upstream of marathon road",Beaver Creek,STREAM,MAIN,TRUE,TRUE,TBD,FALSE
2022-08-24T14:00:00Z,15.175,beaver_creek_usgs_temp_3,60.65107,-151.09076,US/Alaska (UTC-9 / UTC-8),"west fork beaver creek, upstream of marathon road",Beaver Creek,STREAM,MAIN,TRUE,TRUE,TBD,FALSE
2022-08-24T14:15:00Z,15.247,beaver_creek_usgs_temp_3,60.65107,-151.09076,US/Alaska (UTC-9 / UTC-8),"west fork beaver creek, upstream of marathon road",Beaver Creek,STREAM,MAIN,TRUE,TRUE,TBD,FALSE
2022-08-24T14:30:00Z,15.318,beaver_creek_usgs_temp_3,60.65107,-151.09076,US/Alaska (UTC-9 / UTC-8),"west fork beaver creek, upstream of marathon road",Beaver Creek,STREAM,MAIN,TRUE,TRUE,TBD,FALSE
2022-08-24T14:45:00Z,15.366,beaver_creek_usgs_temp_3,60.65107,-151.09076,US/Alaska (UTC-9 / UTC-8),"west fork beaver creek, upstream of marathon road",Beaver Creek,STREAM,MAIN,TRUE,TRUE,TBD,FALSE
2022-08-24T15:00:00Z,15.438,beaver_creek_usgs_temp_3,60.65107,-151.09076,US/Alaska (UTC-9 / UTC-8),"west fork beaver creek, upstream of marathon road",Beaver Creek,STREAM,MAIN,TRUE,TRUE,TBD,FALSE
2022-08-24T15:15:00Z,15.509,beaver_creek_usgs_temp_3,60.65107,-151.09076,US/Alaska (UTC-9 / UTC-8),"west fork beaver creek, upstream of marathon road",Beaver Creek,STREAM,MAIN,TRUE,TRUE,TBD,FALSE
2022-08-24T15:30:00Z,15.581,beaver_creek_usgs_temp_3,60.65107,-151.09076,US/Alaska (UTC-9 / UTC-8),"west fork beaver creek, upstream of marathon road",Beaver Creek,STREAM,MAIN,TRUE,TRUE,TBD,FALSE
2022-08-24T15:45:00Z,15.676,beaver_creek_usgs_temp_3,60.65107,-151.09076,US/Alaska (UTC-9 / UTC-8),"west fork beaver creek, upstream of marathon road",Beaver Creek,STREAM,MAIN,TRUE,TRUE,TBD,FALSE
2022-08-24T16:00:00Z,15.819,beaver_creek_usgs_temp_3,60.65107,-151.09076,US/Alaska (UTC-9 / UTC-8),"west fork beaver creek, upstream of marathon road",Beaver Creek,STREAM,MAIN,TRUE,TRUE,TBD,FALSE
2022-08-24T16:15:00Z,15.891,beaver_creek_usgs_temp_3,60.65107,-151.09076,US/Alaska (UTC-9 / UTC-8),"west fork beaver creek, upstream of marathon road",Beaver Creek,STREAM,MAIN,TRUE,TRUE,TBD,FALSE
2022-08-24T16:30:00Z,15.986,beaver_creek_usgs_temp_3,60.65107,-151.09076,US/Alaska (UTC-9 / UTC-8),"west fork beaver creek, upstream of marathon road",Beaver Creek,STREAM,MAIN,TRUE,TRUE,TBD,FALSE
2022-08-24T16:45:00Z,16.106,beaver_creek_usgs_temp_3,60.65107,-151.09076,US/Alaska (UTC-9 / UTC-8),"west fork beaver creek, upstream of marathon road",Beaver Creek,STREAM,MAIN,TRUE,TRUE,TBD,FALSE
2022-08-24T17:00:00Z,16.177,beaver_creek_usgs_temp_3,60.65107,-151.09076,US/Alaska (UTC-9 / UTC-8),"west fork beaver creek, upstream of marathon road",Beaver Creek,STREAM,MAIN,TRUE,TRUE,TBD,FALSE
2022-08-24T17:15:00Z,16.272,beaver_creek_usgs_temp_3,60.65107,-151.09076,US/Alaska (UTC-9 / UTC-8),"west fork beaver creek, upstream of marathon road",Beaver Creek,STREAM,MAIN,TRUE,TRUE,TBD,FALSE
2022-08-24T17:30:00Z,16.344,beaver_creek_usgs_temp_3,60.65107,-151.09076,US/Alaska (UTC-9 / UTC-8),"west fork beaver creek, upstream of marathon road",Beaver Creek,STREAM,MAIN,TRUE,TRUE,TBD,FALSE
2022-08-24T17:45:00Z,16.439,beaver_creek_usgs_temp_3,60.65107,-151.09076,US/Alaska (UTC-9 / UTC-8),"west fork beaver creek, upstream of marathon road",Beaver Creek,STREAM,MAIN,TRUE,TRUE,TBD,FALSE
2022-08-24T18:00:00Z,16.487,beaver_creek_usgs_temp_3,60.65107,-151.09076,US/Alaska (UTC-9 / UTC-8),"west fork beaver creek, upstream of marathon road",Beaver Creek,STREAM,MAIN,TRUE,TRUE,TBD,FALSE
2022-08-24T18:15:00Z,16.582,beaver_creek_usgs_temp_3,60.65107,-151.09076,US/Alaska (UTC-9 / UTC-8),"west fork beaver creek, upstream of marathon road",Beaver Creek,STREAM,MAIN,TRUE,TRUE,TBD,FALSE
2022-08-24T18:30:00Z,16.677,beaver_creek_usgs_temp_3,60.65107,-151.09076,US/Alaska (UTC-9 / UTC-8),"west fork beaver creek, upstream of marathon road",Beaver Creek,STREAM,MAIN,TRUE,TRUE,TBD,FALSE
2022-08-24T18:45:00Z,16.725,beaver_creek_usgs_temp_3,60.65107,-151.09076,US/Alaska (UTC-9 / UTC-8),"west fork beaver creek, upstream of marathon road",Beaver Creek,STREAM,MAIN,TRUE,TRUE,TBD,FALSE
2022-08-24T19:00:00Z,16.773,beaver_creek_usgs_temp_3,60.65107,-151.09076,US/Alaska (UTC-9 / UTC-8),"west fork beaver creek, upstream of marathon road",Beaver Creek,STREAM,MAIN,TRUE,TRUE,TBD,FALSE
2022-08-24T19:15:00Z,16.844,beaver_creek_usgs_temp_3,60.65107,-151.09076,US/Alaska (UTC-9 / UTC-8),"west fork beaver creek, upstream of marathon road",Beaver Creek,STREAM,MAIN,TRUE,TRUE,TBD,FALSE
2022-08-24T19:30:00Z,16.82,beaver_creek_usgs_temp_3,60.65107,-151.09076,US/Alaska (UTC-9 / UTC-8),"west fork beaver creek, upstream of marathon road",Beaver Creek,STREAM,MAIN,TRUE,TRUE,TBD,FALSE
2022-08-24T19:45:00Z,16.82,beaver_creek_usgs_temp_3,60.65107,-151.09076,US/Alaska (UTC-9 / UTC-8),"west fork beaver creek, upstream of marathon road",Beaver Creek,STREAM,MAIN,TRUE,TRUE,TBD,FALSE
2022-08-24T20:00:00Z,16.82,beaver_creek_usgs_temp_3,60.65107,-151.09076,US/Alaska (UTC-9 / UTC-8),"west fork beaver creek, upstream of marathon road",Beaver Creek,STREAM,MAIN,TRUE,TRUE,TBD,FALSE
2022-08-24T20:15:00Z,16.82,beaver_creek_usgs_temp_3,60.65107,-151.09076,US/Alaska (UTC-9 / UTC-8),"west fork beaver creek, upstream of marathon road",Beaver Creek,STREAM,MAIN,TRUE,TRUE,TBD,FALSE
2022-08-24T20:30:00Z,16.844,beaver_creek_usgs_temp_3,60.65107,-151.09076,US/Alaska (UTC-9 / UTC-8),"west fork beaver creek, upstream of marathon road",Beaver Creek,STREAM,MAIN,TRUE,TRUE,TBD,FALSE
2022-08-24T20:45:00Z,16.868,beaver_creek_usgs_temp_3,60.65107,-151.09076,US/Alaska (UTC-9 / UTC-8),"west fork beaver creek, upstream of marathon road",Beaver Creek,STREAM,MAIN,TRUE,TRUE,TBD,FALSE
2022-08-24T21:00:00Z,16.868,beaver_creek_usgs_temp_3,60.65107,-151.09076,US/Alaska (UTC-9 / UTC-8),"west fork beaver creek, upstream of marathon road",Beaver Creek,STREAM,MAIN,TRUE,TRUE,TBD,FALSE
2022-08-24T21:15:00Z,16.868,beaver_creek_usgs_temp_3,60.65107,-151.09076,US/Alaska (UTC-9 / UTC-8),"west fork beaver creek, upstream of marathon road",Beaver Creek,STREAM,MAIN,TRUE,TRUE,TBD,FALSE
2022-08-24T21:30:00Z,16.868,beaver_creek_usgs_temp_3,60.65107,-151.09076,US/Alaska (UTC-9 / UTC-8),"west fork beaver creek, upstream of marathon road",Beaver Creek,STREAM,MAIN,TRUE,TRUE,TBD,FALSE
2022-08-24T21:45:00Z,16.844,beaver_creek_usgs_temp_3,60.65107,-151.09076,US/Alaska (UTC-9 / UTC-8),"west fork beaver creek, upstream of marathon road",Beaver Creek,STREAM,MAIN,TRUE,TRUE,TBD,FALSE
2022-08-24T22:00:00Z,16.844,beaver_creek_usgs_temp_3,60.65107,-151.09076,US/Alaska (UTC-9 / UTC-8),"west fork beaver creek, upstream of marathon road",Beaver Creek,STREAM,MAIN,TRUE,TRUE,TBD,FALSE
2022-08-24T22:15:00Z,16.82,beaver_creek_usgs_temp_3,60.65107,-151.09076,US/Alaska (UTC-9 / UTC-8),"west fork beaver creek, upstream of marathon road",Beaver Creek,STREAM,MAIN,TRUE,TRUE,TBD,FALSE
2022-08-24T22:30:00Z,16.796,beaver_creek_usgs_temp_3,60.65107,-151.09076,US/Alaska (UTC-9 / UTC-8),"west fork beaver creek, upstream of marathon road",Beaver Creek,STREAM,MAIN,TRUE,TRUE,TBD,FALSE
2022-08-24T22:45:00Z,16.773,beaver_creek_usgs_temp_3,60.65107,-151.09076,US/Alaska (UTC-9 / UTC-8),"west fork beaver creek, upstream of marathon road",Beaver Creek,STREAM,MAIN,TRUE,TRUE,TBD,FALSE
2022-08-24T23:00:00Z,16.725,beaver_creek_usgs_temp_3,60.65107,-151.09076,US/Alaska (UTC-9 / UTC-8),"west fork beaver creek, upstream of marathon road",Beaver Creek,STREAM,MAIN,TRUE,TRUE,TBD,FALSE
2022-08-24T23:15:00Z,16.701,beaver_creek_usgs_temp_3,60.65107,-151.09076,US/Alaska (UTC-9 / UTC-8),"west fork beaver creek, upstream of marathon road",Beaver Creek,STREAM,MAIN,TRUE,TRUE,TBD,FALSE
2022-08-24T23:30:00Z,16.677,beaver_creek_usgs_temp_3,60.65107,-151.09076,US/Alaska (UTC-9 / UTC-8),"west fork beaver creek, upstream of marathon road",Beaver Creek,STREAM,MAIN,TRUE,TRUE,TBD,FALSE
2022-08-24T23:45:00Z,16.63,beaver_creek_usgs_temp_3,60.65107,-151.09076,US/Alaska (UTC-9 / UTC-8),"west fork beaver creek, upstream of marathon road",Beaver Creek,STREAM,MAIN,TRUE,TRUE,TBD,FALSE
2022-08-25T00:00:00Z,16.606,beaver_creek_usgs_temp_3,60.65107,-151.09076,US/Alaska (UTC-9 / UTC-8),"west fork beaver creek, upstream of marathon road",Beaver Creek,STREAM,MAIN,TRUE,TRUE,TBD,FALSE
2022-08-25T00:15:00Z,16.534,beaver_creek_usgs_temp_3,60.65107,-151.09076,US/Alaska (UTC-9 / UTC-8),"west fork beaver creek, upstream of marathon road",Beaver Creek,STREAM,MAIN,TRUE,TRUE,TBD,FALSE
2022-08-25T00:30:00Z,16.511,beaver_creek_usgs_temp_3,60.65107,-151.09076,US/Alaska (UTC-9 / UTC-8),"west fork beaver creek, upstream of marathon road",Beaver Creek,STREAM,MAIN,TRUE,TRUE,TBD,FALSE
2022-08-25T00:45:00Z,16.463,beaver_creek_usgs_temp_3,60.65107,-151.09076,US/Alaska (UTC-9 / UTC-8),"west fork beaver creek, upstream of marathon road",Beaver Creek,STREAM,MAIN,TRUE,TRUE,TBD,FALSE
2022-08-25T01:00:00Z,16.415,beaver_creek_usgs_temp_3,60.65107,-151.09076,US/Alaska (UTC-9 / UTC-8),"west fork beaver creek, upstream of marathon road",Beaver Creek,STREAM,MAIN,TRUE,TRUE,TBD,FALSE
2022-08-25T01:15:00Z,16.368,beaver_creek_usgs_temp_3,60.65107,-151.09076,US/Alaska (UTC-9 / UTC-8),"west fork beaver creek, upstream of marathon road",Beaver Creek,STREAM,MAIN,TRUE,TRUE,TBD,FALSE
2022-08-25T01:30:00Z,16.296,beaver_creek_usgs_temp_3,60.65107,-151.09076,US/Alaska (UTC-9 / UTC-8),"west fork beaver creek, upstream of marathon road",Beaver Creek,STREAM,MAIN,TRUE,TRUE,TBD,FALSE
2022-08-25T01:45:00Z,16.249,beaver_creek_usgs_temp_3,60.65107,-151.09076,US/Alaska (UTC-9 / UTC-8),"west fork beaver creek, upstream of marathon road",Beaver Creek,STREAM,MAIN,TRUE,TRUE,TBD,FALSE
2022-08-25T02:00:00Z,16.201,beaver_creek_usgs_temp_3,60.65107,-151.09076,US/Alaska (UTC-9 / UTC-8),"west fork beaver creek, upstream of marathon road",Beaver Creek,STREAM,MAIN,TRUE,TRUE,TBD,FALSE
2022-08-25T02:15:00Z,16.153,beaver_creek_usgs_temp_3,60.65107,-151.09076,US/Alaska (UTC-9 / UTC-8),"west fork beaver creek, upstream of marathon road",Beaver Creek,STREAM,MAIN,TRUE,TRUE,TBD,FALSE
2022-08-25T02:30:00Z,16.106,beaver_creek_usgs_temp_3,60.65107,-151.09076,US/Alaska (UTC-9 / UTC-8),"west fork beaver creek, upstream of marathon road",Beaver Creek,STREAM,MAIN,TRUE,TRUE,TBD,FALSE
2022-08-25T02:45:00Z,16.058,beaver_creek_usgs_temp_3,60.65107,-151.09076,US/Alaska (UTC-9 / UTC-8),"west fork beaver creek, upstream of marathon road",Beaver Creek,STREAM,MAIN,TRUE,TRUE,TBD,FALSE
2022-08-25T03:00:00Z,16.01,beaver_creek_usgs_temp_3,60.65107,-151.09076,US/Alaska (UTC-9 / UTC-8),"west fork beaver creek, upstream of marathon road",Beaver Creek,STREAM,MAIN,TRUE,TRUE,TBD,FALSE
2022-08-25T03:15:00Z,15.963,beaver_creek_usgs_temp_3,60.65107,-151.09076,US/Alaska (UTC-9 / UTC-8),"west fork beaver creek, upstream of marathon road",Beaver Creek,STREAM,MAIN,TRUE,TRUE,TBD,FALSE
2022-08-25T03:30:00Z,15.939,beaver_creek_usgs_temp_3,60.65107,-151.09076,US/Alaska (UTC-9 / UTC-8),"west fork beaver creek, upstream of marathon road",Beaver Creek,STREAM,MAIN,TRUE,TRUE,TBD,FALSE
2022-08-25T03:45:00Z,15.891,beaver_creek_usgs_temp_3,60.65107,-151.09076,US/Alaska (UTC-9 / UTC-8),"west fork beaver creek, upstream of marathon road",Beaver Creek,STREAM,MAIN,TRUE,TRUE,TBD,FALSE
2022-08-25T04:00:00Z,15.843,beaver_creek_usgs_temp_3,60.65107,-151.09076,US/Alaska (UTC-9 / UTC-8),"west fork beaver creek, upstream of marathon road",Beaver Creek,STREAM,MAIN,TRUE,TRUE,TBD,FALSE
2022-08-25T04:15:00Z,15.819,beaver_creek_usgs_temp_3,60.65107,-151.09076,US/Alaska (UTC-9 / UTC-8),"west fork beaver creek, upstream of marathon road",Beaver Creek,STREAM,MAIN,TRUE,TRUE,TBD,FALSE
2022-08-25T04:30:00Z,15.772,beaver_creek_usgs_temp_3,60.65107,-151.09076,US/Alaska (UTC-9 / UTC-8),"west fork beaver creek, upstream of marathon road",Beaver Creek,STREAM,MAIN,TRUE,TRUE,TBD,FALSE
2022-08-25T04:45:00Z,15.748,beaver_creek_usgs_temp_3,60.65107,-151.09076,US/Alaska (UTC-9 / UTC-8),"west fork beaver creek, upstream of marathon road",Beaver Creek,STREAM,MAIN,TRUE,TRUE,TBD,FALSE
2022-08-25T05:00:00Z,15.7,beaver_creek_usgs_temp_3,60.65107,-151.09076,US/Alaska (UTC-9 / UTC-8),"west fork beaver creek, upstream of marathon road",Beaver Creek,STREAM,MAIN,TRUE,TRUE,TBD,FALSE
2022-08-25T05:15:00Z,15.652,beaver_creek_usgs_temp_3,60.65107,-151.09076,US/Alaska (UTC-9 / UTC-8),"west fork beaver creek, upstream of marathon road",Beaver Creek,STREAM,MAIN,TRUE,TRUE,TBD,FALSE
2022-08-25T05:30:00Z,15.629,beaver_creek_usgs_temp_3,60.65107,-151.09076,US/Alaska (UTC-9 / UTC-8),"west fork beaver creek, upstream of marathon road",Beaver Creek,STREAM,MAIN,TRUE,TRUE,TBD,FALSE
2022-08-25T05:45:00Z,15.581,beaver_creek_usgs_temp_3,60.65107,-151.09076,US/Alaska (UTC-9 / UTC-8),"west fork beaver creek, upstream of marathon road",Beaver Creek,STREAM,MAIN,TRUE,TRUE,TBD,FALSE
2022-08-25T06:00:00Z,15.533,beaver_creek_usgs_temp_3,60.65107,-151.09076,US/Alaska (UTC-9 / UTC-8),"west fork beaver creek, upstream of marathon road",Beaver Creek,STREAM,MAIN,TRUE,TRUE,TBD,FALSE
2022-08-25T06:15:00Z,15.485,beaver_creek_usgs_temp_3,60.65107,-151.09076,US/Alaska (UTC-9 / UTC-8),"west fork beaver creek, upstream of marathon road",Beaver Creek,STREAM,MAIN,TRUE,TRUE,TBD,FALSE
2022-08-25T06:30:00Z,15.438,beaver_creek_usgs_temp_3,60.65107,-151.09076,US/Alaska (UTC-9 / UTC-8),"west fork beaver creek, upstream of marathon road",Beaver Creek,STREAM,MAIN,TRUE,TRUE,TBD,FALSE
2022-08-25T06:45:00Z,15.414,beaver_creek_usgs_temp_3,60.65107,-151.09076,US/Alaska (UTC-9 / UTC-8),"west fork beaver creek, upstream of marathon road",Beaver Creek,STREAM,MAIN,TRUE,TRUE,TBD,FALSE
2022-08-25T07:00:00Z,15.366,beaver_creek_usgs_temp_3,60.65107,-151.09076,US/Alaska (UTC-9 / UTC-8),"west fork beaver creek, upstream of marathon road",Beaver Creek,STREAM,MAIN,TRUE,TRUE,TBD,FALSE
2022-08-25T07:15:00Z,15.318,beaver_creek_usgs_temp_3,60.65107,-151.09076,US/Alaska (UTC-9 / UTC-8),"west fork beaver creek, upstream of marathon road",Beaver Creek,STREAM,MAIN,TRUE,TRUE,TBD,FALSE
2022-08-25T07:30:00Z,15.27,beaver_creek_usgs_temp_3,60.65107,-151.09076,US/Alaska (UTC-9 / UTC-8),"west fork beaver creek, upstream of marathon road",Beaver Creek,STREAM,MAIN,TRUE,TRUE,TBD,FALSE
2022-08-25T07:45:00Z,15.223,beaver_creek_usgs_temp_3,60.65107,-151.09076,US/Alaska (UTC-9 / UTC-8),"west fork beaver creek, upstream of marathon road",Beaver Creek,STREAM,MAIN,TRUE,TRUE,TBD,FALSE
2022-08-25T08:00:00Z,15.199,beaver_creek_usgs_temp_3,60.65107,-151.09076,US/Alaska (UTC-9 / UTC-8),"west fork beaver creek, upstream of marathon road",Beaver Creek,STREAM,MAIN,TRUE,TRUE,TBD,FALSE
2022-08-25T08:15:00Z,15.151,beaver_creek_usgs_temp_3,60.65107,-151.09076,US/Alaska (UTC-9 / UTC-8),"west fork beaver creek, upstream of marathon road",Beaver Creek,STREAM,MAIN,TRUE,TRUE,TBD,FALSE
2022-08-25T08:30:00Z,15.103,beaver_creek_usgs_temp_3,60.65107,-151.09076,US/Alaska (UTC-9 / UTC-8),"west fork beaver creek, upstream of marathon road",Beaver Creek,STREAM,MAIN,TRUE,TRUE,TBD,FALSE
2022-08-25T08:45:00Z,15.103,beaver_creek_usgs_temp_3,60.65107,-151.09076,US/Alaska (UTC-9 / UTC-8),"west fork beaver creek, upstream of marathon road",Beaver Creek,STREAM,MAIN,TRUE,TRUE,TBD,FALSE
2022-08-25T09:00:00Z,15.079,beaver_creek_usgs_temp_3,60.65107,-151.09076,US/Alaska (UTC-9 / UTC-8),"west fork beaver creek, upstream of marathon road",Beaver Creek,STREAM,MAIN,TRUE,TRUE,TBD,FALSE
2022-08-25T09:15:00Z,15.103,beaver_creek_usgs_temp_3,60.65107,-151.09076,US/Alaska (UTC-9 / UTC-8),"west fork beaver creek, upstream of marathon road",Beaver Creek,STREAM,MAIN,TRUE,TRUE,TBD,FALSE
2022-08-25T09:30:00Z,15.079,beaver_creek_usgs_temp_3,60.65107,-151.09076,US/Alaska (UTC-9 / UTC-8),"west fork beaver creek, upstream of marathon road",Beaver Creek,STREAM,MAIN,TRUE,TRUE,TBD,FALSE
2022-08-25T09:45:00Z,15.055,beaver_creek_usgs_temp_3,60.65107,-151.09076,US/Alaska (UTC-9 / UTC-8),"west fork beaver creek, upstream of marathon road",Beaver Creek,STREAM,MAIN,TRUE,TRUE,TBD,FALSE
2022-08-25T10:00:00Z,15.031,beaver_creek_usgs_temp_3,60.65107,-151.09076,US/Alaska (UTC-9 / UTC-8),"west fork beaver creek, upstream of marathon road",Beaver Creek,STREAM,MAIN,TRUE,TRUE,TBD,FALSE
2022-08-25T10:15:00Z,15.008,beaver_creek_usgs_temp_3,60.65107,-151.09076,US/Alaska (UTC-9 / UTC-8),"west fork beaver creek, upstream of marathon road",Beaver Creek,STREAM,MAIN,TRUE,TRUE,TBD,FALSE
2022-08-25T10:30:00Z,15.008,beaver_creek_usgs_temp_3,60.65107,-151.09076,US/Alaska (UTC-9 / UTC-8),"west fork beaver creek, upstream of marathon road",Beaver Creek,STREAM,MAIN,TRUE,TRUE,TBD,FALSE
2022-08-25T10:45:00Z,15.031,beaver_creek_usgs_temp_3,60.65107,-151.09076,US/Alaska (UTC-9 / UTC-8),"west fork beaver creek, upstream of marathon road",Beaver Creek,STREAM,MAIN,TRUE,TRUE,TBD,FALSE
2022-08-25T11:00:00Z,15.031,beaver_creek_usgs_temp_3,60.65107,-151.09076,US/Alaska (UTC-9 / UTC-8),"west fork beaver creek, upstream of marathon road",Beaver Creek,STREAM,MAIN,TRUE,TRUE,TBD,FALSE
2022-08-25T11:15:00Z,15.031,beaver_creek_usgs_temp_3,60.65107,-151.09076,US/Alaska (UTC-9 / UTC-8),"west fork beaver creek, upstream of marathon road",Beaver Creek,STREAM,MAIN,TRUE,TRUE,TBD,FALSE
2022-08-25T11:30:00Z,15.055,beaver_creek_usgs_temp_3,60.65107,-151.09076,US/Alaska (UTC-9 / UTC-8),"west fork beaver creek, upstream of marathon road",Beaver Creek,STREAM,MAIN,TRUE,TRUE,TBD,FALSE
2022-08-25T11:45:00Z,15.079,beaver_creek_usgs_temp_3,60.65107,-151.09076,US/Alaska (UTC-9 / UTC-8),"west fork beaver creek, upstream of marathon road",Beaver Creek,STREAM,MAIN,TRUE,TRUE,TBD,FALSE
2022-08-25T12:00:00Z,15.103,beaver_creek_usgs_temp_3,60.65107,-151.09076,US/Alaska (UTC-9 / UTC-8),"west fork beaver creek, upstream of marathon road",Beaver Creek,STREAM,MAIN,TRUE,TRUE,TBD,FALSE
2022-08-25T12:15:00Z,15.151,beaver_creek_usgs_temp_3,60.65107,-151.09076,US/Alaska (UTC-9 / UTC-8),"west fork beaver creek, upstream of marathon road",Beaver Creek,STREAM,MAIN,TRUE,TRUE,TBD,FALSE
2022-08-25T12:30:00Z,15.151,beaver_creek_usgs_temp_3,60.65107,-151.09076,US/Alaska (UTC-9 / UTC-8),"west fork beaver creek, upstream of marathon road",Beaver Creek,STREAM,MAIN,TRUE,TRUE,TBD,FALSE
2022-08-25T12:45:00Z,15.175,beaver_creek_usgs_temp_3,60.65107,-151.09076,US/Alaska (UTC-9 / UTC-8),"west fork beaver creek, upstream of marathon road",Beaver Creek,STREAM,MAIN,TRUE,TRUE,TBD,FALSE
2022-08-25T13:00:00Z,15.199,beaver_creek_usgs_temp_3,60.65107,-151.09076,US/Alaska (UTC-9 / UTC-8),"west fork beaver creek, upstream of marathon road",Beaver Creek,STREAM,MAIN,TRUE,TRUE,TBD,FALSE
2022-08-25T13:15:00Z,15.247,beaver_creek_usgs_temp_3,60.65107,-151.09076,US/Alaska (UTC-9 / UTC-8),"west fork beaver creek, upstream of marathon road",Beaver Creek,STREAM,MAIN,TRUE,TRUE,TBD,FALSE
2022-08-25T13:30:00Z,15.27,beaver_creek_usgs_temp_3,60.65107,-151.09076,US/Alaska (UTC-9 / UTC-8),"west fork beaver creek, upstream of marathon road",Beaver Creek,STREAM,MAIN,TRUE,TRUE,TBD,FALSE
2022-08-25T13:45:00Z,15.342,beaver_creek_usgs_temp_3,60.65107,-151.09076,US/Alaska (UTC-9 / UTC-8),"west fork beaver creek, upstream of marathon road",Beaver Creek,STREAM,MAIN,TRUE,TRUE,TBD,FALSE
2022-08-25T14:00:00Z,15.39,beaver_creek_usgs_temp_3,60.65107,-151.09076,US/Alaska (UTC-9 / UTC-8),"west fork beaver creek, upstream of marathon road",Beaver Creek,STREAM,MAIN,TRUE,TRUE,TBD,FALSE
2022-08-25T14:15:00Z,15.461,beaver_creek_usgs_temp_3,60.65107,-151.09076,US/Alaska (UTC-9 / UTC-8),"west fork beaver creek, upstream of marathon road",Beaver Creek,STREAM,MAIN,TRUE,TRUE,TBD,FALSE
2022-08-25T14:30:00Z,15.485,beaver_creek_usgs_temp_3,60.65107,-151.09076,US/Alaska (UTC-9 / UTC-8),"west fork beaver creek, upstream of marathon road",Beaver Creek,STREAM,MAIN,TRUE,TRUE,TBD,FALSE
2022-08-25T14:45:00Z,15.485,beaver_creek_usgs_temp_3,60.65107,-151.09076,US/Alaska (UTC-9 / UTC-8),"west fork beaver creek, upstream of marathon road",Beaver Creek,STREAM,MAIN,TRUE,TRUE,TBD,FALSE
2022-08-25T15:00:00Z,15.461,beaver_creek_usgs_temp_3,60.65107,-151.09076,US/Alaska (UTC-9 / UTC-8),"west fork beaver creek, upstream of marathon road",Beaver Creek,STREAM,MAIN,TRUE,TRUE,TBD,FALSE
2022-08-25T15:15:00Z,15.438,beaver_creek_usgs_temp_3,60.65107,-151.09076,US/Alaska (UTC-9 / UTC-8),"west fork beaver creek, upstream of marathon road",Beaver Creek,STREAM,MAIN,TRUE,TRUE,TBD,FALSE
2022-08-25T15:30:00Z,15.485,beaver_creek_usgs_temp_3,60.65107,-151.09076,US/Alaska (UTC-9 / UTC-8),"west fork beaver creek, upstream of marathon road",Beaver Creek,STREAM,MAIN,TRUE,TRUE,TBD,FALSE
2022-08-25T15:45:00Z,15.533,beaver_creek_usgs_temp_3,60.65107,-151.09076,US/Alaska (UTC-9 / UTC-8),"west fork beaver creek, upstream of marathon road",Beaver Creek,STREAM,MAIN,TRUE,TRUE,TBD,FALSE
2022-08-25T16:00:00Z,15.557,beaver_creek_usgs_temp_3,60.65107,-151.09076,US/Alaska (UTC-9 / UTC-8),"west fork beaver creek, upstream of marathon road",Beaver Creek,STREAM,MAIN,TRUE,TRUE,TBD,FALSE
2022-08-25T16:15:00Z,15.581,beaver_creek_usgs_temp_3,60.65107,-151.09076,US/Alaska (UTC-9 / UTC-8),"west fork beaver creek, upstream of marathon road",Beaver Creek,STREAM,MAIN,TRUE,TRUE,TBD,FALSE
2022-08-25T16:30:00Z,15.581,beaver_creek_usgs_temp_3,60.65107,-151.09076,US/Alaska (UTC-9 / UTC-8),"west fork beaver creek, upstream of marathon road",Beaver Creek,STREAM,MAIN,TRUE,TRUE,TBD,FALSE
2022-08-25T16:45:00Z,15.629,beaver_creek_usgs_temp_3,60.65107,-151.09076,US/Alaska (UTC-9 / UTC-8),"west fork beaver creek, upstream of marathon road",Beaver Creek,STREAM,MAIN,TRUE,TRUE,TBD,FALSE
2022-08-25T17:00:00Z,15.676,beaver_creek_usgs_temp_3,60.65107,-151.09076,US/Alaska (UTC-9 / UTC-8),"west fork beaver creek, upstream of marathon road",Beaver Creek,STREAM,MAIN,TRUE,TRUE,TBD,FALSE
2022-08-25T17:15:00Z,15.676,beaver_creek_usgs_temp_3,60.65107,-151.09076,US/Alaska (UTC-9 / UTC-8),"west fork beaver creek, upstream of marathon road",Beaver Creek,STREAM,MAIN,TRUE,TRUE,TBD,FALSE
2022-08-25T17:30:00Z,15.629,beaver_creek_usgs_temp_3,60.65107,-151.09076,US/Alaska (UTC-9 / UTC-8),"west fork beaver creek, upstream of marathon road",Beaver Creek,STREAM,MAIN,TRUE,TRUE,TBD,FALSE
2022-08-25T17:45:00Z,15.605,beaver_creek_usgs_temp_3,60.65107,-151.09076,US/Alaska (UTC-9 / UTC-8),"west fork beaver creek, upstream of marathon road",Beaver Creek,STREAM,MAIN,TRUE,TRUE,TBD,FALSE
2022-08-25T18:00:00Z,15.605,beaver_creek_usgs_temp_3,60.65107,-151.09076,US/Alaska (UTC-9 / UTC-8),"west fork beaver creek, upstream of marathon road",Beaver Creek,STREAM,MAIN,TRUE,TRUE,TBD,FALSE
2022-08-25T18:15:00Z,15.629,beaver_creek_usgs_temp_3,60.65107,-151.09076,US/Alaska (UTC-9 / UTC-8),"west fork beaver creek, upstream of marathon road",Beaver Creek,STREAM,MAIN,TRUE,TRUE,TBD,FALSE
2022-08-25T18:30:00Z,15.605,beaver_creek_usgs_temp_3,60.65107,-151.09076,US/Alaska (UTC-9 / UTC-8),"west fork beaver creek, upstream of marathon road",Beaver Creek,STREAM,MAIN,TRUE,TRUE,TBD,FALSE
2022-08-25T18:45:00Z,15.605,beaver_creek_usgs_temp_3,60.65107,-151.09076,US/Alaska (UTC-9 / UTC-8),"west fork beaver creek, upstream of marathon road",Beaver Creek,STREAM,MAIN,TRUE,TRUE,TBD,FALSE
2022-08-25T19:00:00Z,15.581,beaver_creek_usgs_temp_3,60.65107,-151.09076,US/Alaska (UTC-9 / UTC-8),"west fork beaver creek, upstream of marathon road",Beaver Creek,STREAM,MAIN,TRUE,TRUE,TBD,FALSE
2022-08-25T19:15:00Z,15.557,beaver_creek_usgs_temp_3,60.65107,-151.09076,US/Alaska (UTC-9 / UTC-8),"west fork beaver creek, upstream of marathon road",Beaver Creek,STREAM,MAIN,TRUE,TRUE,TBD,FALSE
2022-08-25T19:30:00Z,15.533,beaver_creek_usgs_temp_3,60.65107,-151.09076,US/Alaska (UTC-9 / UTC-8),"west fork beaver creek, upstream of marathon road",Beaver Creek,STREAM,MAIN,TRUE,TRUE,TBD,FALSE
2022-08-25T19:45:00Z,15.533,beaver_creek_usgs_temp_3,60.65107,-151.09076,US/Alaska (UTC-9 / UTC-8),"west fork beaver creek, upstream of marathon road",Beaver Creek,STREAM,MAIN,TRUE,TRUE,TBD,FALSE
2022-08-25T20:00:00Z,15.509,beaver_creek_usgs_temp_3,60.65107,-151.09076,US/Alaska (UTC-9 / UTC-8),"west fork beaver creek, upstream of marathon road",Beaver Creek,STREAM,MAIN,TRUE,TRUE,TBD,FALSE
2022-08-25T20:15:00Z,15.485,beaver_creek_usgs_temp_3,60.65107,-151.09076,US/Alaska (UTC-9 / UTC-8),"west fork beaver creek, upstream of marathon road",Beaver Creek,STREAM,MAIN,TRUE,TRUE,TBD,FALSE
2022-08-25T20:30:00Z,15.461,beaver_creek_usgs_temp_3,60.65107,-151.09076,US/Alaska (UTC-9 / UTC-8),"west fork beaver creek, upstream of marathon road",Beaver Creek,STREAM,MAIN,TRUE,TRUE,TBD,FALSE
2022-08-25T20:45:00Z,15.414,beaver_creek_usgs_temp_3,60.65107,-151.09076,US/Alaska (UTC-9 / UTC-8),"west fork beaver creek, upstream of marathon road",Beaver Creek,STREAM,MAIN,TRUE,TRUE,TBD,FALSE
2022-08-25T21:00:00Z,15.39,beaver_creek_usgs_temp_3,60.65107,-151.09076,US/Alaska (UTC-9 / UTC-8),"west fork beaver creek, upstream of marathon road",Beaver Creek,STREAM,MAIN,TRUE,TRUE,TBD,FALSE
2022-08-25T21:15:00Z,15.342,beaver_creek_usgs_temp_3,60.65107,-151.09076,US/Alaska (UTC-9 / UTC-8),"west fork beaver creek, upstream of marathon road",Beaver Creek,STREAM,MAIN,TRUE,TRUE,TBD,FALSE
2022-08-25T21:30:00Z,15.318,beaver_creek_usgs_temp_3,60.65107,-151.09076,US/Alaska (UTC-9 / UTC-8),"west fork beaver creek, upstream of marathon road",Beaver Creek,STREAM,MAIN,TRUE,TRUE,TBD,FALSE
2022-08-25T21:45:00Z,15.27,beaver_creek_usgs_temp_3,60.65107,-151.09076,US/Alaska (UTC-9 / UTC-8),"west fork beaver creek, upstream of marathon road",Beaver Creek,STREAM,MAIN,TRUE,TRUE,TBD,FALSE
2022-08-25T22:00:00Z,15.247,beaver_creek_usgs_temp_3,60.65107,-151.09076,US/Alaska (UTC-9 / UTC-8),"west fork beaver creek, upstream of marathon road",Beaver Creek,STREAM,MAIN,TRUE,TRUE,TBD,FALSE
2022-08-25T22:15:00Z,15.199,beaver_creek_usgs_temp_3,60.65107,-151.09076,US/Alaska (UTC-9 / UTC-8),"west fork beaver creek, upstream of marathon road",Beaver Creek,STREAM,MAIN,TRUE,TRUE,TBD,FALSE
2022-08-25T22:30:00Z,15.151,beaver_creek_usgs_temp_3,60.65107,-151.09076,US/Alaska (UTC-9 / UTC-8),"west fork beaver creek, upstream of marathon road",Beaver Creek,STREAM,MAIN,TRUE,TRUE,TBD,FALSE
2022-08-25T22:45:00Z,15.127,beaver_creek_usgs_temp_3,60.65107,-151.09076,US/Alaska (UTC-9 / UTC-8),"west fork beaver creek, upstream of marathon road",Beaver Creek,STREAM,MAIN,TRUE,TRUE,TBD,FALSE
2022-08-25T23:00:00Z,15.079,beaver_creek_usgs_temp_3,60.65107,-151.09076,US/Alaska (UTC-9 / UTC-8),"west fork beaver creek, upstream of marathon road",Beaver Creek,STREAM,MAIN,TRUE,TRUE,TBD,FALSE
2022-08-25T23:15:00Z,15.055,beaver_creek_usgs_temp_3,60.65107,-151.09076,US/Alaska (UTC-9 / UTC-8),"west fork beaver creek, upstream of marathon road",Beaver Creek,STREAM,MAIN,TRUE,TRUE,TBD,FALSE
2022-08-25T23:30:00Z,15.008,beaver_creek_usgs_temp_3,60.65107,-151.09076,US/Alaska (UTC-9 / UTC-8),"west fork beaver creek, upstream of marathon road",Beaver Creek,STREAM,MAIN,TRUE,TRUE,TBD,FALSE
2022-08-25T23:45:00Z,14.984,beaver_creek_usgs_temp_3,60.65107,-151.09076,US/Alaska (UTC-9 / UTC-8),"west fork beaver creek, upstream of marathon road",Beaver Creek,STREAM,MAIN,TRUE,TRUE,TBD,FALSE
2022-08-26T00:00:00Z,14.936,beaver_creek_usgs_temp_3,60.65107,-151.09076,US/Alaska (UTC-9 / UTC-8),"west fork beaver creek, upstream of marathon road",Beaver Creek,STREAM,MAIN,TRUE,TRUE,TBD,FALSE
2022-08-26T00:15:00Z,14.912,beaver_creek_usgs_temp_3,60.65107,-151.09076,US/Alaska (UTC-9 / UTC-8),"west fork beaver creek, upstream of marathon road",Beaver Creek,STREAM,MAIN,TRUE,TRUE,TBD,FALSE
2022-08-26T00:30:00Z,14.864,beaver_creek_usgs_temp_3,60.65107,-151.09076,US/Alaska (UTC-9 / UTC-8),"west fork beaver creek, upstream of marathon road",Beaver Creek,STREAM,MAIN,TRUE,TRUE,TBD,FALSE
2022-08-26T00:45:00Z,14.84,beaver_creek_usgs_temp_3,60.65107,-151.09076,US/Alaska (UTC-9 / UTC-8),"west fork beaver creek, upstream of marathon road",Beaver Creek,STREAM,MAIN,TRUE,TRUE,TBD,FALSE
2022-08-26T01:00:00Z,14.816,beaver_creek_usgs_temp_3,60.65107,-151.09076,US/Alaska (UTC-9 / UTC-8),"west fork beaver creek, upstream of marathon road",Beaver Creek,STREAM,MAIN,TRUE,TRUE,TBD,FALSE
2022-08-26T01:15:00Z,14.768,beaver_creek_usgs_temp_3,60.65107,-151.09076,US/Alaska (UTC-9 / UTC-8),"west fork beaver creek, upstream of marathon road",Beaver Creek,STREAM,MAIN,TRUE,TRUE,TBD,FALSE
2022-08-26T01:30:00Z,14.745,beaver_creek_usgs_temp_3,60.65107,-151.09076,US/Alaska (UTC-9 / UTC-8),"west fork beaver creek, upstream of marathon road",Beaver Creek,STREAM,MAIN,TRUE,TRUE,TBD,FALSE
2022-08-26T01:45:00Z,14.697,beaver_creek_usgs_temp_3,60.65107,-151.09076,US/Alaska (UTC-9 / UTC-8),"west fork beaver creek, upstream of marathon road",Beaver Creek,STREAM,MAIN,TRUE,TRUE,TBD,FALSE
2022-08-26T02:00:00Z,14.673,beaver_creek_usgs_temp_3,60.65107,-151.09076,US/Alaska (UTC-9 / UTC-8),"west fork beaver creek, upstream of marathon road",Beaver Creek,STREAM,MAIN,TRUE,TRUE,TBD,FALSE
2022-08-26T02:15:00Z,14.625,beaver_creek_usgs_temp_3,60.65107,-151.09076,US/Alaska (UTC-9 / UTC-8),"west fork beaver creek, upstream of marathon road",Beaver Creek,STREAM,MAIN,TRUE,TRUE,TBD,FALSE
2022-08-26T02:30:00Z,14.577,beaver_creek_usgs_temp_3,60.65107,-151.09076,US/Alaska (UTC-9 / UTC-8),"west fork beaver creek, upstream of marathon road",Beaver Creek,STREAM,MAIN,TRUE,TRUE,TBD,FALSE
2022-08-26T02:45:00Z,14.529,beaver_creek_usgs_temp_3,60.65107,-151.09076,US/Alaska (UTC-9 / UTC-8),"west fork beaver creek, upstream of marathon road",Beaver Creek,STREAM,MAIN,TRUE,TRUE,TBD,FALSE
2022-08-26T03:00:00Z,14.505,beaver_creek_usgs_temp_3,60.65107,-151.09076,US/Alaska (UTC-9 / UTC-8),"west fork beaver creek, upstream of marathon road",Beaver Creek,STREAM,MAIN,TRUE,TRUE,TBD,FALSE
2022-08-26T03:15:00Z,14.481,beaver_creek_usgs_temp_3,60.65107,-151.09076,US/Alaska (UTC-9 / UTC-8),"west fork beaver creek, upstream of marathon road",Beaver Creek,STREAM,MAIN,TRUE,TRUE,TBD,FALSE
2022-08-26T03:30:00Z,14.433,beaver_creek_usgs_temp_3,60.65107,-151.09076,US/Alaska (UTC-9 / UTC-8),"west fork beaver creek, upstream of marathon road",Beaver Creek,STREAM,MAIN,TRUE,TRUE,TBD,FALSE
2022-08-26T03:45:00Z,14.409,beaver_creek_usgs_temp_3,60.65107,-151.09076,US/Alaska (UTC-9 / UTC-8),"west fork beaver creek, upstream of marathon road",Beaver Creek,STREAM,MAIN,TRUE,TRUE,TBD,FALSE
2022-08-26T04:00:00Z,14.361,beaver_creek_usgs_temp_3,60.65107,-151.09076,US/Alaska (UTC-9 / UTC-8),"west fork beaver creek, upstream of marathon road",Beaver Creek,STREAM,MAIN,TRUE,TRUE,TBD,FALSE
2022-08-26T04:15:00Z,14.337,beaver_creek_usgs_temp_3,60.65107,-151.09076,US/Alaska (UTC-9 / UTC-8),"west fork beaver creek, upstream of marathon road",Beaver Creek,STREAM,MAIN,TRUE,TRUE,TBD,FALSE
2022-08-26T04:30:00Z,14.29,beaver_creek_usgs_temp_3,60.65107,-151.09076,US/Alaska (UTC-9 / UTC-8),"west fork beaver creek, upstream of marathon road",Beaver Creek,STREAM,MAIN,TRUE,TRUE,TBD,FALSE
2022-08-26T04:45:00Z,14.266,beaver_creek_usgs_temp_3,60.65107,-151.09076,US/Alaska (UTC-9 / UTC-8),"west fork beaver creek, upstream of marathon road",Beaver Creek,STREAM,MAIN,TRUE,TRUE,TBD,FALSE
2022-08-26T05:00:00Z,14.242,beaver_creek_usgs_temp_3,60.65107,-151.09076,US/Alaska (UTC-9 / UTC-8),"west fork beaver creek, upstream of marathon road",Beaver Creek,STREAM,MAIN,TRUE,TRUE,TBD,FALSE
2022-08-26T05:15:00Z,14.194,beaver_creek_usgs_temp_3,60.65107,-151.09076,US/Alaska (UTC-9 / UTC-8),"west fork beaver creek, upstream of marathon road",Beaver Creek,STREAM,MAIN,TRUE,TRUE,TBD,FALSE
2022-08-26T05:30:00Z,14.17,beaver_creek_usgs_temp_3,60.65107,-151.09076,US/Alaska (UTC-9 / UTC-8),"west fork beaver creek, upstream of marathon road",Beaver Creek,STREAM,MAIN,TRUE,TRUE,TBD,FALSE
2022-08-26T05:45:00Z,14.146,beaver_creek_usgs_temp_3,60.65107,-151.09076,US/Alaska (UTC-9 / UTC-8),"west fork beaver creek, upstream of marathon road",Beaver Creek,STREAM,MAIN,TRUE,TRUE,TBD,FALSE
2022-08-26T06:00:00Z,14.122,beaver_creek_usgs_temp_3,60.65107,-151.09076,US/Alaska (UTC-9 / UTC-8),"west fork beaver creek, upstream of marathon road",Beaver Creek,STREAM,MAIN,TRUE,TRUE,TBD,FALSE
2022-08-26T06:15:00Z,14.074,beaver_creek_usgs_temp_3,60.65107,-151.09076,US/Alaska (UTC-9 / UTC-8),"west fork beaver creek, upstream of marathon road",Beaver Creek,STREAM,MAIN,TRUE,TRUE,TBD,FALSE
2022-08-26T06:30:00Z,14.05,beaver_creek_usgs_temp_3,60.65107,-151.09076,US/Alaska (UTC-9 / UTC-8),"west fork beaver creek, upstream of marathon road",Beaver Creek,STREAM,MAIN,TRUE,TRUE,TBD,FALSE
2022-08-26T06:45:00Z,14.026,beaver_creek_usgs_temp_3,60.65107,-151.09076,US/Alaska (UTC-9 / UTC-8),"west fork beaver creek, upstream of marathon road",Beaver Creek,STREAM,MAIN,TRUE,TRUE,TBD,FALSE
2022-08-26T07:00:00Z,14.002,beaver_creek_usgs_temp_3,60.65107,-151.09076,US/Alaska (UTC-9 / UTC-8),"west fork beaver creek, upstream of marathon road",Beaver Creek,STREAM,MAIN,TRUE,TRUE,TBD,FALSE
2022-08-26T07:15:00Z,13.954,beaver_creek_usgs_temp_3,60.65107,-151.09076,US/Alaska (UTC-9 / UTC-8),"west fork beaver creek, upstream of marathon road",Beaver Creek,STREAM,MAIN,TRUE,TRUE,TBD,FALSE
2022-08-26T07:30:00Z,13.93,beaver_creek_usgs_temp_3,60.65107,-151.09076,US/Alaska (UTC-9 / UTC-8),"west fork beaver creek, upstream of marathon road",Beaver Creek,STREAM,MAIN,TRUE,TRUE,TBD,FALSE
2022-08-26T07:45:00Z,13.93,beaver_creek_usgs_temp_3,60.65107,-151.09076,US/Alaska (UTC-9 / UTC-8),"west fork beaver creek, upstream of marathon road",Beaver Creek,STREAM,MAIN,TRUE,TRUE,TBD,FALSE
2022-08-26T08:00:00Z,13.906,beaver_creek_usgs_temp_3,60.65107,-151.09076,US/Alaska (UTC-9 / UTC-8),"west fork beaver creek, upstream of marathon road",Beaver Creek,STREAM,MAIN,TRUE,TRUE,TBD,FALSE
2022-08-26T08:15:00Z,13.882,beaver_creek_usgs_temp_3,60.65107,-151.09076,US/Alaska (UTC-9 / UTC-8),"west fork beaver creek, upstream of marathon road",Beaver Creek,STREAM,MAIN,TRUE,TRUE,TBD,FALSE
2022-08-26T08:30:00Z,13.882,beaver_creek_usgs_temp_3,60.65107,-151.09076,US/Alaska (UTC-9 / UTC-8),"west fork beaver creek, upstream of marathon road",Beaver Creek,STREAM,MAIN,TRUE,TRUE,TBD,FALSE
2022-08-26T08:45:00Z,13.858,beaver_creek_usgs_temp_3,60.65107,-151.09076,US/Alaska (UTC-9 / UTC-8),"west fork beaver creek, upstream of marathon road",Beaver Creek,STREAM,MAIN,TRUE,TRUE,TBD,FALSE
2022-08-26T09:00:00Z,13.858,beaver_creek_usgs_temp_3,60.65107,-151.09076,US/Alaska (UTC-9 / UTC-8),"west fork beaver creek, upstream of marathon road",Beaver Creek,STREAM,MAIN,TRUE,TRUE,TBD,FALSE
2022-08-26T09:15:00Z,13.858,beaver_creek_usgs_temp_3,60.65107,-151.09076,US/Alaska (UTC-9 / UTC-8),"west fork beaver creek, upstream of marathon road",Beaver Creek,STREAM,MAIN,TRUE,TRUE,TBD,FALSE
2022-08-26T09:30:00Z,13.858,beaver_creek_usgs_temp_3,60.65107,-151.09076,US/Alaska (UTC-9 / UTC-8),"west fork beaver creek, upstream of marathon road",Beaver Creek,STREAM,MAIN,TRUE,TRUE,TBD,FALSE
2022-08-26T09:45:00Z,13.858,beaver_creek_usgs_temp_3,60.65107,-151.09076,US/Alaska (UTC-9 / UTC-8),"west fork beaver creek, upstream of marathon road",Beaver Creek,STREAM,MAIN,TRUE,TRUE,TBD,FALSE
2022-08-26T10:00:00Z,13.858,beaver_creek_usgs_temp_3,60.65107,-151.09076,US/Alaska (UTC-9 / UTC-8),"west fork beaver creek, upstream of marathon road",Beaver Creek,STREAM,MAIN,TRUE,TRUE,TBD,FALSE
2022-08-26T10:15:00Z,13.834,beaver_creek_usgs_temp_3,60.65107,-151.09076,US/Alaska (UTC-9 / UTC-8),"west fork beaver creek, upstream of marathon road",Beaver Creek,STREAM,MAIN,TRUE,TRUE,TBD,FALSE
2022-08-26T10:30:00Z,13.834,beaver_creek_usgs_temp_3,60.65107,-151.09076,US/Alaska (UTC-9 / UTC-8),"west fork beaver creek, upstream of marathon road",Beaver Creek,STREAM,MAIN,TRUE,TRUE,TBD,FALSE
2022-08-26T10:45:00Z,13.81,beaver_creek_usgs_temp_3,60.65107,-151.09076,US/Alaska (UTC-9 / UTC-8),"west fork beaver creek, upstream of marathon road",Beaver Creek,STREAM,MAIN,TRUE,TRUE,TBD,FALSE
2022-08-26T11:00:00Z,13.786,beaver_creek_usgs_temp_3,60.65107,-151.09076,US/Alaska (UTC-9 / UTC-8),"west fork beaver creek, upstream of marathon road",Beaver Creek,STREAM,MAIN,TRUE,TRUE,TBD,FALSE
2022-08-26T11:15:00Z,13.786,beaver_creek_usgs_temp_3,60.65107,-151.09076,US/Alaska (UTC-9 / UTC-8),"west fork beaver creek, upstream of marathon road",Beaver Creek,STREAM,MAIN,TRUE,TRUE,TBD,FALSE
2022-08-26T11:30:00Z,13.81,beaver_creek_usgs_temp_3,60.65107,-151.09076,US/Alaska (UTC-9 / UTC-8),"west fork beaver creek, upstream of marathon road",Beaver Creek,STREAM,MAIN,TRUE,TRUE,TBD,FALSE
2022-08-26T11:45:00Z,13.834,beaver_creek_usgs_temp_3,60.65107,-151.09076,US/Alaska (UTC-9 / UTC-8),"west fork beaver creek, upstream of marathon road",Beaver Creek,STREAM,MAIN,TRUE,TRUE,TBD,FALSE
2022-08-26T12:00:00Z,13.858,beaver_creek_usgs_temp_3,60.65107,-151.09076,US/Alaska (UTC-9 / UTC-8),"west fork beaver creek, upstream of marathon road",Beaver Creek,STREAM,MAIN,TRUE,TRUE,TBD,FALSE
2022-08-26T12:15:00Z,13.882,beaver_creek_usgs_temp_3,60.65107,-151.09076,US/Alaska (UTC-9 / UTC-8),"west fork beaver creek, upstream of marathon road",Beaver Creek,STREAM,MAIN,TRUE,TRUE,TBD,FALSE
2022-08-26T12:30:00Z,13.906,beaver_creek_usgs_temp_3,60.65107,-151.09076,US/Alaska (UTC-9 / UTC-8),"west fork beaver creek, upstream of marathon road",Beaver Creek,STREAM,MAIN,TRUE,TRUE,TBD,FALSE
2022-08-26T12:45:00Z,13.906,beaver_creek_usgs_temp_3,60.65107,-151.09076,US/Alaska (UTC-9 / UTC-8),"west fork beaver creek, upstream of marathon road",Beaver Creek,STREAM,MAIN,TRUE,TRUE,TBD,FALSE
2022-08-26T13:00:00Z,13.978,beaver_creek_usgs_temp_3,60.65107,-151.09076,US/Alaska (UTC-9 / UTC-8),"west fork beaver creek, upstream of marathon road",Beaver Creek,STREAM,MAIN,TRUE,TRUE,TBD,FALSE
2022-08-26T13:15:00Z,14.026,beaver_creek_usgs_temp_3,60.65107,-151.09076,US/Alaska (UTC-9 / UTC-8),"west fork beaver creek, upstream of marathon road",Beaver Creek,STREAM,MAIN,TRUE,TRUE,TBD,FALSE
2022-08-26T13:30:00Z,14.074,beaver_creek_usgs_temp_3,60.65107,-151.09076,US/Alaska (UTC-9 / UTC-8),"west fork beaver creek, upstream of marathon road",Beaver Creek,STREAM,MAIN,TRUE,TRUE,TBD,FALSE
2022-08-26T13:45:00Z,14.098,beaver_creek_usgs_temp_3,60.65107,-151.09076,US/Alaska (UTC-9 / UTC-8),"west fork beaver creek, upstream of marathon road",Beaver Creek,STREAM,MAIN,TRUE,TRUE,TBD,FALSE
2022-08-26T14:00:00Z,14.146,beaver_creek_usgs_temp_3,60.65107,-151.09076,US/Alaska (UTC-9 / UTC-8),"west fork beaver creek, upstream of marathon road",Beaver Creek,STREAM,MAIN,TRUE,TRUE,TBD,FALSE
2022-08-26T14:15:00Z,14.146,beaver_creek_usgs_temp_3,60.65107,-151.09076,US/Alaska (UTC-9 / UTC-8),"west fork beaver creek, upstream of marathon road",Beaver Creek,STREAM,MAIN,TRUE,TRUE,TBD,FALSE
2022-08-26T14:30:00Z,14.146,beaver_creek_usgs_temp_3,60.65107,-151.09076,US/Alaska (UTC-9 / UTC-8),"west fork beaver creek, upstream of marathon road",Beaver Creek,STREAM,MAIN,TRUE,TRUE,TBD,FALSE
2022-08-26T14:45:00Z,14.194,beaver_creek_usgs_temp_3,60.65107,-151.09076,US/Alaska (UTC-9 / UTC-8),"west fork beaver creek, upstream of marathon road",Beaver Creek,STREAM,MAIN,TRUE,TRUE,TBD,FALSE
2022-08-26T15:00:00Z,14.194,beaver_creek_usgs_temp_3,60.65107,-151.09076,US/Alaska (UTC-9 / UTC-8),"west fork beaver creek, upstream of marathon road",Beaver Creek,STREAM,MAIN,TRUE,TRUE,TBD,FALSE
2022-08-26T15:15:00Z,14.194,beaver_creek_usgs_temp_3,60.65107,-151.09076,US/Alaska (UTC-9 / UTC-8),"west fork beaver creek, upstream of marathon road",Beaver Creek,STREAM,MAIN,TRUE,TRUE,TBD,FALSE
2022-08-26T15:30:00Z,14.218,beaver_creek_usgs_temp_3,60.65107,-151.09076,US/Alaska (UTC-9 / UTC-8),"west fork beaver creek, upstream of marathon road",Beaver Creek,STREAM,MAIN,TRUE,TRUE,TBD,FALSE
2022-08-26T15:45:00Z,14.242,beaver_creek_usgs_temp_3,60.65107,-151.09076,US/Alaska (UTC-9 / UTC-8),"west fork beaver creek, upstream of marathon road",Beaver Creek,STREAM,MAIN,TRUE,TRUE,TBD,FALSE
2022-08-26T16:00:00Z,14.242,beaver_creek_usgs_temp_3,60.65107,-151.09076,US/Alaska (UTC-9 / UTC-8),"west fork beaver creek, upstream of marathon road",Beaver Creek,STREAM,MAIN,TRUE,TRUE,TBD,FALSE
2022-08-26T16:15:00Z,14.266,beaver_creek_usgs_temp_3,60.65107,-151.09076,US/Alaska (UTC-9 / UTC-8),"west fork beaver creek, upstream of marathon road",Beaver Creek,STREAM,MAIN,TRUE,TRUE,TBD,FALSE
2022-08-26T16:30:00Z,14.314,beaver_creek_usgs_temp_3,60.65107,-151.09076,US/Alaska (UTC-9 / UTC-8),"west fork beaver creek, upstream of marathon road",Beaver Creek,STREAM,MAIN,TRUE,TRUE,TBD,FALSE
2022-08-26T16:45:00Z,14.433,beaver_creek_usgs_temp_3,60.65107,-151.09076,US/Alaska (UTC-9 / UTC-8),"west fork beaver creek, upstream of marathon road",Beaver Creek,STREAM,MAIN,TRUE,TRUE,TBD,FALSE
2022-08-26T17:00:00Z,14.481,beaver_creek_usgs_temp_3,60.65107,-151.09076,US/Alaska (UTC-9 / UTC-8),"west fork beaver creek, upstream of marathon road",Beaver Creek,STREAM,MAIN,TRUE,TRUE,TBD,FALSE
2022-08-26T17:15:00Z,14.553,beaver_creek_usgs_temp_3,60.65107,-151.09076,US/Alaska (UTC-9 / UTC-8),"west fork beaver creek, upstream of marathon road",Beaver Creek,STREAM,MAIN,TRUE,TRUE,TBD,FALSE
2022-08-26T17:30:00Z,14.649,beaver_creek_usgs_temp_3,60.65107,-151.09076,US/Alaska (UTC-9 / UTC-8),"west fork beaver creek, upstream of marathon road",Beaver Creek,STREAM,MAIN,TRUE,TRUE,TBD,FALSE
2022-08-26T17:45:00Z,14.649,beaver_creek_usgs_temp_3,60.65107,-151.09076,US/Alaska (UTC-9 / UTC-8),"west fork beaver creek, upstream of marathon road",Beaver Creek,STREAM,MAIN,TRUE,TRUE,TBD,FALSE
2022-08-26T18:00:00Z,14.649,beaver_creek_usgs_temp_3,60.65107,-151.09076,US/Alaska (UTC-9 / UTC-8),"west fork beaver creek, upstream of marathon road",Beaver Creek,STREAM,MAIN,TRUE,TRUE,TBD,FALSE
2022-08-26T18:15:00Z,14.673,beaver_creek_usgs_temp_3,60.65107,-151.09076,US/Alaska (UTC-9 / UTC-8),"west fork beaver creek, upstream of marathon road",Beaver Creek,STREAM,MAIN,TRUE,TRUE,TBD,FALSE
2022-08-26T18:30:00Z,14.697,beaver_creek_usgs_temp_3,60.65107,-151.09076,US/Alaska (UTC-9 / UTC-8),"west fork beaver creek, upstream of marathon road",Beaver Creek,STREAM,MAIN,TRUE,TRUE,TBD,FALSE
2022-08-26T18:45:00Z,14.697,beaver_creek_usgs_temp_3,60.65107,-151.09076,US/Alaska (UTC-9 / UTC-8),"west fork beaver creek, upstream of marathon road",Beaver Creek,STREAM,MAIN,TRUE,TRUE,TBD,FALSE
2022-08-26T19:00:00Z,14.697,beaver_creek_usgs_temp_3,60.65107,-151.09076,US/Alaska (UTC-9 / UTC-8),"west fork beaver creek, upstream of marathon road",Beaver Creek,STREAM,MAIN,TRUE,TRUE,TBD,FALSE
2022-08-26T19:15:00Z,14.697,beaver_creek_usgs_temp_3,60.65107,-151.09076,US/Alaska (UTC-9 / UTC-8),"west fork beaver creek, upstream of marathon road",Beaver Creek,STREAM,MAIN,TRUE,TRUE,TBD,FALSE
2022-08-26T19:30:00Z,14.697,beaver_creek_usgs_temp_3,60.65107,-151.09076,US/Alaska (UTC-9 / UTC-8),"west fork beaver creek, upstream of marathon road",Beaver Creek,STREAM,MAIN,TRUE,TRUE,TBD,FALSE
2022-08-26T19:45:00Z,14.673,beaver_creek_usgs_temp_3,60.65107,-151.09076,US/Alaska (UTC-9 / UTC-8),"west fork beaver creek, upstream of marathon road",Beaver Creek,STREAM,MAIN,TRUE,TRUE,TBD,FALSE
2022-08-26T20:00:00Z,14.649,beaver_creek_usgs_temp_3,60.65107,-151.09076,US/Alaska (UTC-9 / UTC-8),"west fork beaver creek, upstream of marathon road",Beaver Creek,STREAM,MAIN,TRUE,TRUE,TBD,FALSE
2022-08-26T20:15:00Z,14.625,beaver_creek_usgs_temp_3,60.65107,-151.09076,US/Alaska (UTC-9 / UTC-8),"west fork beaver creek, upstream of marathon road",Beaver Creek,STREAM,MAIN,TRUE,TRUE,TBD,FALSE
2022-08-26T20:30:00Z,14.601,beaver_creek_usgs_temp_3,60.65107,-151.09076,US/Alaska (UTC-9 / UTC-8),"west fork beaver creek, upstream of marathon road",Beaver Creek,STREAM,MAIN,TRUE,TRUE,TBD,FALSE
2022-08-26T20:45:00Z,14.577,beaver_creek_usgs_temp_3,60.65107,-151.09076,US/Alaska (UTC-9 / UTC-8),"west fork beaver creek, upstream of marathon road",Beaver Creek,STREAM,MAIN,TRUE,TRUE,TBD,FALSE
2022-08-26T21:00:00Z,14.553,beaver_creek_usgs_temp_3,60.65107,-151.09076,US/Alaska (UTC-9 / UTC-8),"west fork beaver creek, upstream of marathon road",Beaver Creek,STREAM,MAIN,TRUE,TRUE,TBD,FALSE
2022-08-26T21:15:00Z,14.529,beaver_creek_usgs_temp_3,60.65107,-151.09076,US/Alaska (UTC-9 / UTC-8),"west fork beaver creek, upstream of marathon road",Beaver Creek,STREAM,MAIN,TRUE,TRUE,TBD,FALSE
2022-08-26T21:30:00Z,14.505,beaver_creek_usgs_temp_3,60.65107,-151.09076,US/Alaska (UTC-9 / UTC-8),"west fork beaver creek, upstream of marathon road",Beaver Creek,STREAM,MAIN,TRUE,TRUE,TBD,FALSE
2022-08-26T21:45:00Z,14.481,beaver_creek_usgs_temp_3,60.65107,-151.09076,US/Alaska (UTC-9 / UTC-8),"west fork beaver creek, upstream of marathon road",Beaver Creek,STREAM,MAIN,TRUE,TRUE,TBD,FALSE
2022-08-26T22:00:00Z,14.481,beaver_creek_usgs_temp_3,60.65107,-151.09076,US/Alaska (UTC-9 / UTC-8),"west fork beaver creek, upstream of marathon road",Beaver Creek,STREAM,MAIN,TRUE,TRUE,TBD,FALSE
2022-08-26T22:15:00Z,14.433,beaver_creek_usgs_temp_3,60.65107,-151.09076,US/Alaska (UTC-9 / UTC-8),"west fork beaver creek, upstream of marathon road",Beaver Creek,STREAM,MAIN,TRUE,TRUE,TBD,FALSE
2022-08-26T22:30:00Z,14.433,beaver_creek_usgs_temp_3,60.65107,-151.09076,US/Alaska (UTC-9 / UTC-8),"west fork beaver creek, upstream of marathon road",Beaver Creek,STREAM,MAIN,TRUE,TRUE,TBD,FALSE
2022-08-26T22:45:00Z,14.409,beaver_creek_usgs_temp_3,60.65107,-151.09076,US/Alaska (UTC-9 / UTC-8),"west fork beaver creek, upstream of marathon road",Beaver Creek,STREAM,MAIN,TRUE,TRUE,TBD,FALSE
2022-08-26T23:00:00Z,14.385,beaver_creek_usgs_temp_3,60.65107,-151.09076,US/Alaska (UTC-9 / UTC-8),"west fork beaver creek, upstream of marathon road",Beaver Creek,STREAM,MAIN,TRUE,TRUE,TBD,FALSE
2022-08-26T23:15:00Z,14.337,beaver_creek_usgs_temp_3,60.65107,-151.09076,US/Alaska (UTC-9 / UTC-8),"west fork beaver creek, upstream of marathon road",Beaver Creek,STREAM,MAIN,TRUE,TRUE,TBD,FALSE
2022-08-26T23:30:00Z,14.314,beaver_creek_usgs_temp_3,60.65107,-151.09076,US/Alaska (UTC-9 / UTC-8),"west fork beaver creek, upstream of marathon road",Beaver Creek,STREAM,MAIN,TRUE,TRUE,TBD,FALSE
2022-08-26T23:45:00Z,14.29,beaver_creek_usgs_temp_3,60.65107,-151.09076,US/Alaska (UTC-9 / UTC-8),"west fork beaver creek, upstream of marathon road",Beaver Creek,STREAM,MAIN,TRUE,TRUE,TBD,FALSE
2022-08-27T00:00:00Z,14.266,beaver_creek_usgs_temp_3,60.65107,-151.09076,US/Alaska (UTC-9 / UTC-8),"west fork beaver creek, upstream of marathon road",Beaver Creek,STREAM,MAIN,TRUE,TRUE,TBD,FALSE
2022-08-27T00:15:00Z,14.218,beaver_creek_usgs_temp_3,60.65107,-151.09076,US/Alaska (UTC-9 / UTC-8),"west fork beaver creek, upstream of marathon road",Beaver Creek,STREAM,MAIN,TRUE,TRUE,TBD,FALSE
2022-08-27T00:30:00Z,14.194,beaver_creek_usgs_temp_3,60.65107,-151.09076,US/Alaska (UTC-9 / UTC-8),"west fork beaver creek, upstream of marathon road",Beaver Creek,STREAM,MAIN,TRUE,TRUE,TBD,FALSE
2022-08-27T00:45:00Z,14.146,beaver_creek_usgs_temp_3,60.65107,-151.09076,US/Alaska (UTC-9 / UTC-8),"west fork beaver creek, upstream of marathon road",Beaver Creek,STREAM,MAIN,TRUE,TRUE,TBD,FALSE
2022-08-27T01:00:00Z,14.098,beaver_creek_usgs_temp_3,60.65107,-151.09076,US/Alaska (UTC-9 / UTC-8),"west fork beaver creek, upstream of marathon road",Beaver Creek,STREAM,MAIN,TRUE,TRUE,TBD,FALSE
2022-08-27T01:15:00Z,14.074,beaver_creek_usgs_temp_3,60.65107,-151.09076,US/Alaska (UTC-9 / UTC-8),"west fork beaver creek, upstream of marathon road",Beaver Creek,STREAM,MAIN,TRUE,TRUE,TBD,FALSE
2022-08-27T01:30:00Z,14.05,beaver_creek_usgs_temp_3,60.65107,-151.09076,US/Alaska (UTC-9 / UTC-8),"west fork beaver creek, upstream of marathon road",Beaver Creek,STREAM,MAIN,TRUE,TRUE,TBD,FALSE
2022-08-27T01:45:00Z,14.002,beaver_creek_usgs_temp_3,60.65107,-151.09076,US/Alaska (UTC-9 / UTC-8),"west fork beaver creek, upstream of marathon road",Beaver Creek,STREAM,MAIN,TRUE,TRUE,TBD,FALSE
2022-08-27T02:00:00Z,13.954,beaver_creek_usgs_temp_3,60.65107,-151.09076,US/Alaska (UTC-9 / UTC-8),"west fork beaver creek, upstream of marathon road",Beaver Creek,STREAM,MAIN,TRUE,TRUE,TBD,FALSE
2022-08-27T02:15:00Z,13.93,beaver_creek_usgs_temp_3,60.65107,-151.09076,US/Alaska (UTC-9 / UTC-8),"west fork beaver creek, upstream of marathon road",Beaver Creek,STREAM,MAIN,TRUE,TRUE,TBD,FALSE
2022-08-27T02:30:00Z,13.906,beaver_creek_usgs_temp_3,60.65107,-151.09076,US/Alaska (UTC-9 / UTC-8),"west fork beaver creek, upstream of marathon road",Beaver Creek,STREAM,MAIN,TRUE,TRUE,TBD,FALSE
2022-08-27T02:45:00Z,13.858,beaver_creek_usgs_temp_3,60.65107,-151.09076,US/Alaska (UTC-9 / UTC-8),"west fork beaver creek, upstream of marathon road",Beaver Creek,STREAM,MAIN,TRUE,TRUE,TBD,FALSE
2022-08-27T03:00:00Z,13.834,beaver_creek_usgs_temp_3,60.65107,-151.09076,US/Alaska (UTC-9 / UTC-8),"west fork beaver creek, upstream of marathon road",Beaver Creek,STREAM,MAIN,TRUE,TRUE,TBD,FALSE
2022-08-27T03:15:00Z,13.81,beaver_creek_usgs_temp_3,60.65107,-151.09076,US/Alaska (UTC-9 / UTC-8),"west fork beaver creek, upstream of marathon road",Beaver Creek,STREAM,MAIN,TRUE,TRUE,TBD,FALSE
2022-08-27T03:30:00Z,13.762,beaver_creek_usgs_temp_3,60.65107,-151.09076,US/Alaska (UTC-9 / UTC-8),"west fork beaver creek, upstream of marathon road",Beaver Creek,STREAM,MAIN,TRUE,TRUE,TBD,FALSE
2022-08-27T03:45:00Z,13.738,beaver_creek_usgs_temp_3,60.65107,-151.09076,US/Alaska (UTC-9 / UTC-8),"west fork beaver creek, upstream of marathon road",Beaver Creek,STREAM,MAIN,TRUE,TRUE,TBD,FALSE
2022-08-27T04:00:00Z,13.714,beaver_creek_usgs_temp_3,60.65107,-151.09076,US/Alaska (UTC-9 / UTC-8),"west fork beaver creek, upstream of marathon road",Beaver Creek,STREAM,MAIN,TRUE,TRUE,TBD,FALSE
2022-08-27T04:15:00Z,13.714,beaver_creek_usgs_temp_3,60.65107,-151.09076,US/Alaska (UTC-9 / UTC-8),"west fork beaver creek, upstream of marathon road",Beaver Creek,STREAM,MAIN,TRUE,TRUE,TBD,FALSE
2022-08-27T04:30:00Z,13.666,beaver_creek_usgs_temp_3,60.65107,-151.09076,US/Alaska (UTC-9 / UTC-8),"west fork beaver creek, upstream of marathon road",Beaver Creek,STREAM,MAIN,TRUE,TRUE,TBD,FALSE
2022-08-27T04:45:00Z,13.666,beaver_creek_usgs_temp_3,60.65107,-151.09076,US/Alaska (UTC-9 / UTC-8),"west fork beaver creek, upstream of marathon road",Beaver Creek,STREAM,MAIN,TRUE,TRUE,TBD,FALSE
2022-08-27T05:00:00Z,13.618,beaver_creek_usgs_temp_3,60.65107,-151.09076,US/Alaska (UTC-9 / UTC-8),"west fork beaver creek, upstream of marathon road",Beaver Creek,STREAM,MAIN,TRUE,TRUE,TBD,FALSE
2022-08-27T05:15:00Z,13.618,beaver_creek_usgs_temp_3,60.65107,-151.09076,US/Alaska (UTC-9 / UTC-8),"west fork beaver creek, upstream of marathon road",Beaver Creek,STREAM,MAIN,TRUE,TRUE,TBD,FALSE
2022-08-27T05:30:00Z,13.57,beaver_creek_usgs_temp_3,60.65107,-151.09076,US/Alaska (UTC-9 / UTC-8),"west fork beaver creek, upstream of marathon road",Beaver Creek,STREAM,MAIN,TRUE,TRUE,TBD,FALSE
2022-08-27T05:45:00Z,13.546,beaver_creek_usgs_temp_3,60.65107,-151.09076,US/Alaska (UTC-9 / UTC-8),"west fork beaver creek, upstream of marathon road",Beaver Creek,STREAM,MAIN,TRUE,TRUE,TBD,FALSE
2022-08-27T06:00:00Z,13.522,beaver_creek_usgs_temp_3,60.65107,-151.09076,US/Alaska (UTC-9 / UTC-8),"west fork beaver creek, upstream of marathon road",Beaver Creek,STREAM,MAIN,TRUE,TRUE,TBD,FALSE
2022-08-27T06:15:00Z,13.522,beaver_creek_usgs_temp_3,60.65107,-151.09076,US/Alaska (UTC-9 / UTC-8),"west fork beaver creek, upstream of marathon road",Beaver Creek,STREAM,MAIN,TRUE,TRUE,TBD,FALSE
2022-08-27T06:30:00Z,13.473,beaver_creek_usgs_temp_3,60.65107,-151.09076,US/Alaska (UTC-9 / UTC-8),"west fork beaver creek, upstream of marathon road",Beaver Creek,STREAM,MAIN,TRUE,TRUE,TBD,FALSE
2022-08-27T06:45:00Z,13.449,beaver_creek_usgs_temp_3,60.65107,-151.09076,US/Alaska (UTC-9 / UTC-8),"west fork beaver creek, upstream of marathon road",Beaver Creek,STREAM,MAIN,TRUE,TRUE,TBD,FALSE
2022-08-27T07:00:00Z,13.425,beaver_creek_usgs_temp_3,60.65107,-151.09076,US/Alaska (UTC-9 / UTC-8),"west fork beaver creek, upstream of marathon road",Beaver Creek,STREAM,MAIN,TRUE,TRUE,TBD,FALSE
2022-08-27T07:15:00Z,13.377,beaver_creek_usgs_temp_3,60.65107,-151.09076,US/Alaska (UTC-9 / UTC-8),"west fork beaver creek, upstream of marathon road",Beaver Creek,STREAM,MAIN,TRUE,TRUE,TBD,FALSE
2022-08-27T07:30:00Z,13.353,beaver_creek_usgs_temp_3,60.65107,-151.09076,US/Alaska (UTC-9 / UTC-8),"west fork beaver creek, upstream of marathon road",Beaver Creek,STREAM,MAIN,TRUE,TRUE,TBD,FALSE
2022-08-27T07:45:00Z,13.329,beaver_creek_usgs_temp_3,60.65107,-151.09076,US/Alaska (UTC-9 / UTC-8),"west fork beaver creek, upstream of marathon road",Beaver Creek,STREAM,MAIN,TRUE,TRUE,TBD,FALSE
2022-08-27T08:00:00Z,13.329,beaver_creek_usgs_temp_3,60.65107,-151.09076,US/Alaska (UTC-9 / UTC-8),"west fork beaver creek, upstream of marathon road",Beaver Creek,STREAM,MAIN,TRUE,TRUE,TBD,FALSE
2022-08-27T08:15:00Z,13.305,beaver_creek_usgs_temp_3,60.65107,-151.09076,US/Alaska (UTC-9 / UTC-8),"west fork beaver creek, upstream of marathon road",Beaver Creek,STREAM,MAIN,TRUE,TRUE,TBD,FALSE
2022-08-27T08:30:00Z,13.281,beaver_creek_usgs_temp_3,60.65107,-151.09076,US/Alaska (UTC-9 / UTC-8),"west fork beaver creek, upstream of marathon road",Beaver Creek,STREAM,MAIN,TRUE,TRUE,TBD,FALSE
2022-08-27T08:45:00Z,13.281,beaver_creek_usgs_temp_3,60.65107,-151.09076,US/Alaska (UTC-9 / UTC-8),"west fork beaver creek, upstream of marathon road",Beaver Creek,STREAM,MAIN,TRUE,TRUE,TBD,FALSE
2022-08-27T09:00:00Z,13.281,beaver_creek_usgs_temp_3,60.65107,-151.09076,US/Alaska (UTC-9 / UTC-8),"west fork beaver creek, upstream of marathon road",Beaver Creek,STREAM,MAIN,TRUE,TRUE,TBD,FALSE
2022-08-27T09:15:00Z,13.329,beaver_creek_usgs_temp_3,60.65107,-151.09076,US/Alaska (UTC-9 / UTC-8),"west fork beaver creek, upstream of marathon road",Beaver Creek,STREAM,MAIN,TRUE,TRUE,TBD,FALSE
2022-08-27T09:30:00Z,13.353,beaver_creek_usgs_temp_3,60.65107,-151.09076,US/Alaska (UTC-9 / UTC-8),"west fork beaver creek, upstream of marathon road",Beaver Creek,STREAM,MAIN,TRUE,TRUE,TBD,FALSE
2022-08-27T09:45:00Z,13.377,beaver_creek_usgs_temp_3,60.65107,-151.09076,US/Alaska (UTC-9 / UTC-8),"west fork beaver creek, upstream of marathon road",Beaver Creek,STREAM,MAIN,TRUE,TRUE,TBD,FALSE
2022-08-27T10:00:00Z,13.425,beaver_creek_usgs_temp_3,60.65107,-151.09076,US/Alaska (UTC-9 / UTC-8),"west fork beaver creek, upstream of marathon road",Beaver Creek,STREAM,MAIN,TRUE,TRUE,TBD,FALSE
2022-08-27T10:15:00Z,13.473,beaver_creek_usgs_temp_3,60.65107,-151.09076,US/Alaska (UTC-9 / UTC-8),"west fork beaver creek, upstream of marathon road",Beaver Creek,STREAM,MAIN,TRUE,TRUE,TBD,FALSE
2022-08-27T10:30:00Z,13.522,beaver_creek_usgs_temp_3,60.65107,-151.09076,US/Alaska (UTC-9 / UTC-8),"west fork beaver creek, upstream of marathon road",Beaver Creek,STREAM,MAIN,TRUE,TRUE,TBD,FALSE
2022-08-27T10:45:00Z,13.546,beaver_creek_usgs_temp_3,60.65107,-151.09076,US/Alaska (UTC-9 / UTC-8),"west fork beaver creek, upstream of marathon road",Beaver Creek,STREAM,MAIN,TRUE,TRUE,TBD,FALSE
2022-08-27T11:00:00Z,13.57,beaver_creek_usgs_temp_3,60.65107,-151.09076,US/Alaska (UTC-9 / UTC-8),"west fork beaver creek, upstream of marathon road",Beaver Creek,STREAM,MAIN,TRUE,TRUE,TBD,FALSE
2022-08-27T11:15:00Z,13.642,beaver_creek_usgs_temp_3,60.65107,-151.09076,US/Alaska (UTC-9 / UTC-8),"west fork beaver creek, upstream of marathon road",Beaver Creek,STREAM,MAIN,TRUE,TRUE,TBD,FALSE
2022-08-27T11:30:00Z,13.738,beaver_creek_usgs_temp_3,60.65107,-151.09076,US/Alaska (UTC-9 / UTC-8),"west fork beaver creek, upstream of marathon road",Beaver Creek,STREAM,MAIN,TRUE,TRUE,TBD,FALSE
2022-08-27T11:45:00Z,13.762,beaver_creek_usgs_temp_3,60.65107,-151.09076,US/Alaska (UTC-9 / UTC-8),"west fork beaver creek, upstream of marathon road",Beaver Creek,STREAM,MAIN,TRUE,TRUE,TBD,FALSE
2022-08-27T12:00:00Z,13.762,beaver_creek_usgs_temp_3,60.65107,-151.09076,US/Alaska (UTC-9 / UTC-8),"west fork beaver creek, upstream of marathon road",Beaver Creek,STREAM,MAIN,TRUE,TRUE,TBD,FALSE
2022-08-27T12:15:00Z,13.762,beaver_creek_usgs_temp_3,60.65107,-151.09076,US/Alaska (UTC-9 / UTC-8),"west fork beaver creek, upstream of marathon road",Beaver Creek,STREAM,MAIN,TRUE,TRUE,TBD,FALSE
2022-08-27T12:30:00Z,13.762,beaver_creek_usgs_temp_3,60.65107,-151.09076,US/Alaska (UTC-9 / UTC-8),"west fork beaver creek, upstream of marathon road",Beaver Creek,STREAM,MAIN,TRUE,TRUE,TBD,FALSE
2022-08-27T12:45:00Z,13.786,beaver_creek_usgs_temp_3,60.65107,-151.09076,US/Alaska (UTC-9 / UTC-8),"west fork beaver creek, upstream of marathon road",Beaver Creek,STREAM,MAIN,TRUE,TRUE,TBD,FALSE
2022-08-27T13:00:00Z,13.858,beaver_creek_usgs_temp_3,60.65107,-151.09076,US/Alaska (UTC-9 / UTC-8),"west fork beaver creek, upstream of marathon road",Beaver Creek,STREAM,MAIN,TRUE,TRUE,TBD,FALSE
2022-08-27T13:15:00Z,13.93,beaver_creek_usgs_temp_3,60.65107,-151.09076,US/Alaska (UTC-9 / UTC-8),"west fork beaver creek, upstream of marathon road",Beaver Creek,STREAM,MAIN,TRUE,TRUE,TBD,FALSE
2022-08-27T13:30:00Z,13.978,beaver_creek_usgs_temp_3,60.65107,-151.09076,US/Alaska (UTC-9 / UTC-8),"west fork beaver creek, upstream of marathon road",Beaver Creek,STREAM,MAIN,TRUE,TRUE,TBD,FALSE
2022-08-27T13:45:00Z,14.002,beaver_creek_usgs_temp_3,60.65107,-151.09076,US/Alaska (UTC-9 / UTC-8),"west fork beaver creek, upstream of marathon road",Beaver Creek,STREAM,MAIN,TRUE,TRUE,TBD,FALSE
2022-08-27T14:00:00Z,14.074,beaver_creek_usgs_temp_3,60.65107,-151.09076,US/Alaska (UTC-9 / UTC-8),"west fork beaver creek, upstream of marathon road",Beaver Creek,STREAM,MAIN,TRUE,TRUE,TBD,FALSE
2022-08-27T14:15:00Z,14.17,beaver_creek_usgs_temp_3,60.65107,-151.09076,US/Alaska (UTC-9 / UTC-8),"west fork beaver creek, upstream of marathon road",Beaver Creek,STREAM,MAIN,TRUE,TRUE,TBD,FALSE
2022-08-27T14:30:00Z,14.266,beaver_creek_usgs_temp_3,60.65107,-151.09076,US/Alaska (UTC-9 / UTC-8),"west fork beaver creek, upstream of marathon road",Beaver Creek,STREAM,MAIN,TRUE,TRUE,TBD,FALSE
2022-08-27T14:45:00Z,14.337,beaver_creek_usgs_temp_3,60.65107,-151.09076,US/Alaska (UTC-9 / UTC-8),"west fork beaver creek, upstream of marathon road",Beaver Creek,STREAM,MAIN,TRUE,TRUE,TBD,FALSE
2022-08-27T15:00:00Z,14.409,beaver_creek_usgs_temp_3,60.65107,-151.09076,US/Alaska (UTC-9 / UTC-8),"west fork beaver creek, upstream of marathon road",Beaver Creek,STREAM,MAIN,TRUE,TRUE,TBD,FALSE
2022-08-27T15:15:00Z,14.481,beaver_creek_usgs_temp_3,60.65107,-151.09076,US/Alaska (UTC-9 / UTC-8),"west fork beaver creek, upstream of marathon road",Beaver Creek,STREAM,MAIN,TRUE,TRUE,TBD,FALSE
2022-08-27T15:30:00Z,14.577,beaver_creek_usgs_temp_3,60.65107,-151.09076,US/Alaska (UTC-9 / UTC-8),"west fork beaver creek, upstream of marathon road",Beaver Creek,STREAM,MAIN,TRUE,TRUE,TBD,FALSE
2022-08-27T15:45:00Z,14.649,beaver_creek_usgs_temp_3,60.65107,-151.09076,US/Alaska (UTC-9 / UTC-8),"west fork beaver creek, upstream of marathon road",Beaver Creek,STREAM,MAIN,TRUE,TRUE,TBD,FALSE
2022-08-27T16:00:00Z,14.721,beaver_creek_usgs_temp_3,60.65107,-151.09076,US/Alaska (UTC-9 / UTC-8),"west fork beaver creek, upstream of marathon road",Beaver Creek,STREAM,MAIN,TRUE,TRUE,TBD,FALSE
2022-08-27T16:15:00Z,14.792,beaver_creek_usgs_temp_3,60.65107,-151.09076,US/Alaska (UTC-9 / UTC-8),"west fork beaver creek, upstream of marathon road",Beaver Creek,STREAM,MAIN,TRUE,TRUE,TBD,FALSE
2022-08-27T16:30:00Z,14.816,beaver_creek_usgs_temp_3,60.65107,-151.09076,US/Alaska (UTC-9 / UTC-8),"west fork beaver creek, upstream of marathon road",Beaver Creek,STREAM,MAIN,TRUE,TRUE,TBD,FALSE
2022-08-27T16:45:00Z,14.816,beaver_creek_usgs_temp_3,60.65107,-151.09076,US/Alaska (UTC-9 / UTC-8),"west fork beaver creek, upstream of marathon road",Beaver Creek,STREAM,MAIN,TRUE,TRUE,TBD,FALSE
2022-08-27T17:00:00Z,14.864,beaver_creek_usgs_temp_3,60.65107,-151.09076,US/Alaska (UTC-9 / UTC-8),"west fork beaver creek, upstream of marathon road",Beaver Creek,STREAM,MAIN,TRUE,TRUE,TBD,FALSE
2022-08-27T17:15:00Z,14.888,beaver_creek_usgs_temp_3,60.65107,-151.09076,US/Alaska (UTC-9 / UTC-8),"west fork beaver creek, upstream of marathon road",Beaver Creek,STREAM,MAIN,TRUE,TRUE,TBD,FALSE
2022-08-27T17:30:00Z,14.912,beaver_creek_usgs_temp_3,60.65107,-151.09076,US/Alaska (UTC-9 / UTC-8),"west fork beaver creek, upstream of marathon road",Beaver Creek,STREAM,MAIN,TRUE,TRUE,TBD,FALSE
2022-08-27T17:45:00Z,14.96,beaver_creek_usgs_temp_3,60.65107,-151.09076,US/Alaska (UTC-9 / UTC-8),"west fork beaver creek, upstream of marathon road",Beaver Creek,STREAM,MAIN,TRUE,TRUE,TBD,FALSE
2022-08-27T18:00:00Z,14.984,beaver_creek_usgs_temp_3,60.65107,-151.09076,US/Alaska (UTC-9 / UTC-8),"west fork beaver creek, upstream of marathon road",Beaver Creek,STREAM,MAIN,TRUE,TRUE,TBD,FALSE
2022-08-27T18:15:00Z,14.984,beaver_creek_usgs_temp_3,60.65107,-151.09076,US/Alaska (UTC-9 / UTC-8),"west fork beaver creek, upstream of marathon road",Beaver Creek,STREAM,MAIN,TRUE,TRUE,TBD,FALSE
2022-08-27T18:30:00Z,15.008,beaver_creek_usgs_temp_3,60.65107,-151.09076,US/Alaska (UTC-9 / UTC-8),"west fork beaver creek, upstream of marathon road",Beaver Creek,STREAM,MAIN,TRUE,TRUE,TBD,FALSE
2022-08-27T18:45:00Z,15.031,beaver_creek_usgs_temp_3,60.65107,-151.09076,US/Alaska (UTC-9 / UTC-8),"west fork beaver creek, upstream of marathon road",Beaver Creek,STREAM,MAIN,TRUE,TRUE,TBD,FALSE
2022-08-27T19:00:00Z,15.055,beaver_creek_usgs_temp_3,60.65107,-151.09076,US/Alaska (UTC-9 / UTC-8),"west fork beaver creek, upstream of marathon road",Beaver Creek,STREAM,MAIN,TRUE,TRUE,TBD,FALSE
2022-08-27T19:15:00Z,15.055,beaver_creek_usgs_temp_3,60.65107,-151.09076,US/Alaska (UTC-9 / UTC-8),"west fork beaver creek, upstream of marathon road",Beaver Creek,STREAM,MAIN,TRUE,TRUE,TBD,FALSE
2022-08-27T19:30:00Z,15.055,beaver_creek_usgs_temp_3,60.65107,-151.09076,US/Alaska (UTC-9 / UTC-8),"west fork beaver creek, upstream of marathon road",Beaver Creek,STREAM,MAIN,TRUE,TRUE,TBD,FALSE
2022-08-27T19:45:00Z,15.055,beaver_creek_usgs_temp_3,60.65107,-151.09076,US/Alaska (UTC-9 / UTC-8),"west fork beaver creek, upstream of marathon road",Beaver Creek,STREAM,MAIN,TRUE,TRUE,TBD,FALSE
2022-08-27T20:00:00Z,15.055,beaver_creek_usgs_temp_3,60.65107,-151.09076,US/Alaska (UTC-9 / UTC-8),"west fork beaver creek, upstream of marathon road",Beaver Creek,STREAM,MAIN,TRUE,TRUE,TBD,FALSE
2022-08-27T20:15:00Z,15.055,beaver_creek_usgs_temp_3,60.65107,-151.09076,US/Alaska (UTC-9 / UTC-8),"west fork beaver creek, upstream of marathon road",Beaver Creek,STREAM,MAIN,TRUE,TRUE,TBD,FALSE
2022-08-27T20:30:00Z,15.055,beaver_creek_usgs_temp_3,60.65107,-151.09076,US/Alaska (UTC-9 / UTC-8),"west fork beaver creek, upstream of marathon road",Beaver Creek,STREAM,MAIN,TRUE,TRUE,TBD,FALSE
2022-08-27T20:45:00Z,15.031,beaver_creek_usgs_temp_3,60.65107,-151.09076,US/Alaska (UTC-9 / UTC-8),"west fork beaver creek, upstream of marathon road",Beaver Creek,STREAM,MAIN,TRUE,TRUE,TBD,FALSE
2022-08-27T21:00:00Z,15.031,beaver_creek_usgs_temp_3,60.65107,-151.09076,US/Alaska (UTC-9 / UTC-8),"west fork beaver creek, upstream of marathon road",Beaver Creek,STREAM,MAIN,TRUE,TRUE,TBD,FALSE
2022-08-27T21:15:00Z,15.008,beaver_creek_usgs_temp_3,60.65107,-151.09076,US/Alaska (UTC-9 / UTC-8),"west fork beaver creek, upstream of marathon road",Beaver Creek,STREAM,MAIN,TRUE,TRUE,TBD,FALSE
2022-08-27T21:30:00Z,15.008,beaver_creek_usgs_temp_3,60.65107,-151.09076,US/Alaska (UTC-9 / UTC-8),"west fork beaver creek, upstream of marathon road",Beaver Creek,STREAM,MAIN,TRUE,TRUE,TBD,FALSE
2022-08-27T21:45:00Z,14.984,beaver_creek_usgs_temp_3,60.65107,-151.09076,US/Alaska (UTC-9 / UTC-8),"west fork beaver creek, upstream of marathon road",Beaver Creek,STREAM,MAIN,TRUE,TRUE,TBD,FALSE
2022-08-27T22:00:00Z,14.96,beaver_creek_usgs_temp_3,60.65107,-151.09076,US/Alaska (UTC-9 / UTC-8),"west fork beaver creek, upstream of marathon road",Beaver Creek,STREAM,MAIN,TRUE,TRUE,TBD,FALSE
2022-08-27T22:15:00Z,14.912,beaver_creek_usgs_temp_3,60.65107,-151.09076,US/Alaska (UTC-9 / UTC-8),"west fork beaver creek, upstream of marathon road",Beaver Creek,STREAM,MAIN,TRUE,TRUE,TBD,FALSE
2022-08-27T22:30:00Z,14.912,beaver_creek_usgs_temp_3,60.65107,-151.09076,US/Alaska (UTC-9 / UTC-8),"west fork beaver creek, upstream of marathon road",Beaver Creek,STREAM,MAIN,TRUE,TRUE,TBD,FALSE
2022-08-27T22:45:00Z,14.864,beaver_creek_usgs_temp_3,60.65107,-151.09076,US/Alaska (UTC-9 / UTC-8),"west fork beaver creek, upstream of marathon road",Beaver Creek,STREAM,MAIN,TRUE,TRUE,TBD,FALSE
2022-08-27T23:00:00Z,14.84,beaver_creek_usgs_temp_3,60.65107,-151.09076,US/Alaska (UTC-9 / UTC-8),"west fork beaver creek, upstream of marathon road",Beaver Creek,STREAM,MAIN,TRUE,TRUE,TBD,FALSE
2022-08-27T23:15:00Z,14.816,beaver_creek_usgs_temp_3,60.65107,-151.09076,US/Alaska (UTC-9 / UTC-8),"west fork beaver creek, upstream of marathon road",Beaver Creek,STREAM,MAIN,TRUE,TRUE,TBD,FALSE
2022-08-27T23:30:00Z,14.768,beaver_creek_usgs_temp_3,60.65107,-151.09076,US/Alaska (UTC-9 / UTC-8),"west fork beaver creek, upstream of marathon road",Beaver Creek,STREAM,MAIN,TRUE,TRUE,TBD,FALSE
2022-08-27T23:45:00Z,14.745,beaver_creek_usgs_temp_3,60.65107,-151.09076,US/Alaska (UTC-9 / UTC-8),"west fork beaver creek, upstream of marathon road",Beaver Creek,STREAM,MAIN,TRUE,TRUE,TBD,FALSE
2022-08-28T00:00:00Z,14.721,beaver_creek_usgs_temp_3,60.65107,-151.09076,US/Alaska (UTC-9 / UTC-8),"west fork beaver creek, upstream of marathon road",Beaver Creek,STREAM,MAIN,TRUE,TRUE,TBD,FALSE
2022-08-28T00:15:00Z,14.673,beaver_creek_usgs_temp_3,60.65107,-151.09076,US/Alaska (UTC-9 / UTC-8),"west fork beaver creek, upstream of marathon road",Beaver Creek,STREAM,MAIN,TRUE,TRUE,TBD,FALSE
2022-08-28T00:30:00Z,14.673,beaver_creek_usgs_temp_3,60.65107,-151.09076,US/Alaska (UTC-9 / UTC-8),"west fork beaver creek, upstream of marathon road",Beaver Creek,STREAM,MAIN,TRUE,TRUE,TBD,FALSE
2022-08-28T00:45:00Z,14.649,beaver_creek_usgs_temp_3,60.65107,-151.09076,US/Alaska (UTC-9 / UTC-8),"west fork beaver creek, upstream of marathon road",Beaver Creek,STREAM,MAIN,TRUE,TRUE,TBD,FALSE
2022-08-28T01:00:00Z,14.625,beaver_creek_usgs_temp_3,60.65107,-151.09076,US/Alaska (UTC-9 / UTC-8),"west fork beaver creek, upstream of marathon road",Beaver Creek,STREAM,MAIN,TRUE,TRUE,TBD,FALSE
2022-08-28T01:15:00Z,14.601,beaver_creek_usgs_temp_3,60.65107,-151.09076,US/Alaska (UTC-9 / UTC-8),"west fork beaver creek, upstream of marathon road",Beaver Creek,STREAM,MAIN,TRUE,TRUE,TBD,FALSE
2022-08-28T01:30:00Z,14.577,beaver_creek_usgs_temp_3,60.65107,-151.09076,US/Alaska (UTC-9 / UTC-8),"west fork beaver creek, upstream of marathon road",Beaver Creek,STREAM,MAIN,TRUE,TRUE,TBD,FALSE
2022-08-28T01:45:00Z,14.553,beaver_creek_usgs_temp_3,60.65107,-151.09076,US/Alaska (UTC-9 / UTC-8),"west fork beaver creek, upstream of marathon road",Beaver Creek,STREAM,MAIN,TRUE,TRUE,TBD,FALSE
2022-08-28T02:00:00Z,14.505,beaver_creek_usgs_temp_3,60.65107,-151.09076,US/Alaska (UTC-9 / UTC-8),"west fork beaver creek, upstream of marathon road",Beaver Creek,STREAM,MAIN,TRUE,TRUE,TBD,FALSE
2022-08-28T02:15:00Z,14.481,beaver_creek_usgs_temp_3,60.65107,-151.09076,US/Alaska (UTC-9 / UTC-8),"west fork beaver creek, upstream of marathon road",Beaver Creek,STREAM,MAIN,TRUE,TRUE,TBD,FALSE
2022-08-28T02:30:00Z,14.457,beaver_creek_usgs_temp_3,60.65107,-151.09076,US/Alaska (UTC-9 / UTC-8),"west fork beaver creek, upstream of marathon road",Beaver Creek,STREAM,MAIN,TRUE,TRUE,TBD,FALSE
2022-08-28T02:45:00Z,14.433,beaver_creek_usgs_temp_3,60.65107,-151.09076,US/Alaska (UTC-9 / UTC-8),"west fork beaver creek, upstream of marathon road",Beaver Creek,STREAM,MAIN,TRUE,TRUE,TBD,FALSE
2022-08-28T03:00:00Z,14.385,beaver_creek_usgs_temp_3,60.65107,-151.09076,US/Alaska (UTC-9 / UTC-8),"west fork beaver creek, upstream of marathon road",Beaver Creek,STREAM,MAIN,TRUE,TRUE,TBD,FALSE
2022-08-28T03:15:00Z,14.361,beaver_creek_usgs_temp_3,60.65107,-151.09076,US/Alaska (UTC-9 / UTC-8),"west fork beaver creek, upstream of marathon road",Beaver Creek,STREAM,MAIN,TRUE,TRUE,TBD,FALSE
2022-08-28T03:30:00Z,14.337,beaver_creek_usgs_temp_3,60.65107,-151.09076,US/Alaska (UTC-9 / UTC-8),"west fork beaver creek, upstream of marathon road",Beaver Creek,STREAM,MAIN,TRUE,TRUE,TBD,FALSE
2022-08-28T03:45:00Z,14.314,beaver_creek_usgs_temp_3,60.65107,-151.09076,US/Alaska (UTC-9 / UTC-8),"west fork beaver creek, upstream of marathon road",Beaver Creek,STREAM,MAIN,TRUE,TRUE,TBD,FALSE
2022-08-28T04:00:00Z,14.29,beaver_creek_usgs_temp_3,60.65107,-151.09076,US/Alaska (UTC-9 / UTC-8),"west fork beaver creek, upstream of marathon road",Beaver Creek,STREAM,MAIN,TRUE,TRUE,TBD,FALSE
2022-08-28T04:15:00Z,14.29,beaver_creek_usgs_temp_3,60.65107,-151.09076,US/Alaska (UTC-9 / UTC-8),"west fork beaver creek, upstream of marathon road",Beaver Creek,STREAM,MAIN,TRUE,TRUE,TBD,FALSE
2022-08-28T04:30:00Z,14.242,beaver_creek_usgs_temp_3,60.65107,-151.09076,US/Alaska (UTC-9 / UTC-8),"west fork beaver creek, upstream of marathon road",Beaver Creek,STREAM,MAIN,TRUE,TRUE,TBD,FALSE
2022-08-28T04:45:00Z,14.218,beaver_creek_usgs_temp_3,60.65107,-151.09076,US/Alaska (UTC-9 / UTC-8),"west fork beaver creek, upstream of marathon road",Beaver Creek,STREAM,MAIN,TRUE,TRUE,TBD,FALSE
2022-08-28T05:00:00Z,14.194,beaver_creek_usgs_temp_3,60.65107,-151.09076,US/Alaska (UTC-9 / UTC-8),"west fork beaver creek, upstream of marathon road",Beaver Creek,STREAM,MAIN,TRUE,TRUE,TBD,FALSE
2022-08-28T05:15:00Z,14.146,beaver_creek_usgs_temp_3,60.65107,-151.09076,US/Alaska (UTC-9 / UTC-8),"west fork beaver creek, upstream of marathon road",Beaver Creek,STREAM,MAIN,TRUE,TRUE,TBD,FALSE
2022-08-28T05:30:00Z,14.146,beaver_creek_usgs_temp_3,60.65107,-151.09076,US/Alaska (UTC-9 / UTC-8),"west fork beaver creek, upstream of marathon road",Beaver Creek,STREAM,MAIN,TRUE,TRUE,TBD,FALSE
2022-08-28T05:45:00Z,14.098,beaver_creek_usgs_temp_3,60.65107,-151.09076,US/Alaska (UTC-9 / UTC-8),"west fork beaver creek, upstream of marathon road",Beaver Creek,STREAM,MAIN,TRUE,TRUE,TBD,FALSE
2022-08-28T06:00:00Z,14.098,beaver_creek_usgs_temp_3,60.65107,-151.09076,US/Alaska (UTC-9 / UTC-8),"west fork beaver creek, upstream of marathon road",Beaver Creek,STREAM,MAIN,TRUE,TRUE,TBD,FALSE
2022-08-28T06:15:00Z,14.074,beaver_creek_usgs_temp_3,60.65107,-151.09076,US/Alaska (UTC-9 / UTC-8),"west fork beaver creek, upstream of marathon road",Beaver Creek,STREAM,MAIN,TRUE,TRUE,TBD,FALSE
2022-08-28T06:30:00Z,14.026,beaver_creek_usgs_temp_3,60.65107,-151.09076,US/Alaska (UTC-9 / UTC-8),"west fork beaver creek, upstream of marathon road",Beaver Creek,STREAM,MAIN,TRUE,TRUE,TBD,FALSE
2022-08-28T06:45:00Z,14.026,beaver_creek_usgs_temp_3,60.65107,-151.09076,US/Alaska (UTC-9 / UTC-8),"west fork beaver creek, upstream of marathon road",Beaver Creek,STREAM,MAIN,TRUE,TRUE,TBD,FALSE
2022-08-28T07:00:00Z,14.002,beaver_creek_usgs_temp_3,60.65107,-151.09076,US/Alaska (UTC-9 / UTC-8),"west fork beaver creek, upstream of marathon road",Beaver Creek,STREAM,MAIN,TRUE,TRUE,TBD,FALSE
2022-08-28T07:15:00Z,13.978,beaver_creek_usgs_temp_3,60.65107,-151.09076,US/Alaska (UTC-9 / UTC-8),"west fork beaver creek, upstream of marathon road",Beaver Creek,STREAM,MAIN,TRUE,TRUE,TBD,FALSE
2022-08-28T07:30:00Z,13.954,beaver_creek_usgs_temp_3,60.65107,-151.09076,US/Alaska (UTC-9 / UTC-8),"west fork beaver creek, upstream of marathon road",Beaver Creek,STREAM,MAIN,TRUE,TRUE,TBD,FALSE
2022-08-28T07:45:00Z,13.93,beaver_creek_usgs_temp_3,60.65107,-151.09076,US/Alaska (UTC-9 / UTC-8),"west fork beaver creek, upstream of marathon road",Beaver Creek,STREAM,MAIN,TRUE,TRUE,TBD,FALSE
2022-08-28T08:00:00Z,13.906,beaver_creek_usgs_temp_3,60.65107,-151.09076,US/Alaska (UTC-9 / UTC-8),"west fork beaver creek, upstream of marathon road",Beaver Creek,STREAM,MAIN,TRUE,TRUE,TBD,FALSE
2022-08-28T08:15:00Z,13.906,beaver_creek_usgs_temp_3,60.65107,-151.09076,US/Alaska (UTC-9 / UTC-8),"west fork beaver creek, upstream of marathon road",Beaver Creek,STREAM,MAIN,TRUE,TRUE,TBD,FALSE
2022-08-28T08:30:00Z,13.906,beaver_creek_usgs_temp_3,60.65107,-151.09076,US/Alaska (UTC-9 / UTC-8),"west fork beaver creek, upstream of marathon road",Beaver Creek,STREAM,MAIN,TRUE,TRUE,TBD,FALSE
2022-08-28T08:45:00Z,13.882,beaver_creek_usgs_temp_3,60.65107,-151.09076,US/Alaska (UTC-9 / UTC-8),"west fork beaver creek, upstream of marathon road",Beaver Creek,STREAM,MAIN,TRUE,TRUE,TBD,FALSE
2022-08-28T09:00:00Z,13.882,beaver_creek_usgs_temp_3,60.65107,-151.09076,US/Alaska (UTC-9 / UTC-8),"west fork beaver creek, upstream of marathon road",Beaver Creek,STREAM,MAIN,TRUE,TRUE,TBD,FALSE
2022-08-28T09:15:00Z,13.858,beaver_creek_usgs_temp_3,60.65107,-151.09076,US/Alaska (UTC-9 / UTC-8),"west fork beaver creek, upstream of marathon road",Beaver Creek,STREAM,MAIN,TRUE,TRUE,TBD,FALSE
2022-08-28T09:30:00Z,13.858,beaver_creek_usgs_temp_3,60.65107,-151.09076,US/Alaska (UTC-9 / UTC-8),"west fork beaver creek, upstream of marathon road",Beaver Creek,STREAM,MAIN,TRUE,TRUE,TBD,FALSE
2022-08-28T09:45:00Z,13.834,beaver_creek_usgs_temp_3,60.65107,-151.09076,US/Alaska (UTC-9 / UTC-8),"west fork beaver creek, upstream of marathon road",Beaver Creek,STREAM,MAIN,TRUE,TRUE,TBD,FALSE
2022-08-28T10:00:00Z,13.834,beaver_creek_usgs_temp_3,60.65107,-151.09076,US/Alaska (UTC-9 / UTC-8),"west fork beaver creek, upstream of marathon road",Beaver Creek,STREAM,MAIN,TRUE,TRUE,TBD,FALSE
2022-08-28T10:15:00Z,13.81,beaver_creek_usgs_temp_3,60.65107,-151.09076,US/Alaska (UTC-9 / UTC-8),"west fork beaver creek, upstream of marathon road",Beaver Creek,STREAM,MAIN,TRUE,TRUE,TBD,FALSE
2022-08-28T10:30:00Z,13.834,beaver_creek_usgs_temp_3,60.65107,-151.09076,US/Alaska (UTC-9 / UTC-8),"west fork beaver creek, upstream of marathon road",Beaver Creek,STREAM,MAIN,TRUE,TRUE,TBD,FALSE
2022-08-28T10:45:00Z,13.834,beaver_creek_usgs_temp_3,60.65107,-151.09076,US/Alaska (UTC-9 / UTC-8),"west fork beaver creek, upstream of marathon road",Beaver Creek,STREAM,MAIN,TRUE,TRUE,TBD,FALSE
2022-08-28T11:00:00Z,13.834,beaver_creek_usgs_temp_3,60.65107,-151.09076,US/Alaska (UTC-9 / UTC-8),"west fork beaver creek, upstream of marathon road",Beaver Creek,STREAM,MAIN,TRUE,TRUE,TBD,FALSE
2022-08-28T11:15:00Z,13.834,beaver_creek_usgs_temp_3,60.65107,-151.09076,US/Alaska (UTC-9 / UTC-8),"west fork beaver creek, upstream of marathon road",Beaver Creek,STREAM,MAIN,TRUE,TRUE,TBD,FALSE
2022-08-28T11:30:00Z,13.858,beaver_creek_usgs_temp_3,60.65107,-151.09076,US/Alaska (UTC-9 / UTC-8),"west fork beaver creek, upstream of marathon road",Beaver Creek,STREAM,MAIN,TRUE,TRUE,TBD,FALSE
2022-08-28T11:45:00Z,13.882,beaver_creek_usgs_temp_3,60.65107,-151.09076,US/Alaska (UTC-9 / UTC-8),"west fork beaver creek, upstream of marathon road",Beaver Creek,STREAM,MAIN,TRUE,TRUE,TBD,FALSE
2022-08-28T12:00:00Z,13.93,beaver_creek_usgs_temp_3,60.65107,-151.09076,US/Alaska (UTC-9 / UTC-8),"west fork beaver creek, upstream of marathon road",Beaver Creek,STREAM,MAIN,TRUE,TRUE,TBD,FALSE
2022-08-28T12:15:00Z,14.05,beaver_creek_usgs_temp_3,60.65107,-151.09076,US/Alaska (UTC-9 / UTC-8),"west fork beaver creek, upstream of marathon road",Beaver Creek,STREAM,MAIN,TRUE,TRUE,TBD,FALSE
2022-08-28T12:30:00Z,14.122,beaver_creek_usgs_temp_3,60.65107,-151.09076,US/Alaska (UTC-9 / UTC-8),"west fork beaver creek, upstream of marathon road",Beaver Creek,STREAM,MAIN,TRUE,TRUE,TBD,FALSE
2022-08-28T12:45:00Z,14.146,beaver_creek_usgs_temp_3,60.65107,-151.09076,US/Alaska (UTC-9 / UTC-8),"west fork beaver creek, upstream of marathon road",Beaver Creek,STREAM,MAIN,TRUE,TRUE,TBD,FALSE
2022-08-28T13:00:00Z,14.194,beaver_creek_usgs_temp_3,60.65107,-151.09076,US/Alaska (UTC-9 / UTC-8),"west fork beaver creek, upstream of marathon road",Beaver Creek,STREAM,MAIN,TRUE,TRUE,TBD,FALSE
2022-08-28T13:15:00Z,14.29,beaver_creek_usgs_temp_3,60.65107,-151.09076,US/Alaska (UTC-9 / UTC-8),"west fork beaver creek, upstream of marathon road",Beaver Creek,STREAM,MAIN,TRUE,TRUE,TBD,FALSE
2022-08-28T13:30:00Z,14.385,beaver_creek_usgs_temp_3,60.65107,-151.09076,US/Alaska (UTC-9 / UTC-8),"west fork beaver creek, upstream of marathon road",Beaver Creek,STREAM,MAIN,TRUE,TRUE,TBD,FALSE
2022-08-28T13:45:00Z,14.481,beaver_creek_usgs_temp_3,60.65107,-151.09076,US/Alaska (UTC-9 / UTC-8),"west fork beaver creek, upstream of marathon road",Beaver Creek,STREAM,MAIN,TRUE,TRUE,TBD,FALSE
2022-08-28T14:00:00Z,14.577,beaver_creek_usgs_temp_3,60.65107,-151.09076,US/Alaska (UTC-9 / UTC-8),"west fork beaver creek, upstream of marathon road",Beaver Creek,STREAM,MAIN,TRUE,TRUE,TBD,FALSE
2022-08-28T14:15:00Z,14.673,beaver_creek_usgs_temp_3,60.65107,-151.09076,US/Alaska (UTC-9 / UTC-8),"west fork beaver creek, upstream of marathon road",Beaver Creek,STREAM,MAIN,TRUE,TRUE,TBD,FALSE
2022-08-28T14:30:00Z,14.768,beaver_creek_usgs_temp_3,60.65107,-151.09076,US/Alaska (UTC-9 / UTC-8),"west fork beaver creek, upstream of marathon road",Beaver Creek,STREAM,MAIN,TRUE,TRUE,TBD,FALSE
2022-08-28T14:45:00Z,14.888,beaver_creek_usgs_temp_3,60.65107,-151.09076,US/Alaska (UTC-9 / UTC-8),"west fork beaver creek, upstream of marathon road",Beaver Creek,STREAM,MAIN,TRUE,TRUE,TBD,FALSE
2022-08-28T15:00:00Z,15.055,beaver_creek_usgs_temp_3,60.65107,-151.09076,US/Alaska (UTC-9 / UTC-8),"west fork beaver creek, upstream of marathon road",Beaver Creek,STREAM,MAIN,TRUE,TRUE,TBD,FALSE
2022-08-28T15:15:00Z,15.27,beaver_creek_usgs_temp_3,60.65107,-151.09076,US/Alaska (UTC-9 / UTC-8),"west fork beaver creek, upstream of marathon road",Beaver Creek,STREAM,MAIN,TRUE,TRUE,TBD,FALSE
2022-08-28T15:30:00Z,15.461,beaver_creek_usgs_temp_3,60.65107,-151.09076,US/Alaska (UTC-9 / UTC-8),"west fork beaver creek, upstream of marathon road",Beaver Creek,STREAM,MAIN,TRUE,TRUE,TBD,FALSE
2022-08-28T15:45:00Z,15.652,beaver_creek_usgs_temp_3,60.65107,-151.09076,US/Alaska (UTC-9 / UTC-8),"west fork beaver creek, upstream of marathon road",Beaver Creek,STREAM,MAIN,TRUE,TRUE,TBD,FALSE
2022-08-28T16:00:00Z,15.7,beaver_creek_usgs_temp_3,60.65107,-151.09076,US/Alaska (UTC-9 / UTC-8),"west fork beaver creek, upstream of marathon road",Beaver Creek,STREAM,MAIN,TRUE,TRUE,TBD,FALSE
2022-08-28T16:15:00Z,15.819,beaver_creek_usgs_temp_3,60.65107,-151.09076,US/Alaska (UTC-9 / UTC-8),"west fork beaver creek, upstream of marathon road",Beaver Creek,STREAM,MAIN,TRUE,TRUE,TBD,FALSE
2022-08-28T16:30:00Z,15.963,beaver_creek_usgs_temp_3,60.65107,-151.09076,US/Alaska (UTC-9 / UTC-8),"west fork beaver creek, upstream of marathon road",Beaver Creek,STREAM,MAIN,TRUE,TRUE,TBD,FALSE
2022-08-28T16:45:00Z,16.106,beaver_creek_usgs_temp_3,60.65107,-151.09076,US/Alaska (UTC-9 / UTC-8),"west fork beaver creek, upstream of marathon road",Beaver Creek,STREAM,MAIN,TRUE,TRUE,TBD,FALSE
2022-08-28T17:00:00Z,16.225,beaver_creek_usgs_temp_3,60.65107,-151.09076,US/Alaska (UTC-9 / UTC-8),"west fork beaver creek, upstream of marathon road",Beaver Creek,STREAM,MAIN,TRUE,TRUE,TBD,FALSE
2022-08-28T17:15:00Z,16.344,beaver_creek_usgs_temp_3,60.65107,-151.09076,US/Alaska (UTC-9 / UTC-8),"west fork beaver creek, upstream of marathon road",Beaver Creek,STREAM,MAIN,TRUE,TRUE,TBD,FALSE
2022-08-28T17:30:00Z,16.439,beaver_creek_usgs_temp_3,60.65107,-151.09076,US/Alaska (UTC-9 / UTC-8),"west fork beaver creek, upstream of marathon road",Beaver Creek,STREAM,MAIN,TRUE,TRUE,TBD,FALSE
2022-08-28T17:45:00Z,16.534,beaver_creek_usgs_temp_3,60.65107,-151.09076,US/Alaska (UTC-9 / UTC-8),"west fork beaver creek, upstream of marathon road",Beaver Creek,STREAM,MAIN,TRUE,TRUE,TBD,FALSE
2022-08-28T18:00:00Z,16.63,beaver_creek_usgs_temp_3,60.65107,-151.09076,US/Alaska (UTC-9 / UTC-8),"west fork beaver creek, upstream of marathon road",Beaver Creek,STREAM,MAIN,TRUE,TRUE,TBD,FALSE
2022-08-28T18:15:00Z,16.677,beaver_creek_usgs_temp_3,60.65107,-151.09076,US/Alaska (UTC-9 / UTC-8),"west fork beaver creek, upstream of marathon road",Beaver Creek,STREAM,MAIN,TRUE,TRUE,TBD,FALSE
2022-08-28T18:30:00Z,16.725,beaver_creek_usgs_temp_3,60.65107,-151.09076,US/Alaska (UTC-9 / UTC-8),"west fork beaver creek, upstream of marathon road",Beaver Creek,STREAM,MAIN,TRUE,TRUE,TBD,FALSE
2022-08-28T18:45:00Z,16.749,beaver_creek_usgs_temp_3,60.65107,-151.09076,US/Alaska (UTC-9 / UTC-8),"west fork beaver creek, upstream of marathon road",Beaver Creek,STREAM,MAIN,TRUE,TRUE,TBD,FALSE
2022-08-28T19:00:00Z,16.796,beaver_creek_usgs_temp_3,60.65107,-151.09076,US/Alaska (UTC-9 / UTC-8),"west fork beaver creek, upstream of marathon road",Beaver Creek,STREAM,MAIN,TRUE,TRUE,TBD,FALSE
2022-08-28T19:15:00Z,16.82,beaver_creek_usgs_temp_3,60.65107,-151.09076,US/Alaska (UTC-9 / UTC-8),"west fork beaver creek, upstream of marathon road",Beaver Creek,STREAM,MAIN,TRUE,TRUE,TBD,FALSE
2022-08-28T19:30:00Z,16.844,beaver_creek_usgs_temp_3,60.65107,-151.09076,US/Alaska (UTC-9 / UTC-8),"west fork beaver creek, upstream of marathon road",Beaver Creek,STREAM,MAIN,TRUE,TRUE,TBD,FALSE
2022-08-28T19:45:00Z,16.868,beaver_creek_usgs_temp_3,60.65107,-151.09076,US/Alaska (UTC-9 / UTC-8),"west fork beaver creek, upstream of marathon road",Beaver Creek,STREAM,MAIN,TRUE,TRUE,TBD,FALSE
2022-08-28T20:00:00Z,16.844,beaver_creek_usgs_temp_3,60.65107,-151.09076,US/Alaska (UTC-9 / UTC-8),"west fork beaver creek, upstream of marathon road",Beaver Creek,STREAM,MAIN,TRUE,TRUE,TBD,FALSE
2022-08-28T20:15:00Z,16.82,beaver_creek_usgs_temp_3,60.65107,-151.09076,US/Alaska (UTC-9 / UTC-8),"west fork beaver creek, upstream of marathon road",Beaver Creek,STREAM,MAIN,TRUE,TRUE,TBD,FALSE
2022-08-28T20:30:00Z,16.796,beaver_creek_usgs_temp_3,60.65107,-151.09076,US/Alaska (UTC-9 / UTC-8),"west fork beaver creek, upstream of marathon road",Beaver Creek,STREAM,MAIN,TRUE,TRUE,TBD,FALSE
2022-08-28T20:45:00Z,16.749,beaver_creek_usgs_temp_3,60.65107,-151.09076,US/Alaska (UTC-9 / UTC-8),"west fork beaver creek, upstream of marathon road",Beaver Creek,STREAM,MAIN,TRUE,TRUE,TBD,FALSE
2022-08-28T21:00:00Z,16.677,beaver_creek_usgs_temp_3,60.65107,-151.09076,US/Alaska (UTC-9 / UTC-8),"west fork beaver creek, upstream of marathon road",Beaver Creek,STREAM,MAIN,TRUE,TRUE,TBD,FALSE
2022-08-28T21:15:00Z,16.63,beaver_creek_usgs_temp_3,60.65107,-151.09076,US/Alaska (UTC-9 / UTC-8),"west fork beaver creek, upstream of marathon road",Beaver Creek,STREAM,MAIN,TRUE,TRUE,TBD,FALSE
2022-08-28T21:30:00Z,16.582,beaver_creek_usgs_temp_3,60.65107,-151.09076,US/Alaska (UTC-9 / UTC-8),"west fork beaver creek, upstream of marathon road",Beaver Creek,STREAM,MAIN,TRUE,TRUE,TBD,FALSE
2022-08-28T21:45:00Z,16.511,beaver_creek_usgs_temp_3,60.65107,-151.09076,US/Alaska (UTC-9 / UTC-8),"west fork beaver creek, upstream of marathon road",Beaver Creek,STREAM,MAIN,TRUE,TRUE,TBD,FALSE
2022-08-28T22:00:00Z,16.439,beaver_creek_usgs_temp_3,60.65107,-151.09076,US/Alaska (UTC-9 / UTC-8),"west fork beaver creek, upstream of marathon road",Beaver Creek,STREAM,MAIN,TRUE,TRUE,TBD,FALSE
2022-08-28T22:15:00Z,16.344,beaver_creek_usgs_temp_3,60.65107,-151.09076,US/Alaska (UTC-9 / UTC-8),"west fork beaver creek, upstream of marathon road",Beaver Creek,STREAM,MAIN,TRUE,TRUE,TBD,FALSE
2022-08-28T22:30:00Z,16.249,beaver_creek_usgs_temp_3,60.65107,-151.09076,US/Alaska (UTC-9 / UTC-8),"west fork beaver creek, upstream of marathon road",Beaver Creek,STREAM,MAIN,TRUE,TRUE,TBD,FALSE
2022-08-28T22:45:00Z,16.177,beaver_creek_usgs_temp_3,60.65107,-151.09076,US/Alaska (UTC-9 / UTC-8),"west fork beaver creek, upstream of marathon road",Beaver Creek,STREAM,MAIN,TRUE,TRUE,TBD,FALSE
2022-08-28T23:00:00Z,16.082,beaver_creek_usgs_temp_3,60.65107,-151.09076,US/Alaska (UTC-9 / UTC-8),"west fork beaver creek, upstream of marathon road",Beaver Creek,STREAM,MAIN,TRUE,TRUE,TBD,FALSE
2022-08-28T23:15:00Z,15.963,beaver_creek_usgs_temp_3,60.65107,-151.09076,US/Alaska (UTC-9 / UTC-8),"west fork beaver creek, upstream of marathon road",Beaver Creek,STREAM,MAIN,TRUE,TRUE,TBD,FALSE
2022-08-28T23:30:00Z,15.867,beaver_creek_usgs_temp_3,60.65107,-151.09076,US/Alaska (UTC-9 / UTC-8),"west fork beaver creek, upstream of marathon road",Beaver Creek,STREAM,MAIN,TRUE,TRUE,TBD,FALSE
2022-08-28T23:45:00Z,15.772,beaver_creek_usgs_temp_3,60.65107,-151.09076,US/Alaska (UTC-9 / UTC-8),"west fork beaver creek, upstream of marathon road",Beaver Creek,STREAM,MAIN,TRUE,TRUE,TBD,FALSE
2022-08-29T00:00:00Z,15.676,beaver_creek_usgs_temp_3,60.65107,-151.09076,US/Alaska (UTC-9 / UTC-8),"west fork beaver creek, upstream of marathon road",Beaver Creek,STREAM,MAIN,TRUE,TRUE,TBD,FALSE
2022-08-29T00:15:00Z,15.605,beaver_creek_usgs_temp_3,60.65107,-151.09076,US/Alaska (UTC-9 / UTC-8),"west fork beaver creek, upstream of marathon road",Beaver Creek,STREAM,MAIN,TRUE,TRUE,TBD,FALSE
2022-08-29T00:30:00Z,15.509,beaver_creek_usgs_temp_3,60.65107,-151.09076,US/Alaska (UTC-9 / UTC-8),"west fork beaver creek, upstream of marathon road",Beaver Creek,STREAM,MAIN,TRUE,TRUE,TBD,FALSE
2022-08-29T00:45:00Z,15.438,beaver_creek_usgs_temp_3,60.65107,-151.09076,US/Alaska (UTC-9 / UTC-8),"west fork beaver creek, upstream of marathon road",Beaver Creek,STREAM,MAIN,TRUE,TRUE,TBD,FALSE
2022-08-29T01:00:00Z,15.366,beaver_creek_usgs_temp_3,60.65107,-151.09076,US/Alaska (UTC-9 / UTC-8),"west fork beaver creek, upstream of marathon road",Beaver Creek,STREAM,MAIN,TRUE,TRUE,TBD,FALSE
2022-08-29T01:15:00Z,15.27,beaver_creek_usgs_temp_3,60.65107,-151.09076,US/Alaska (UTC-9 / UTC-8),"west fork beaver creek, upstream of marathon road",Beaver Creek,STREAM,MAIN,TRUE,TRUE,TBD,FALSE
2022-08-29T01:30:00Z,15.199,beaver_creek_usgs_temp_3,60.65107,-151.09076,US/Alaska (UTC-9 / UTC-8),"west fork beaver creek, upstream of marathon road",Beaver Creek,STREAM,MAIN,TRUE,TRUE,TBD,FALSE
2022-08-29T01:45:00Z,15.103,beaver_creek_usgs_temp_3,60.65107,-151.09076,US/Alaska (UTC-9 / UTC-8),"west fork beaver creek, upstream of marathon road",Beaver Creek,STREAM,MAIN,TRUE,TRUE,TBD,FALSE
2022-08-29T02:00:00Z,15.031,beaver_creek_usgs_temp_3,60.65107,-151.09076,US/Alaska (UTC-9 / UTC-8),"west fork beaver creek, upstream of marathon road",Beaver Creek,STREAM,MAIN,TRUE,TRUE,TBD,FALSE
2022-08-29T02:15:00Z,14.96,beaver_creek_usgs_temp_3,60.65107,-151.09076,US/Alaska (UTC-9 / UTC-8),"west fork beaver creek, upstream of marathon road",Beaver Creek,STREAM,MAIN,TRUE,TRUE,TBD,FALSE
2022-08-29T02:30:00Z,14.864,beaver_creek_usgs_temp_3,60.65107,-151.09076,US/Alaska (UTC-9 / UTC-8),"west fork beaver creek, upstream of marathon road",Beaver Creek,STREAM,MAIN,TRUE,TRUE,TBD,FALSE
2022-08-29T02:45:00Z,14.768,beaver_creek_usgs_temp_3,60.65107,-151.09076,US/Alaska (UTC-9 / UTC-8),"west fork beaver creek, upstream of marathon road",Beaver Creek,STREAM,MAIN,TRUE,TRUE,TBD,FALSE
2022-08-29T03:00:00Z,14.673,beaver_creek_usgs_temp_3,60.65107,-151.09076,US/Alaska (UTC-9 / UTC-8),"west fork beaver creek, upstream of marathon road",Beaver Creek,STREAM,MAIN,TRUE,TRUE,TBD,FALSE
2022-08-29T03:15:00Z,14.601,beaver_creek_usgs_temp_3,60.65107,-151.09076,US/Alaska (UTC-9 / UTC-8),"west fork beaver creek, upstream of marathon road",Beaver Creek,STREAM,MAIN,TRUE,TRUE,TBD,FALSE
2022-08-29T03:30:00Z,14.505,beaver_creek_usgs_temp_3,60.65107,-151.09076,US/Alaska (UTC-9 / UTC-8),"west fork beaver creek, upstream of marathon road",Beaver Creek,STREAM,MAIN,TRUE,TRUE,TBD,FALSE
2022-08-29T03:45:00Z,14.433,beaver_creek_usgs_temp_3,60.65107,-151.09076,US/Alaska (UTC-9 / UTC-8),"west fork beaver creek, upstream of marathon road",Beaver Creek,STREAM,MAIN,TRUE,TRUE,TBD,FALSE
2022-08-29T04:00:00Z,14.337,beaver_creek_usgs_temp_3,60.65107,-151.09076,US/Alaska (UTC-9 / UTC-8),"west fork beaver creek, upstream of marathon road",Beaver Creek,STREAM,MAIN,TRUE,TRUE,TBD,FALSE
2022-08-29T04:15:00Z,14.242,beaver_creek_usgs_temp_3,60.65107,-151.09076,US/Alaska (UTC-9 / UTC-8),"west fork beaver creek, upstream of marathon road",Beaver Creek,STREAM,MAIN,TRUE,TRUE,TBD,FALSE
2022-08-29T04:30:00Z,14.17,beaver_creek_usgs_temp_3,60.65107,-151.09076,US/Alaska (UTC-9 / UTC-8),"west fork beaver creek, upstream of marathon road",Beaver Creek,STREAM,MAIN,TRUE,TRUE,TBD,FALSE
2022-08-29T04:45:00Z,14.098,beaver_creek_usgs_temp_3,60.65107,-151.09076,US/Alaska (UTC-9 / UTC-8),"west fork beaver creek, upstream of marathon road",Beaver Creek,STREAM,MAIN,TRUE,TRUE,TBD,FALSE
2022-08-29T05:00:00Z,14.002,beaver_creek_usgs_temp_3,60.65107,-151.09076,US/Alaska (UTC-9 / UTC-8),"west fork beaver creek, upstream of marathon road",Beaver Creek,STREAM,MAIN,TRUE,TRUE,TBD,FALSE
2022-08-29T05:15:00Z,13.906,beaver_creek_usgs_temp_3,60.65107,-151.09076,US/Alaska (UTC-9 / UTC-8),"west fork beaver creek, upstream of marathon road",Beaver Creek,STREAM,MAIN,TRUE,TRUE,TBD,FALSE
2022-08-29T05:30:00Z,13.834,beaver_creek_usgs_temp_3,60.65107,-151.09076,US/Alaska (UTC-9 / UTC-8),"west fork beaver creek, upstream of marathon road",Beaver Creek,STREAM,MAIN,TRUE,TRUE,TBD,FALSE
2022-08-29T05:45:00Z,13.738,beaver_creek_usgs_temp_3,60.65107,-151.09076,US/Alaska (UTC-9 / UTC-8),"west fork beaver creek, upstream of marathon road",Beaver Creek,STREAM,MAIN,TRUE,TRUE,TBD,FALSE
2022-08-29T06:00:00Z,13.666,beaver_creek_usgs_temp_3,60.65107,-151.09076,US/Alaska (UTC-9 / UTC-8),"west fork beaver creek, upstream of marathon road",Beaver Creek,STREAM,MAIN,TRUE,TRUE,TBD,FALSE
2022-08-29T06:15:00Z,13.57,beaver_creek_usgs_temp_3,60.65107,-151.09076,US/Alaska (UTC-9 / UTC-8),"west fork beaver creek, upstream of marathon road",Beaver Creek,STREAM,MAIN,TRUE,TRUE,TBD,FALSE
2022-08-29T06:30:00Z,13.497,beaver_creek_usgs_temp_3,60.65107,-151.09076,US/Alaska (UTC-9 / UTC-8),"west fork beaver creek, upstream of marathon road",Beaver Creek,STREAM,MAIN,TRUE,TRUE,TBD,FALSE
2022-08-29T06:45:00Z,13.425,beaver_creek_usgs_temp_3,60.65107,-151.09076,US/Alaska (UTC-9 / UTC-8),"west fork beaver creek, upstream of marathon road",Beaver Creek,STREAM,MAIN,TRUE,TRUE,TBD,FALSE
2022-08-29T07:00:00Z,13.329,beaver_creek_usgs_temp_3,60.65107,-151.09076,US/Alaska (UTC-9 / UTC-8),"west fork beaver creek, upstream of marathon road",Beaver Creek,STREAM,MAIN,TRUE,TRUE,TBD,FALSE
2022-08-29T07:15:00Z,13.257,beaver_creek_usgs_temp_3,60.65107,-151.09076,US/Alaska (UTC-9 / UTC-8),"west fork beaver creek, upstream of marathon road",Beaver Creek,STREAM,MAIN,TRUE,TRUE,TBD,FALSE
2022-08-29T07:30:00Z,13.185,beaver_creek_usgs_temp_3,60.65107,-151.09076,US/Alaska (UTC-9 / UTC-8),"west fork beaver creek, upstream of marathon road",Beaver Creek,STREAM,MAIN,TRUE,TRUE,TBD,FALSE
2022-08-29T07:45:00Z,13.137,beaver_creek_usgs_temp_3,60.65107,-151.09076,US/Alaska (UTC-9 / UTC-8),"west fork beaver creek, upstream of marathon road",Beaver Creek,STREAM,MAIN,TRUE,TRUE,TBD,FALSE
2022-08-29T08:00:00Z,13.064,beaver_creek_usgs_temp_3,60.65107,-151.09076,US/Alaska (UTC-9 / UTC-8),"west fork beaver creek, upstream of marathon road",Beaver Creek,STREAM,MAIN,TRUE,TRUE,TBD,FALSE
2022-08-29T08:15:00Z,13.04,beaver_creek_usgs_temp_3,60.65107,-151.09076,US/Alaska (UTC-9 / UTC-8),"west fork beaver creek, upstream of marathon road",Beaver Creek,STREAM,MAIN,TRUE,TRUE,TBD,FALSE
2022-08-29T08:30:00Z,12.992,beaver_creek_usgs_temp_3,60.65107,-151.09076,US/Alaska (UTC-9 / UTC-8),"west fork beaver creek, upstream of marathon road",Beaver Creek,STREAM,MAIN,TRUE,TRUE,TBD,FALSE
2022-08-29T08:45:00Z,12.968,beaver_creek_usgs_temp_3,60.65107,-151.09076,US/Alaska (UTC-9 / UTC-8),"west fork beaver creek, upstream of marathon road",Beaver Creek,STREAM,MAIN,TRUE,TRUE,TBD,FALSE
2022-08-29T09:00:00Z,12.968,beaver_creek_usgs_temp_3,60.65107,-151.09076,US/Alaska (UTC-9 / UTC-8),"west fork beaver creek, upstream of marathon road",Beaver Creek,STREAM,MAIN,TRUE,TRUE,TBD,FALSE
2022-08-29T09:15:00Z,12.944,beaver_creek_usgs_temp_3,60.65107,-151.09076,US/Alaska (UTC-9 / UTC-8),"west fork beaver creek, upstream of marathon road",Beaver Creek,STREAM,MAIN,TRUE,TRUE,TBD,FALSE
2022-08-29T09:30:00Z,12.968,beaver_creek_usgs_temp_3,60.65107,-151.09076,US/Alaska (UTC-9 / UTC-8),"west fork beaver creek, upstream of marathon road",Beaver Creek,STREAM,MAIN,TRUE,TRUE,TBD,FALSE
2022-08-29T09:45:00Z,12.992,beaver_creek_usgs_temp_3,60.65107,-151.09076,US/Alaska (UTC-9 / UTC-8),"west fork beaver creek, upstream of marathon road",Beaver Creek,STREAM,MAIN,TRUE,TRUE,TBD,FALSE
2022-08-29T10:00:00Z,12.992,beaver_creek_usgs_temp_3,60.65107,-151.09076,US/Alaska (UTC-9 / UTC-8),"west fork beaver creek, upstream of marathon road",Beaver Creek,STREAM,MAIN,TRUE,TRUE,TBD,FALSE
2022-08-29T10:15:00Z,13.016,beaver_creek_usgs_temp_3,60.65107,-151.09076,US/Alaska (UTC-9 / UTC-8),"west fork beaver creek, upstream of marathon road",Beaver Creek,STREAM,MAIN,TRUE,TRUE,TBD,FALSE
2022-08-29T10:30:00Z,13.04,beaver_creek_usgs_temp_3,60.65107,-151.09076,US/Alaska (UTC-9 / UTC-8),"west fork beaver creek, upstream of marathon road",Beaver Creek,STREAM,MAIN,TRUE,TRUE,TBD,FALSE
2022-08-29T10:45:00Z,13.064,beaver_creek_usgs_temp_3,60.65107,-151.09076,US/Alaska (UTC-9 / UTC-8),"west fork beaver creek, upstream of marathon road",Beaver Creek,STREAM,MAIN,TRUE,TRUE,TBD,FALSE
2022-08-29T11:00:00Z,13.088,beaver_creek_usgs_temp_3,60.65107,-151.09076,US/Alaska (UTC-9 / UTC-8),"west fork beaver creek, upstream of marathon road",Beaver Creek,STREAM,MAIN,TRUE,TRUE,TBD,FALSE
2022-08-29T11:15:00Z,13.137,beaver_creek_usgs_temp_3,60.65107,-151.09076,US/Alaska (UTC-9 / UTC-8),"west fork beaver creek, upstream of marathon road",Beaver Creek,STREAM,MAIN,TRUE,TRUE,TBD,FALSE
2022-08-29T11:30:00Z,13.185,beaver_creek_usgs_temp_3,60.65107,-151.09076,US/Alaska (UTC-9 / UTC-8),"west fork beaver creek, upstream of marathon road",Beaver Creek,STREAM,MAIN,TRUE,TRUE,TBD,FALSE
2022-08-29T11:45:00Z,13.233,beaver_creek_usgs_temp_3,60.65107,-151.09076,US/Alaska (UTC-9 / UTC-8),"west fork beaver creek, upstream of marathon road",Beaver Creek,STREAM,MAIN,TRUE,TRUE,TBD,FALSE
2022-08-29T12:00:00Z,13.281,beaver_creek_usgs_temp_3,60.65107,-151.09076,US/Alaska (UTC-9 / UTC-8),"west fork beaver creek, upstream of marathon road",Beaver Creek,STREAM,MAIN,TRUE,TRUE,TBD,FALSE
2022-08-29T12:15:00Z,13.329,beaver_creek_usgs_temp_3,60.65107,-151.09076,US/Alaska (UTC-9 / UTC-8),"west fork beaver creek, upstream of marathon road",Beaver Creek,STREAM,MAIN,TRUE,TRUE,TBD,FALSE
2022-08-29T12:30:00Z,13.377,beaver_creek_usgs_temp_3,60.65107,-151.09076,US/Alaska (UTC-9 / UTC-8),"west fork beaver creek, upstream of marathon road",Beaver Creek,STREAM,MAIN,TRUE,TRUE,TBD,FALSE
2022-08-29T12:45:00Z,13.57,beaver_creek_usgs_temp_3,60.65107,-151.09076,US/Alaska (UTC-9 / UTC-8),"west fork beaver creek, upstream of marathon road",Beaver Creek,STREAM,MAIN,TRUE,TRUE,TBD,FALSE
2022-08-29T13:00:00Z,13.69,beaver_creek_usgs_temp_3,60.65107,-151.09076,US/Alaska (UTC-9 / UTC-8),"west fork beaver creek, upstream of marathon road",Beaver Creek,STREAM,MAIN,TRUE,TRUE,TBD,FALSE
2022-08-29T13:15:00Z,13.834,beaver_creek_usgs_temp_3,60.65107,-151.09076,US/Alaska (UTC-9 / UTC-8),"west fork beaver creek, upstream of marathon road",Beaver Creek,STREAM,MAIN,TRUE,TRUE,TBD,FALSE
2022-08-29T13:30:00Z,13.978,beaver_creek_usgs_temp_3,60.65107,-151.09076,US/Alaska (UTC-9 / UTC-8),"west fork beaver creek, upstream of marathon road",Beaver Creek,STREAM,MAIN,TRUE,TRUE,TBD,FALSE
2022-08-29T13:45:00Z,14.122,beaver_creek_usgs_temp_3,60.65107,-151.09076,US/Alaska (UTC-9 / UTC-8),"west fork beaver creek, upstream of marathon road",Beaver Creek,STREAM,MAIN,TRUE,TRUE,TBD,FALSE
2022-08-29T14:00:00Z,14.29,beaver_creek_usgs_temp_3,60.65107,-151.09076,US/Alaska (UTC-9 / UTC-8),"west fork beaver creek, upstream of marathon road",Beaver Creek,STREAM,MAIN,TRUE,TRUE,TBD,FALSE
2022-08-29T14:15:00Z,14.433,beaver_creek_usgs_temp_3,60.65107,-151.09076,US/Alaska (UTC-9 / UTC-8),"west fork beaver creek, upstream of marathon road",Beaver Creek,STREAM,MAIN,TRUE,TRUE,TBD,FALSE
2022-08-29T14:30:00Z,14.601,beaver_creek_usgs_temp_3,60.65107,-151.09076,US/Alaska (UTC-9 / UTC-8),"west fork beaver creek, upstream of marathon road",Beaver Creek,STREAM,MAIN,TRUE,TRUE,TBD,FALSE
2022-08-29T14:45:00Z,14.768,beaver_creek_usgs_temp_3,60.65107,-151.09076,US/Alaska (UTC-9 / UTC-8),"west fork beaver creek, upstream of marathon road",Beaver Creek,STREAM,MAIN,TRUE,TRUE,TBD,FALSE
2022-08-29T15:00:00Z,14.912,beaver_creek_usgs_temp_3,60.65107,-151.09076,US/Alaska (UTC-9 / UTC-8),"west fork beaver creek, upstream of marathon road",Beaver Creek,STREAM,MAIN,TRUE,TRUE,TBD,FALSE
2022-08-29T15:15:00Z,15.055,beaver_creek_usgs_temp_3,60.65107,-151.09076,US/Alaska (UTC-9 / UTC-8),"west fork beaver creek, upstream of marathon road",Beaver Creek,STREAM,MAIN,TRUE,TRUE,TBD,FALSE
2022-08-29T15:30:00Z,15.199,beaver_creek_usgs_temp_3,60.65107,-151.09076,US/Alaska (UTC-9 / UTC-8),"west fork beaver creek, upstream of marathon road",Beaver Creek,STREAM,MAIN,TRUE,TRUE,TBD,FALSE
2022-08-29T15:45:00Z,15.366,beaver_creek_usgs_temp_3,60.65107,-151.09076,US/Alaska (UTC-9 / UTC-8),"west fork beaver creek, upstream of marathon road",Beaver Creek,STREAM,MAIN,TRUE,TRUE,TBD,FALSE
2022-08-29T16:00:00Z,15.485,beaver_creek_usgs_temp_3,60.65107,-151.09076,US/Alaska (UTC-9 / UTC-8),"west fork beaver creek, upstream of marathon road",Beaver Creek,STREAM,MAIN,TRUE,TRUE,TBD,FALSE
2022-08-29T16:15:00Z,15.605,beaver_creek_usgs_temp_3,60.65107,-151.09076,US/Alaska (UTC-9 / UTC-8),"west fork beaver creek, upstream of marathon road",Beaver Creek,STREAM,MAIN,TRUE,TRUE,TBD,FALSE
2022-08-29T16:30:00Z,15.724,beaver_creek_usgs_temp_3,60.65107,-151.09076,US/Alaska (UTC-9 / UTC-8),"west fork beaver creek, upstream of marathon road",Beaver Creek,STREAM,MAIN,TRUE,TRUE,TBD,FALSE
2022-08-29T16:45:00Z,15.843,beaver_creek_usgs_temp_3,60.65107,-151.09076,US/Alaska (UTC-9 / UTC-8),"west fork beaver creek, upstream of marathon road",Beaver Creek,STREAM,MAIN,TRUE,TRUE,TBD,FALSE
2022-08-29T17:00:00Z,15.939,beaver_creek_usgs_temp_3,60.65107,-151.09076,US/Alaska (UTC-9 / UTC-8),"west fork beaver creek, upstream of marathon road",Beaver Creek,STREAM,MAIN,TRUE,TRUE,TBD,FALSE
2022-08-29T17:15:00Z,16.058,beaver_creek_usgs_temp_3,60.65107,-151.09076,US/Alaska (UTC-9 / UTC-8),"west fork beaver creek, upstream of marathon road",Beaver Creek,STREAM,MAIN,TRUE,TRUE,TBD,FALSE
2022-08-29T17:30:00Z,16.129,beaver_creek_usgs_temp_3,60.65107,-151.09076,US/Alaska (UTC-9 / UTC-8),"west fork beaver creek, upstream of marathon road",Beaver Creek,STREAM,MAIN,TRUE,TRUE,TBD,FALSE
2022-08-29T17:45:00Z,16.201,beaver_creek_usgs_temp_3,60.65107,-151.09076,US/Alaska (UTC-9 / UTC-8),"west fork beaver creek, upstream of marathon road",Beaver Creek,STREAM,MAIN,TRUE,TRUE,TBD,FALSE
2022-08-29T18:00:00Z,16.272,beaver_creek_usgs_temp_3,60.65107,-151.09076,US/Alaska (UTC-9 / UTC-8),"west fork beaver creek, upstream of marathon road",Beaver Creek,STREAM,MAIN,TRUE,TRUE,TBD,FALSE
2022-08-29T18:15:00Z,16.344,beaver_creek_usgs_temp_3,60.65107,-151.09076,US/Alaska (UTC-9 / UTC-8),"west fork beaver creek, upstream of marathon road",Beaver Creek,STREAM,MAIN,TRUE,TRUE,TBD,FALSE
2022-08-29T18:30:00Z,16.392,beaver_creek_usgs_temp_3,60.65107,-151.09076,US/Alaska (UTC-9 / UTC-8),"west fork beaver creek, upstream of marathon road",Beaver Creek,STREAM,MAIN,TRUE,TRUE,TBD,FALSE
2022-08-29T18:45:00Z,16.415,beaver_creek_usgs_temp_3,60.65107,-151.09076,US/Alaska (UTC-9 / UTC-8),"west fork beaver creek, upstream of marathon road",Beaver Creek,STREAM,MAIN,TRUE,TRUE,TBD,FALSE
2022-08-29T19:00:00Z,16.463,beaver_creek_usgs_temp_3,60.65107,-151.09076,US/Alaska (UTC-9 / UTC-8),"west fork beaver creek, upstream of marathon road",Beaver Creek,STREAM,MAIN,TRUE,TRUE,TBD,FALSE
2022-08-29T19:15:00Z,16.487,beaver_creek_usgs_temp_3,60.65107,-151.09076,US/Alaska (UTC-9 / UTC-8),"west fork beaver creek, upstream of marathon road",Beaver Creek,STREAM,MAIN,TRUE,TRUE,TBD,FALSE
2022-08-29T19:30:00Z,16.511,beaver_creek_usgs_temp_3,60.65107,-151.09076,US/Alaska (UTC-9 / UTC-8),"west fork beaver creek, upstream of marathon road",Beaver Creek,STREAM,MAIN,TRUE,TRUE,TBD,FALSE
2022-08-29T19:45:00Z,16.534,beaver_creek_usgs_temp_3,60.65107,-151.09076,US/Alaska (UTC-9 / UTC-8),"west fork beaver creek, upstream of marathon road",Beaver Creek,STREAM,MAIN,TRUE,TRUE,TBD,FALSE
2022-08-29T20:00:00Z,16.534,beaver_creek_usgs_temp_3,60.65107,-151.09076,US/Alaska (UTC-9 / UTC-8),"west fork beaver creek, upstream of marathon road",Beaver Creek,STREAM,MAIN,TRUE,TRUE,TBD,FALSE
2022-08-29T20:15:00Z,16.511,beaver_creek_usgs_temp_3,60.65107,-151.09076,US/Alaska (UTC-9 / UTC-8),"west fork beaver creek, upstream of marathon road",Beaver Creek,STREAM,MAIN,TRUE,TRUE,TBD,FALSE
2022-08-29T20:30:00Z,16.487,beaver_creek_usgs_temp_3,60.65107,-151.09076,US/Alaska (UTC-9 / UTC-8),"west fork beaver creek, upstream of marathon road",Beaver Creek,STREAM,MAIN,TRUE,TRUE,TBD,FALSE
2022-08-29T20:45:00Z,16.463,beaver_creek_usgs_temp_3,60.65107,-151.09076,US/Alaska (UTC-9 / UTC-8),"west fork beaver creek, upstream of marathon road",Beaver Creek,STREAM,MAIN,TRUE,TRUE,TBD,FALSE
2022-08-29T21:00:00Z,16.439,beaver_creek_usgs_temp_3,60.65107,-151.09076,US/Alaska (UTC-9 / UTC-8),"west fork beaver creek, upstream of marathon road",Beaver Creek,STREAM,MAIN,TRUE,TRUE,TBD,FALSE
2022-08-29T21:15:00Z,16.392,beaver_creek_usgs_temp_3,60.65107,-151.09076,US/Alaska (UTC-9 / UTC-8),"west fork beaver creek, upstream of marathon road",Beaver Creek,STREAM,MAIN,TRUE,TRUE,TBD,FALSE
2022-08-29T21:30:00Z,16.32,beaver_creek_usgs_temp_3,60.65107,-151.09076,US/Alaska (UTC-9 / UTC-8),"west fork beaver creek, upstream of marathon road",Beaver Creek,STREAM,MAIN,TRUE,TRUE,TBD,FALSE
2022-08-29T21:45:00Z,16.249,beaver_creek_usgs_temp_3,60.65107,-151.09076,US/Alaska (UTC-9 / UTC-8),"west fork beaver creek, upstream of marathon road",Beaver Creek,STREAM,MAIN,TRUE,TRUE,TBD,FALSE
2022-08-29T22:00:00Z,16.201,beaver_creek_usgs_temp_3,60.65107,-151.09076,US/Alaska (UTC-9 / UTC-8),"west fork beaver creek, upstream of marathon road",Beaver Creek,STREAM,MAIN,TRUE,TRUE,TBD,FALSE
2022-08-29T22:15:00Z,16.106,beaver_creek_usgs_temp_3,60.65107,-151.09076,US/Alaska (UTC-9 / UTC-8),"west fork beaver creek, upstream of marathon road",Beaver Creek,STREAM,MAIN,TRUE,TRUE,TBD,FALSE
2022-08-29T22:30:00Z,16.034,beaver_creek_usgs_temp_3,60.65107,-151.09076,US/Alaska (UTC-9 / UTC-8),"west fork beaver creek, upstream of marathon road",Beaver Creek,STREAM,MAIN,TRUE,TRUE,TBD,FALSE
2022-08-29T22:45:00Z,15.939,beaver_creek_usgs_temp_3,60.65107,-151.09076,US/Alaska (UTC-9 / UTC-8),"west fork beaver creek, upstream of marathon road",Beaver Creek,STREAM,MAIN,TRUE,TRUE,TBD,FALSE
2022-08-29T23:00:00Z,15.867,beaver_creek_usgs_temp_3,60.65107,-151.09076,US/Alaska (UTC-9 / UTC-8),"west fork beaver creek, upstream of marathon road",Beaver Creek,STREAM,MAIN,TRUE,TRUE,TBD,FALSE
2022-08-29T23:15:00Z,15.772,beaver_creek_usgs_temp_3,60.65107,-151.09076,US/Alaska (UTC-9 / UTC-8),"west fork beaver creek, upstream of marathon road",Beaver Creek,STREAM,MAIN,TRUE,TRUE,TBD,FALSE
2022-08-29T23:30:00Z,15.676,beaver_creek_usgs_temp_3,60.65107,-151.09076,US/Alaska (UTC-9 / UTC-8),"west fork beaver creek, upstream of marathon road",Beaver Creek,STREAM,MAIN,TRUE,TRUE,TBD,FALSE
2022-08-29T23:45:00Z,15.581,beaver_creek_usgs_temp_3,60.65107,-151.09076,US/Alaska (UTC-9 / UTC-8),"west fork beaver creek, upstream of marathon road",Beaver Creek,STREAM,MAIN,TRUE,TRUE,TBD,FALSE
2022-08-30T00:00:00Z,15.509,beaver_creek_usgs_temp_3,60.65107,-151.09076,US/Alaska (UTC-9 / UTC-8),"west fork beaver creek, upstream of marathon road",Beaver Creek,STREAM,MAIN,TRUE,TRUE,TBD,FALSE
2022-08-30T00:15:00Z,15.414,beaver_creek_usgs_temp_3,60.65107,-151.09076,US/Alaska (UTC-9 / UTC-8),"west fork beaver creek, upstream of marathon road",Beaver Creek,STREAM,MAIN,TRUE,TRUE,TBD,FALSE
2022-08-30T00:30:00Z,15.294,beaver_creek_usgs_temp_3,60.65107,-151.09076,US/Alaska (UTC-9 / UTC-8),"west fork beaver creek, upstream of marathon road",Beaver Creek,STREAM,MAIN,TRUE,TRUE,TBD,FALSE
2022-08-30T00:45:00Z,15.199,beaver_creek_usgs_temp_3,60.65107,-151.09076,US/Alaska (UTC-9 / UTC-8),"west fork beaver creek, upstream of marathon road",Beaver Creek,STREAM,MAIN,TRUE,TRUE,TBD,FALSE
2022-08-30T01:00:00Z,15.103,beaver_creek_usgs_temp_3,60.65107,-151.09076,US/Alaska (UTC-9 / UTC-8),"west fork beaver creek, upstream of marathon road",Beaver Creek,STREAM,MAIN,TRUE,TRUE,TBD,FALSE
2022-08-30T01:15:00Z,15.008,beaver_creek_usgs_temp_3,60.65107,-151.09076,US/Alaska (UTC-9 / UTC-8),"west fork beaver creek, upstream of marathon road",Beaver Creek,STREAM,MAIN,TRUE,TRUE,TBD,FALSE
2022-08-30T01:30:00Z,14.936,beaver_creek_usgs_temp_3,60.65107,-151.09076,US/Alaska (UTC-9 / UTC-8),"west fork beaver creek, upstream of marathon road",Beaver Creek,STREAM,MAIN,TRUE,TRUE,TBD,FALSE
2022-08-30T01:45:00Z,14.84,beaver_creek_usgs_temp_3,60.65107,-151.09076,US/Alaska (UTC-9 / UTC-8),"west fork beaver creek, upstream of marathon road",Beaver Creek,STREAM,MAIN,TRUE,TRUE,TBD,FALSE
2022-08-30T02:00:00Z,14.745,beaver_creek_usgs_temp_3,60.65107,-151.09076,US/Alaska (UTC-9 / UTC-8),"west fork beaver creek, upstream of marathon road",Beaver Creek,STREAM,MAIN,TRUE,TRUE,TBD,FALSE
2022-08-30T02:15:00Z,14.649,beaver_creek_usgs_temp_3,60.65107,-151.09076,US/Alaska (UTC-9 / UTC-8),"west fork beaver creek, upstream of marathon road",Beaver Creek,STREAM,MAIN,TRUE,TRUE,TBD,FALSE
2022-08-30T02:30:00Z,14.553,beaver_creek_usgs_temp_3,60.65107,-151.09076,US/Alaska (UTC-9 / UTC-8),"west fork beaver creek, upstream of marathon road",Beaver Creek,STREAM,MAIN,TRUE,TRUE,TBD,FALSE
2022-08-30T02:45:00Z,14.457,beaver_creek_usgs_temp_3,60.65107,-151.09076,US/Alaska (UTC-9 / UTC-8),"west fork beaver creek, upstream of marathon road",Beaver Creek,STREAM,MAIN,TRUE,TRUE,TBD,FALSE
2022-08-30T03:00:00Z,14.385,beaver_creek_usgs_temp_3,60.65107,-151.09076,US/Alaska (UTC-9 / UTC-8),"west fork beaver creek, upstream of marathon road",Beaver Creek,STREAM,MAIN,TRUE,TRUE,TBD,FALSE
2022-08-30T03:15:00Z,14.29,beaver_creek_usgs_temp_3,60.65107,-151.09076,US/Alaska (UTC-9 / UTC-8),"west fork beaver creek, upstream of marathon road",Beaver Creek,STREAM,MAIN,TRUE,TRUE,TBD,FALSE
2022-08-30T03:30:00Z,14.194,beaver_creek_usgs_temp_3,60.65107,-151.09076,US/Alaska (UTC-9 / UTC-8),"west fork beaver creek, upstream of marathon road",Beaver Creek,STREAM,MAIN,TRUE,TRUE,TBD,FALSE
2022-08-30T03:45:00Z,14.098,beaver_creek_usgs_temp_3,60.65107,-151.09076,US/Alaska (UTC-9 / UTC-8),"west fork beaver creek, upstream of marathon road",Beaver Creek,STREAM,MAIN,TRUE,TRUE,TBD,FALSE
2022-08-30T04:00:00Z,14.002,beaver_creek_usgs_temp_3,60.65107,-151.09076,US/Alaska (UTC-9 / UTC-8),"west fork beaver creek, upstream of marathon road",Beaver Creek,STREAM,MAIN,TRUE,TRUE,TBD,FALSE
2022-08-30T04:15:00Z,13.93,beaver_creek_usgs_temp_3,60.65107,-151.09076,US/Alaska (UTC-9 / UTC-8),"west fork beaver creek, upstream of marathon road",Beaver Creek,STREAM,MAIN,TRUE,TRUE,TBD,FALSE
2022-08-30T04:30:00Z,13.858,beaver_creek_usgs_temp_3,60.65107,-151.09076,US/Alaska (UTC-9 / UTC-8),"west fork beaver creek, upstream of marathon road",Beaver Creek,STREAM,MAIN,TRUE,TRUE,TBD,FALSE
2022-08-30T04:45:00Z,13.786,beaver_creek_usgs_temp_3,60.65107,-151.09076,US/Alaska (UTC-9 / UTC-8),"west fork beaver creek, upstream of marathon road",Beaver Creek,STREAM,MAIN,TRUE,TRUE,TBD,FALSE
2022-08-30T05:00:00Z,13.714,beaver_creek_usgs_temp_3,60.65107,-151.09076,US/Alaska (UTC-9 / UTC-8),"west fork beaver creek, upstream of marathon road",Beaver Creek,STREAM,MAIN,TRUE,TRUE,TBD,FALSE
2022-08-30T05:15:00Z,13.642,beaver_creek_usgs_temp_3,60.65107,-151.09076,US/Alaska (UTC-9 / UTC-8),"west fork beaver creek, upstream of marathon road",Beaver Creek,STREAM,MAIN,TRUE,TRUE,TBD,FALSE
2022-08-30T05:30:00Z,13.546,beaver_creek_usgs_temp_3,60.65107,-151.09076,US/Alaska (UTC-9 / UTC-8),"west fork beaver creek, upstream of marathon road",Beaver Creek,STREAM,MAIN,TRUE,TRUE,TBD,FALSE
2022-08-30T05:45:00Z,13.473,beaver_creek_usgs_temp_3,60.65107,-151.09076,US/Alaska (UTC-9 / UTC-8),"west fork beaver creek, upstream of marathon road",Beaver Creek,STREAM,MAIN,TRUE,TRUE,TBD,FALSE
2022-08-30T06:00:00Z,13.401,beaver_creek_usgs_temp_3,60.65107,-151.09076,US/Alaska (UTC-9 / UTC-8),"west fork beaver creek, upstream of marathon road",Beaver Creek,STREAM,MAIN,TRUE,TRUE,TBD,FALSE
2022-08-30T06:15:00Z,13.329,beaver_creek_usgs_temp_3,60.65107,-151.09076,US/Alaska (UTC-9 / UTC-8),"west fork beaver creek, upstream of marathon road",Beaver Creek,STREAM,MAIN,TRUE,TRUE,TBD,FALSE
2022-08-30T06:30:00Z,13.233,beaver_creek_usgs_temp_3,60.65107,-151.09076,US/Alaska (UTC-9 / UTC-8),"west fork beaver creek, upstream of marathon road",Beaver Creek,STREAM,MAIN,TRUE,TRUE,TBD,FALSE
2022-08-30T06:45:00Z,13.185,beaver_creek_usgs_temp_3,60.65107,-151.09076,US/Alaska (UTC-9 / UTC-8),"west fork beaver creek, upstream of marathon road",Beaver Creek,STREAM,MAIN,TRUE,TRUE,TBD,FALSE
2022-08-30T07:00:00Z,13.088,beaver_creek_usgs_temp_3,60.65107,-151.09076,US/Alaska (UTC-9 / UTC-8),"west fork beaver creek, upstream of marathon road",Beaver Creek,STREAM,MAIN,TRUE,TRUE,TBD,FALSE
2022-08-30T07:15:00Z,13.016,beaver_creek_usgs_temp_3,60.65107,-151.09076,US/Alaska (UTC-9 / UTC-8),"west fork beaver creek, upstream of marathon road",Beaver Creek,STREAM,MAIN,TRUE,TRUE,TBD,FALSE
2022-08-30T07:30:00Z,12.944,beaver_creek_usgs_temp_3,60.65107,-151.09076,US/Alaska (UTC-9 / UTC-8),"west fork beaver creek, upstream of marathon road",Beaver Creek,STREAM,MAIN,TRUE,TRUE,TBD,FALSE
2022-08-30T07:45:00Z,12.871,beaver_creek_usgs_temp_3,60.65107,-151.09076,US/Alaska (UTC-9 / UTC-8),"west fork beaver creek, upstream of marathon road",Beaver Creek,STREAM,MAIN,TRUE,TRUE,TBD,FALSE
2022-08-30T08:00:00Z,12.847,beaver_creek_usgs_temp_3,60.65107,-151.09076,US/Alaska (UTC-9 / UTC-8),"west fork beaver creek, upstream of marathon road",Beaver Creek,STREAM,MAIN,TRUE,TRUE,TBD,FALSE
2022-08-30T08:15:00Z,12.799,beaver_creek_usgs_temp_3,60.65107,-151.09076,US/Alaska (UTC-9 / UTC-8),"west fork beaver creek, upstream of marathon road",Beaver Creek,STREAM,MAIN,TRUE,TRUE,TBD,FALSE
2022-08-30T08:30:00Z,12.775,beaver_creek_usgs_temp_3,60.65107,-151.09076,US/Alaska (UTC-9 / UTC-8),"west fork beaver creek, upstream of marathon road",Beaver Creek,STREAM,MAIN,TRUE,TRUE,TBD,FALSE
2022-08-30T08:45:00Z,12.751,beaver_creek_usgs_temp_3,60.65107,-151.09076,US/Alaska (UTC-9 / UTC-8),"west fork beaver creek, upstream of marathon road",Beaver Creek,STREAM,MAIN,TRUE,TRUE,TBD,FALSE
2022-08-30T09:00:00Z,12.751,beaver_creek_usgs_temp_3,60.65107,-151.09076,US/Alaska (UTC-9 / UTC-8),"west fork beaver creek, upstream of marathon road",Beaver Creek,STREAM,MAIN,TRUE,TRUE,TBD,FALSE
2022-08-30T09:15:00Z,12.751,beaver_creek_usgs_temp_3,60.65107,-151.09076,US/Alaska (UTC-9 / UTC-8),"west fork beaver creek, upstream of marathon road",Beaver Creek,STREAM,MAIN,TRUE,TRUE,TBD,FALSE
2022-08-30T09:30:00Z,12.799,beaver_creek_usgs_temp_3,60.65107,-151.09076,US/Alaska (UTC-9 / UTC-8),"west fork beaver creek, upstream of marathon road",Beaver Creek,STREAM,MAIN,TRUE,TRUE,TBD,FALSE
2022-08-30T09:45:00Z,12.823,beaver_creek_usgs_temp_3,60.65107,-151.09076,US/Alaska (UTC-9 / UTC-8),"west fork beaver creek, upstream of marathon road",Beaver Creek,STREAM,MAIN,TRUE,TRUE,TBD,FALSE
2022-08-30T10:00:00Z,12.871,beaver_creek_usgs_temp_3,60.65107,-151.09076,US/Alaska (UTC-9 / UTC-8),"west fork beaver creek, upstream of marathon road",Beaver Creek,STREAM,MAIN,TRUE,TRUE,TBD,FALSE
2022-08-30T10:15:00Z,12.871,beaver_creek_usgs_temp_3,60.65107,-151.09076,US/Alaska (UTC-9 / UTC-8),"west fork beaver creek, upstream of marathon road",Beaver Creek,STREAM,MAIN,TRUE,TRUE,TBD,FALSE
2022-08-30T10:30:00Z,12.896,beaver_creek_usgs_temp_3,60.65107,-151.09076,US/Alaska (UTC-9 / UTC-8),"west fork beaver creek, upstream of marathon road",Beaver Creek,STREAM,MAIN,TRUE,TRUE,TBD,FALSE
2022-08-30T10:45:00Z,12.896,beaver_creek_usgs_temp_3,60.65107,-151.09076,US/Alaska (UTC-9 / UTC-8),"west fork beaver creek, upstream of marathon road",Beaver Creek,STREAM,MAIN,TRUE,TRUE,TBD,FALSE
2022-08-30T11:00:00Z,12.944,beaver_creek_usgs_temp_3,60.65107,-151.09076,US/Alaska (UTC-9 / UTC-8),"west fork beaver creek, upstream of marathon road",Beaver Creek,STREAM,MAIN,TRUE,TRUE,TBD,FALSE
2022-08-30T11:15:00Z,12.992,beaver_creek_usgs_temp_3,60.65107,-151.09076,US/Alaska (UTC-9 / UTC-8),"west fork beaver creek, upstream of marathon road",Beaver Creek,STREAM,MAIN,TRUE,TRUE,TBD,FALSE
2022-08-30T11:30:00Z,13.112,beaver_creek_usgs_temp_3,60.65107,-151.09076,US/Alaska (UTC-9 / UTC-8),"west fork beaver creek, upstream of marathon road",Beaver Creek,STREAM,MAIN,TRUE,TRUE,TBD,FALSE
2022-08-30T11:45:00Z,13.185,beaver_creek_usgs_temp_3,60.65107,-151.09076,US/Alaska (UTC-9 / UTC-8),"west fork beaver creek, upstream of marathon road",Beaver Creek,STREAM,MAIN,TRUE,TRUE,TBD,FALSE
2022-08-30T12:00:00Z,13.305,beaver_creek_usgs_temp_3,60.65107,-151.09076,US/Alaska (UTC-9 / UTC-8),"west fork beaver creek, upstream of marathon road",Beaver Creek,STREAM,MAIN,TRUE,TRUE,TBD,FALSE
2022-08-30T12:15:00Z,13.377,beaver_creek_usgs_temp_3,60.65107,-151.09076,US/Alaska (UTC-9 / UTC-8),"west fork beaver creek, upstream of marathon road",Beaver Creek,STREAM,MAIN,TRUE,TRUE,TBD,FALSE
2022-08-30T12:30:00Z,13.449,beaver_creek_usgs_temp_3,60.65107,-151.09076,US/Alaska (UTC-9 / UTC-8),"west fork beaver creek, upstream of marathon road",Beaver Creek,STREAM,MAIN,TRUE,TRUE,TBD,FALSE
2022-08-30T12:45:00Z,13.546,beaver_creek_usgs_temp_3,60.65107,-151.09076,US/Alaska (UTC-9 / UTC-8),"west fork beaver creek, upstream of marathon road",Beaver Creek,STREAM,MAIN,TRUE,TRUE,TBD,FALSE
2022-08-30T13:00:00Z,13.666,beaver_creek_usgs_temp_3,60.65107,-151.09076,US/Alaska (UTC-9 / UTC-8),"west fork beaver creek, upstream of marathon road",Beaver Creek,STREAM,MAIN,TRUE,TRUE,TBD,FALSE
2022-08-30T13:15:00Z,13.762,beaver_creek_usgs_temp_3,60.65107,-151.09076,US/Alaska (UTC-9 / UTC-8),"west fork beaver creek, upstream of marathon road",Beaver Creek,STREAM,MAIN,TRUE,TRUE,TBD,FALSE
2022-08-30T13:30:00Z,13.858,beaver_creek_usgs_temp_3,60.65107,-151.09076,US/Alaska (UTC-9 / UTC-8),"west fork beaver creek, upstream of marathon road",Beaver Creek,STREAM,MAIN,TRUE,TRUE,TBD,FALSE
2022-08-30T13:45:00Z,13.93,beaver_creek_usgs_temp_3,60.65107,-151.09076,US/Alaska (UTC-9 / UTC-8),"west fork beaver creek, upstream of marathon road",Beaver Creek,STREAM,MAIN,TRUE,TRUE,TBD,FALSE
2022-08-30T14:00:00Z,14.026,beaver_creek_usgs_temp_3,60.65107,-151.09076,US/Alaska (UTC-9 / UTC-8),"west fork beaver creek, upstream of marathon road",Beaver Creek,STREAM,MAIN,TRUE,TRUE,TBD,FALSE
2022-08-30T14:15:00Z,14.122,beaver_creek_usgs_temp_3,60.65107,-151.09076,US/Alaska (UTC-9 / UTC-8),"west fork beaver creek, upstream of marathon road",Beaver Creek,STREAM,MAIN,TRUE,TRUE,TBD,FALSE
2022-08-30T14:30:00Z,14.242,beaver_creek_usgs_temp_3,60.65107,-151.09076,US/Alaska (UTC-9 / UTC-8),"west fork beaver creek, upstream of marathon road",Beaver Creek,STREAM,MAIN,TRUE,TRUE,TBD,FALSE
2022-08-30T14:45:00Z,14.361,beaver_creek_usgs_temp_3,60.65107,-151.09076,US/Alaska (UTC-9 / UTC-8),"west fork beaver creek, upstream of marathon road",Beaver Creek,STREAM,MAIN,TRUE,TRUE,TBD,FALSE
2022-08-30T15:00:00Z,14.481,beaver_creek_usgs_temp_3,60.65107,-151.09076,US/Alaska (UTC-9 / UTC-8),"west fork beaver creek, upstream of marathon road",Beaver Creek,STREAM,MAIN,TRUE,TRUE,TBD,FALSE
2022-08-30T15:15:00Z,14.625,beaver_creek_usgs_temp_3,60.65107,-151.09076,US/Alaska (UTC-9 / UTC-8),"west fork beaver creek, upstream of marathon road",Beaver Creek,STREAM,MAIN,TRUE,TRUE,TBD,FALSE
2022-08-30T15:30:00Z,14.673,beaver_creek_usgs_temp_3,60.65107,-151.09076,US/Alaska (UTC-9 / UTC-8),"west fork beaver creek, upstream of marathon road",Beaver Creek,STREAM,MAIN,TRUE,TRUE,TBD,FALSE
2022-08-30T15:45:00Z,14.721,beaver_creek_usgs_temp_3,60.65107,-151.09076,US/Alaska (UTC-9 / UTC-8),"west fork beaver creek, upstream of marathon road",Beaver Creek,STREAM,MAIN,TRUE,TRUE,TBD,FALSE
2022-08-30T16:00:00Z,14.864,beaver_creek_usgs_temp_3,60.65107,-151.09076,US/Alaska (UTC-9 / UTC-8),"west fork beaver creek, upstream of marathon road",Beaver Creek,STREAM,MAIN,TRUE,TRUE,TBD,FALSE
2022-08-30T16:15:00Z,14.96,beaver_creek_usgs_temp_3,60.65107,-151.09076,US/Alaska (UTC-9 / UTC-8),"west fork beaver creek, upstream of marathon road",Beaver Creek,STREAM,MAIN,TRUE,TRUE,TBD,FALSE
2022-08-30T16:30:00Z,14.96,beaver_creek_usgs_temp_3,60.65107,-151.09076,US/Alaska (UTC-9 / UTC-8),"west fork beaver creek, upstream of marathon road",Beaver Creek,STREAM,MAIN,TRUE,TRUE,TBD,FALSE
2022-08-30T16:45:00Z,14.984,beaver_creek_usgs_temp_3,60.65107,-151.09076,US/Alaska (UTC-9 / UTC-8),"west fork beaver creek, upstream of marathon road",Beaver Creek,STREAM,MAIN,TRUE,TRUE,TBD,FALSE
2022-08-30T17:00:00Z,15.008,beaver_creek_usgs_temp_3,60.65107,-151.09076,US/Alaska (UTC-9 / UTC-8),"west fork beaver creek, upstream of marathon road",Beaver Creek,STREAM,MAIN,TRUE,TRUE,TBD,FALSE
2022-08-30T17:15:00Z,15.008,beaver_creek_usgs_temp_3,60.65107,-151.09076,US/Alaska (UTC-9 / UTC-8),"west fork beaver creek, upstream of marathon road",Beaver Creek,STREAM,MAIN,TRUE,TRUE,TBD,FALSE
2022-08-30T17:30:00Z,15.055,beaver_creek_usgs_temp_3,60.65107,-151.09076,US/Alaska (UTC-9 / UTC-8),"west fork beaver creek, upstream of marathon road",Beaver Creek,STREAM,MAIN,TRUE,TRUE,TBD,FALSE
2022-08-30T17:45:00Z,15.079,beaver_creek_usgs_temp_3,60.65107,-151.09076,US/Alaska (UTC-9 / UTC-8),"west fork beaver creek, upstream of marathon road",Beaver Creek,STREAM,MAIN,TRUE,TRUE,TBD,FALSE
2022-08-30T18:00:00Z,15.127,beaver_creek_usgs_temp_3,60.65107,-151.09076,US/Alaska (UTC-9 / UTC-8),"west fork beaver creek, upstream of marathon road",Beaver Creek,STREAM,MAIN,TRUE,TRUE,TBD,FALSE
2022-08-30T18:15:00Z,15.151,beaver_creek_usgs_temp_3,60.65107,-151.09076,US/Alaska (UTC-9 / UTC-8),"west fork beaver creek, upstream of marathon road",Beaver Creek,STREAM,MAIN,TRUE,TRUE,TBD,FALSE
2022-08-30T18:30:00Z,15.151,beaver_creek_usgs_temp_3,60.65107,-151.09076,US/Alaska (UTC-9 / UTC-8),"west fork beaver creek, upstream of marathon road",Beaver Creek,STREAM,MAIN,TRUE,TRUE,TBD,FALSE
2022-08-30T18:45:00Z,15.151,beaver_creek_usgs_temp_3,60.65107,-151.09076,US/Alaska (UTC-9 / UTC-8),"west fork beaver creek, upstream of marathon road",Beaver Creek,STREAM,MAIN,TRUE,TRUE,TBD,FALSE
2022-08-30T19:00:00Z,15.175,beaver_creek_usgs_temp_3,60.65107,-151.09076,US/Alaska (UTC-9 / UTC-8),"west fork beaver creek, upstream of marathon road",Beaver Creek,STREAM,MAIN,TRUE,TRUE,TBD,FALSE
2022-08-30T19:15:00Z,15.199,beaver_creek_usgs_temp_3,60.65107,-151.09076,US/Alaska (UTC-9 / UTC-8),"west fork beaver creek, upstream of marathon road",Beaver Creek,STREAM,MAIN,TRUE,TRUE,TBD,FALSE
2022-08-30T19:30:00Z,15.199,beaver_creek_usgs_temp_3,60.65107,-151.09076,US/Alaska (UTC-9 / UTC-8),"west fork beaver creek, upstream of marathon road",Beaver Creek,STREAM,MAIN,TRUE,TRUE,TBD,FALSE
2022-08-30T19:45:00Z,15.199,beaver_creek_usgs_temp_3,60.65107,-151.09076,US/Alaska (UTC-9 / UTC-8),"west fork beaver creek, upstream of marathon road",Beaver Creek,STREAM,MAIN,TRUE,TRUE,TBD,FALSE
2022-08-30T20:00:00Z,15.175,beaver_creek_usgs_temp_3,60.65107,-151.09076,US/Alaska (UTC-9 / UTC-8),"west fork beaver creek, upstream of marathon road",Beaver Creek,STREAM,MAIN,TRUE,TRUE,TBD,FALSE
2022-08-30T20:15:00Z,15.175,beaver_creek_usgs_temp_3,60.65107,-151.09076,US/Alaska (UTC-9 / UTC-8),"west fork beaver creek, upstream of marathon road",Beaver Creek,STREAM,MAIN,TRUE,TRUE,TBD,FALSE
2022-08-30T20:30:00Z,15.151,beaver_creek_usgs_temp_3,60.65107,-151.09076,US/Alaska (UTC-9 / UTC-8),"west fork beaver creek, upstream of marathon road",Beaver Creek,STREAM,MAIN,TRUE,TRUE,TBD,FALSE
2022-08-30T20:45:00Z,15.127,beaver_creek_usgs_temp_3,60.65107,-151.09076,US/Alaska (UTC-9 / UTC-8),"west fork beaver creek, upstream of marathon road",Beaver Creek,STREAM,MAIN,TRUE,TRUE,TBD,FALSE
2022-08-30T21:00:00Z,15.103,beaver_creek_usgs_temp_3,60.65107,-151.09076,US/Alaska (UTC-9 / UTC-8),"west fork beaver creek, upstream of marathon road",Beaver Creek,STREAM,MAIN,TRUE,TRUE,TBD,FALSE
2022-08-30T21:15:00Z,15.079,beaver_creek_usgs_temp_3,60.65107,-151.09076,US/Alaska (UTC-9 / UTC-8),"west fork beaver creek, upstream of marathon road",Beaver Creek,STREAM,MAIN,TRUE,TRUE,TBD,FALSE
2022-08-30T21:30:00Z,15.055,beaver_creek_usgs_temp_3,60.65107,-151.09076,US/Alaska (UTC-9 / UTC-8),"west fork beaver creek, upstream of marathon road",Beaver Creek,STREAM,MAIN,TRUE,TRUE,TBD,FALSE
2022-08-30T21:45:00Z,15.055,beaver_creek_usgs_temp_3,60.65107,-151.09076,US/Alaska (UTC-9 / UTC-8),"west fork beaver creek, upstream of marathon road",Beaver Creek,STREAM,MAIN,TRUE,TRUE,TBD,FALSE
2022-08-30T22:00:00Z,15.008,beaver_creek_usgs_temp_3,60.65107,-151.09076,US/Alaska (UTC-9 / UTC-8),"west fork beaver creek, upstream of marathon road",Beaver Creek,STREAM,MAIN,TRUE,TRUE,TBD,FALSE
2022-08-30T22:15:00Z,14.984,beaver_creek_usgs_temp_3,60.65107,-151.09076,US/Alaska (UTC-9 / UTC-8),"west fork beaver creek, upstream of marathon road",Beaver Creek,STREAM,MAIN,TRUE,TRUE,TBD,FALSE
2022-08-30T22:30:00Z,14.936,beaver_creek_usgs_temp_3,60.65107,-151.09076,US/Alaska (UTC-9 / UTC-8),"west fork beaver creek, upstream of marathon road",Beaver Creek,STREAM,MAIN,TRUE,TRUE,TBD,FALSE
2022-08-30T22:45:00Z,14.912,beaver_creek_usgs_temp_3,60.65107,-151.09076,US/Alaska (UTC-9 / UTC-8),"west fork beaver creek, upstream of marathon road",Beaver Creek,STREAM,MAIN,TRUE,TRUE,TBD,FALSE
2022-08-30T23:00:00Z,14.864,beaver_creek_usgs_temp_3,60.65107,-151.09076,US/Alaska (UTC-9 / UTC-8),"west fork beaver creek, upstream of marathon road",Beaver Creek,STREAM,MAIN,TRUE,TRUE,TBD,FALSE
2022-08-30T23:15:00Z,14.84,beaver_creek_usgs_temp_3,60.65107,-151.09076,US/Alaska (UTC-9 / UTC-8),"west fork beaver creek, upstream of marathon road",Beaver Creek,STREAM,MAIN,TRUE,TRUE,TBD,FALSE
2022-08-30T23:30:00Z,14.792,beaver_creek_usgs_temp_3,60.65107,-151.09076,US/Alaska (UTC-9 / UTC-8),"west fork beaver creek, upstream of marathon road",Beaver Creek,STREAM,MAIN,TRUE,TRUE,TBD,FALSE
2022-08-30T23:45:00Z,14.768,beaver_creek_usgs_temp_3,60.65107,-151.09076,US/Alaska (UTC-9 / UTC-8),"west fork beaver creek, upstream of marathon road",Beaver Creek,STREAM,MAIN,TRUE,TRUE,TBD,FALSE
2022-08-31T00:00:00Z,14.721,beaver_creek_usgs_temp_3,60.65107,-151.09076,US/Alaska (UTC-9 / UTC-8),"west fork beaver creek, upstream of marathon road",Beaver Creek,STREAM,MAIN,TRUE,TRUE,TBD,FALSE
2022-08-31T00:15:00Z,14.697,beaver_creek_usgs_temp_3,60.65107,-151.09076,US/Alaska (UTC-9 / UTC-8),"west fork beaver creek, upstream of marathon road",Beaver Creek,STREAM,MAIN,TRUE,TRUE,TBD,FALSE
2022-08-31T00:30:00Z,14.649,beaver_creek_usgs_temp_3,60.65107,-151.09076,US/Alaska (UTC-9 / UTC-8),"west fork beaver creek, upstream of marathon road",Beaver Creek,STREAM,MAIN,TRUE,TRUE,TBD,FALSE
2022-08-31T00:45:00Z,14.601,beaver_creek_usgs_temp_3,60.65107,-151.09076,US/Alaska (UTC-9 / UTC-8),"west fork beaver creek, upstream of marathon road",Beaver Creek,STREAM,MAIN,TRUE,TRUE,TBD,FALSE
2022-08-31T01:00:00Z,14.601,beaver_creek_usgs_temp_3,60.65107,-151.09076,US/Alaska (UTC-9 / UTC-8),"west fork beaver creek, upstream of marathon road",Beaver Creek,STREAM,MAIN,TRUE,TRUE,TBD,FALSE
2022-08-31T01:15:00Z,14.553,beaver_creek_usgs_temp_3,60.65107,-151.09076,US/Alaska (UTC-9 / UTC-8),"west fork beaver creek, upstream of marathon road",Beaver Creek,STREAM,MAIN,TRUE,TRUE,TBD,FALSE
2022-08-31T01:30:00Z,14.505,beaver_creek_usgs_temp_3,60.65107,-151.09076,US/Alaska (UTC-9 / UTC-8),"west fork beaver creek, upstream of marathon road",Beaver Creek,STREAM,MAIN,TRUE,TRUE,TBD,FALSE
2022-08-31T01:45:00Z,14.481,beaver_creek_usgs_temp_3,60.65107,-151.09076,US/Alaska (UTC-9 / UTC-8),"west fork beaver creek, upstream of marathon road",Beaver Creek,STREAM,MAIN,TRUE,TRUE,TBD,FALSE
2022-08-31T02:00:00Z,14.433,beaver_creek_usgs_temp_3,60.65107,-151.09076,US/Alaska (UTC-9 / UTC-8),"west fork beaver creek, upstream of marathon road",Beaver Creek,STREAM,MAIN,TRUE,TRUE,TBD,FALSE
2022-08-31T02:15:00Z,14.409,beaver_creek_usgs_temp_3,60.65107,-151.09076,US/Alaska (UTC-9 / UTC-8),"west fork beaver creek, upstream of marathon road",Beaver Creek,STREAM,MAIN,TRUE,TRUE,TBD,FALSE
2022-08-31T02:30:00Z,14.385,beaver_creek_usgs_temp_3,60.65107,-151.09076,US/Alaska (UTC-9 / UTC-8),"west fork beaver creek, upstream of marathon road",Beaver Creek,STREAM,MAIN,TRUE,TRUE,TBD,FALSE
2022-08-31T02:45:00Z,14.337,beaver_creek_usgs_temp_3,60.65107,-151.09076,US/Alaska (UTC-9 / UTC-8),"west fork beaver creek, upstream of marathon road",Beaver Creek,STREAM,MAIN,TRUE,TRUE,TBD,FALSE
2022-08-31T03:00:00Z,14.314,beaver_creek_usgs_temp_3,60.65107,-151.09076,US/Alaska (UTC-9 / UTC-8),"west fork beaver creek, upstream of marathon road",Beaver Creek,STREAM,MAIN,TRUE,TRUE,TBD,FALSE
2022-08-31T03:15:00Z,14.29,beaver_creek_usgs_temp_3,60.65107,-151.09076,US/Alaska (UTC-9 / UTC-8),"west fork beaver creek, upstream of marathon road",Beaver Creek,STREAM,MAIN,TRUE,TRUE,TBD,FALSE
2022-08-31T03:30:00Z,14.242,beaver_creek_usgs_temp_3,60.65107,-151.09076,US/Alaska (UTC-9 / UTC-8),"west fork beaver creek, upstream of marathon road",Beaver Creek,STREAM,MAIN,TRUE,TRUE,TBD,FALSE
2022-08-31T03:45:00Z,14.218,beaver_creek_usgs_temp_3,60.65107,-151.09076,US/Alaska (UTC-9 / UTC-8),"west fork beaver creek, upstream of marathon road",Beaver Creek,STREAM,MAIN,TRUE,TRUE,TBD,FALSE
2022-08-31T04:00:00Z,14.194,beaver_creek_usgs_temp_3,60.65107,-151.09076,US/Alaska (UTC-9 / UTC-8),"west fork beaver creek, upstream of marathon road",Beaver Creek,STREAM,MAIN,TRUE,TRUE,TBD,FALSE
2022-08-31T04:15:00Z,14.146,beaver_creek_usgs_temp_3,60.65107,-151.09076,US/Alaska (UTC-9 / UTC-8),"west fork beaver creek, upstream of marathon road",Beaver Creek,STREAM,MAIN,TRUE,TRUE,TBD,FALSE
2022-08-31T04:30:00Z,14.122,beaver_creek_usgs_temp_3,60.65107,-151.09076,US/Alaska (UTC-9 / UTC-8),"west fork beaver creek, upstream of marathon road",Beaver Creek,STREAM,MAIN,TRUE,TRUE,TBD,FALSE
2022-08-31T04:45:00Z,14.098,beaver_creek_usgs_temp_3,60.65107,-151.09076,US/Alaska (UTC-9 / UTC-8),"west fork beaver creek, upstream of marathon road",Beaver Creek,STREAM,MAIN,TRUE,TRUE,TBD,FALSE
2022-08-31T05:00:00Z,14.05,beaver_creek_usgs_temp_3,60.65107,-151.09076,US/Alaska (UTC-9 / UTC-8),"west fork beaver creek, upstream of marathon road",Beaver Creek,STREAM,MAIN,TRUE,TRUE,TBD,FALSE
2022-08-31T05:15:00Z,14.026,beaver_creek_usgs_temp_3,60.65107,-151.09076,US/Alaska (UTC-9 / UTC-8),"west fork beaver creek, upstream of marathon road",Beaver Creek,STREAM,MAIN,TRUE,TRUE,TBD,FALSE
2022-08-31T05:30:00Z,14.002,beaver_creek_usgs_temp_3,60.65107,-151.09076,US/Alaska (UTC-9 / UTC-8),"west fork beaver creek, upstream of marathon road",Beaver Creek,STREAM,MAIN,TRUE,TRUE,TBD,FALSE
2022-08-31T05:45:00Z,13.978,beaver_creek_usgs_temp_3,60.65107,-151.09076,US/Alaska (UTC-9 / UTC-8),"west fork beaver creek, upstream of marathon road",Beaver Creek,STREAM,MAIN,TRUE,TRUE,TBD,FALSE
2022-08-31T06:00:00Z,13.93,beaver_creek_usgs_temp_3,60.65107,-151.09076,US/Alaska (UTC-9 / UTC-8),"west fork beaver creek, upstream of marathon road",Beaver Creek,STREAM,MAIN,TRUE,TRUE,TBD,FALSE
2022-08-31T06:15:00Z,13.906,beaver_creek_usgs_temp_3,60.65107,-151.09076,US/Alaska (UTC-9 / UTC-8),"west fork beaver creek, upstream of marathon road",Beaver Creek,STREAM,MAIN,TRUE,TRUE,TBD,FALSE
2022-08-31T06:30:00Z,13.858,beaver_creek_usgs_temp_3,60.65107,-151.09076,US/Alaska (UTC-9 / UTC-8),"west fork beaver creek, upstream of marathon road",Beaver Creek,STREAM,MAIN,TRUE,TRUE,TBD,FALSE
2022-08-31T06:45:00Z,13.834,beaver_creek_usgs_temp_3,60.65107,-151.09076,US/Alaska (UTC-9 / UTC-8),"west fork beaver creek, upstream of marathon road",Beaver Creek,STREAM,MAIN,TRUE,TRUE,TBD,FALSE
2022-08-31T07:00:00Z,13.81,beaver_creek_usgs_temp_3,60.65107,-151.09076,US/Alaska (UTC-9 / UTC-8),"west fork beaver creek, upstream of marathon road",Beaver Creek,STREAM,MAIN,TRUE,TRUE,TBD,FALSE
2022-08-31T07:15:00Z,13.762,beaver_creek_usgs_temp_3,60.65107,-151.09076,US/Alaska (UTC-9 / UTC-8),"west fork beaver creek, upstream of marathon road",Beaver Creek,STREAM,MAIN,TRUE,TRUE,TBD,FALSE
2022-08-31T07:30:00Z,13.738,beaver_creek_usgs_temp_3,60.65107,-151.09076,US/Alaska (UTC-9 / UTC-8),"west fork beaver creek, upstream of marathon road",Beaver Creek,STREAM,MAIN,TRUE,TRUE,TBD,FALSE
2022-08-31T07:45:00Z,13.714,beaver_creek_usgs_temp_3,60.65107,-151.09076,US/Alaska (UTC-9 / UTC-8),"west fork beaver creek, upstream of marathon road",Beaver Creek,STREAM,MAIN,TRUE,TRUE,TBD,FALSE
2022-08-31T08:00:00Z,13.714,beaver_creek_usgs_temp_3,60.65107,-151.09076,US/Alaska (UTC-9 / UTC-8),"west fork beaver creek, upstream of marathon road",Beaver Creek,STREAM,MAIN,TRUE,TRUE,TBD,FALSE
2022-08-31T08:15:00Z,13.666,beaver_creek_usgs_temp_3,60.65107,-151.09076,US/Alaska (UTC-9 / UTC-8),"west fork beaver creek, upstream of marathon road",Beaver Creek,STREAM,MAIN,TRUE,TRUE,TBD,FALSE
2022-08-31T08:30:00Z,13.666,beaver_creek_usgs_temp_3,60.65107,-151.09076,US/Alaska (UTC-9 / UTC-8),"west fork beaver creek, upstream of marathon road",Beaver Creek,STREAM,MAIN,TRUE,TRUE,TBD,FALSE
2022-08-31T08:45:00Z,13.642,beaver_creek_usgs_temp_3,60.65107,-151.09076,US/Alaska (UTC-9 / UTC-8),"west fork beaver creek, upstream of marathon road",Beaver Creek,STREAM,MAIN,TRUE,TRUE,TBD,FALSE
2022-08-31T09:00:00Z,13.618,beaver_creek_usgs_temp_3,60.65107,-151.09076,US/Alaska (UTC-9 / UTC-8),"west fork beaver creek, upstream of marathon road",Beaver Creek,STREAM,MAIN,TRUE,TRUE,TBD,FALSE
2022-08-31T09:15:00Z,13.594,beaver_creek_usgs_temp_3,60.65107,-151.09076,US/Alaska (UTC-9 / UTC-8),"west fork beaver creek, upstream of marathon road",Beaver Creek,STREAM,MAIN,TRUE,TRUE,TBD,FALSE
2022-08-31T09:30:00Z,13.57,beaver_creek_usgs_temp_3,60.65107,-151.09076,US/Alaska (UTC-9 / UTC-8),"west fork beaver creek, upstream of marathon road",Beaver Creek,STREAM,MAIN,TRUE,TRUE,TBD,FALSE
2022-08-31T09:45:00Z,13.546,beaver_creek_usgs_temp_3,60.65107,-151.09076,US/Alaska (UTC-9 / UTC-8),"west fork beaver creek, upstream of marathon road",Beaver Creek,STREAM,MAIN,TRUE,TRUE,TBD,FALSE
2022-08-31T10:00:00Z,13.546,beaver_creek_usgs_temp_3,60.65107,-151.09076,US/Alaska (UTC-9 / UTC-8),"west fork beaver creek, upstream of marathon road",Beaver Creek,STREAM,MAIN,TRUE,TRUE,TBD,FALSE
2022-08-31T10:15:00Z,13.546,beaver_creek_usgs_temp_3,60.65107,-151.09076,US/Alaska (UTC-9 / UTC-8),"west fork beaver creek, upstream of marathon road",Beaver Creek,STREAM,MAIN,TRUE,TRUE,TBD,FALSE
2022-08-31T10:30:00Z,13.546,beaver_creek_usgs_temp_3,60.65107,-151.09076,US/Alaska (UTC-9 / UTC-8),"west fork beaver creek, upstream of marathon road",Beaver Creek,STREAM,MAIN,TRUE,TRUE,TBD,FALSE
2022-08-31T10:45:00Z,13.57,beaver_creek_usgs_temp_3,60.65107,-151.09076,US/Alaska (UTC-9 / UTC-8),"west fork beaver creek, upstream of marathon road",Beaver Creek,STREAM,MAIN,TRUE,TRUE,TBD,FALSE
2022-08-31T11:00:00Z,13.57,beaver_creek_usgs_temp_3,60.65107,-151.09076,US/Alaska (UTC-9 / UTC-8),"west fork beaver creek, upstream of marathon road",Beaver Creek,STREAM,MAIN,TRUE,TRUE,TBD,FALSE
2022-08-31T11:15:00Z,13.594,beaver_creek_usgs_temp_3,60.65107,-151.09076,US/Alaska (UTC-9 / UTC-8),"west fork beaver creek, upstream of marathon road",Beaver Creek,STREAM,MAIN,TRUE,TRUE,TBD,FALSE
2022-08-31T11:30:00Z,13.594,beaver_creek_usgs_temp_3,60.65107,-151.09076,US/Alaska (UTC-9 / UTC-8),"west fork beaver creek, upstream of marathon road",Beaver Creek,STREAM,MAIN,TRUE,TRUE,TBD,FALSE
2022-08-31T11:45:00Z,13.618,beaver_creek_usgs_temp_3,60.65107,-151.09076,US/Alaska (UTC-9 / UTC-8),"west fork beaver creek, upstream of marathon road",Beaver Creek,STREAM,MAIN,TRUE,TRUE,TBD,FALSE
2022-08-31T12:00:00Z,13.618,beaver_creek_usgs_temp_3,60.65107,-151.09076,US/Alaska (UTC-9 / UTC-8),"west fork beaver creek, upstream of marathon road",Beaver Creek,STREAM,MAIN,TRUE,TRUE,TBD,FALSE
2022-08-31T12:15:00Z,13.618,beaver_creek_usgs_temp_3,60.65107,-151.09076,US/Alaska (UTC-9 / UTC-8),"west fork beaver creek, upstream of marathon road",Beaver Creek,STREAM,MAIN,TRUE,TRUE,TBD,FALSE
2022-08-31T12:30:00Z,13.618,beaver_creek_usgs_temp_3,60.65107,-151.09076,US/Alaska (UTC-9 / UTC-8),"west fork beaver creek, upstream of marathon road",Beaver Creek,STREAM,MAIN,TRUE,TRUE,TBD,FALSE
2022-08-31T12:45:00Z,13.642,beaver_creek_usgs_temp_3,60.65107,-151.09076,US/Alaska (UTC-9 / UTC-8),"west fork beaver creek, upstream of marathon road",Beaver Creek,STREAM,MAIN,TRUE,TRUE,TBD,FALSE
2022-08-31T13:00:00Z,13.666,beaver_creek_usgs_temp_3,60.65107,-151.09076,US/Alaska (UTC-9 / UTC-8),"west fork beaver creek, upstream of marathon road",Beaver Creek,STREAM,MAIN,TRUE,TRUE,TBD,FALSE
2022-08-31T13:15:00Z,13.69,beaver_creek_usgs_temp_3,60.65107,-151.09076,US/Alaska (UTC-9 / UTC-8),"west fork beaver creek, upstream of marathon road",Beaver Creek,STREAM,MAIN,TRUE,TRUE,TBD,FALSE
2022-08-31T13:30:00Z,13.69,beaver_creek_usgs_temp_3,60.65107,-151.09076,US/Alaska (UTC-9 / UTC-8),"west fork beaver creek, upstream of marathon road",Beaver Creek,STREAM,MAIN,TRUE,TRUE,TBD,FALSE
2022-08-31T13:45:00Z,13.69,beaver_creek_usgs_temp_3,60.65107,-151.09076,US/Alaska (UTC-9 / UTC-8),"west fork beaver creek, upstream of marathon road",Beaver Creek,STREAM,MAIN,TRUE,TRUE,TBD,FALSE
2022-08-31T14:00:00Z,13.714,beaver_creek_usgs_temp_3,60.65107,-151.09076,US/Alaska (UTC-9 / UTC-8),"west fork beaver creek, upstream of marathon road",Beaver Creek,STREAM,MAIN,TRUE,TRUE,TBD,FALSE
2022-08-31T14:15:00Z,13.714,beaver_creek_usgs_temp_3,60.65107,-151.09076,US/Alaska (UTC-9 / UTC-8),"west fork beaver creek, upstream of marathon road",Beaver Creek,STREAM,MAIN,TRUE,TRUE,TBD,FALSE
2022-08-31T14:30:00Z,13.738,beaver_creek_usgs_temp_3,60.65107,-151.09076,US/Alaska (UTC-9 / UTC-8),"west fork beaver creek, upstream of marathon road",Beaver Creek,STREAM,MAIN,TRUE,TRUE,TBD,FALSE
2022-08-31T14:45:00Z,13.762,beaver_creek_usgs_temp_3,60.65107,-151.09076,US/Alaska (UTC-9 / UTC-8),"west fork beaver creek, upstream of marathon road",Beaver Creek,STREAM,MAIN,TRUE,TRUE,TBD,FALSE
2022-08-31T15:00:00Z,13.762,beaver_creek_usgs_temp_3,60.65107,-151.09076,US/Alaska (UTC-9 / UTC-8),"west fork beaver creek, upstream of marathon road",Beaver Creek,STREAM,MAIN,TRUE,TRUE,TBD,FALSE
2022-08-31T15:15:00Z,13.786,beaver_creek_usgs_temp_3,60.65107,-151.09076,US/Alaska (UTC-9 / UTC-8),"west fork beaver creek, upstream of marathon road",Beaver Creek,STREAM,MAIN,TRUE,TRUE,TBD,FALSE
2022-08-31T15:30:00Z,13.786,beaver_creek_usgs_temp_3,60.65107,-151.09076,US/Alaska (UTC-9 / UTC-8),"west fork beaver creek, upstream of marathon road",Beaver Creek,STREAM,MAIN,TRUE,TRUE,TBD,FALSE
2022-08-31T15:45:00Z,13.81,beaver_creek_usgs_temp_3,60.65107,-151.09076,US/Alaska (UTC-9 / UTC-8),"west fork beaver creek, upstream of marathon road",Beaver Creek,STREAM,MAIN,TRUE,TRUE,TBD,FALSE
2022-08-31T16:00:00Z,13.81,beaver_creek_usgs_temp_3,60.65107,-151.09076,US/Alaska (UTC-9 / UTC-8),"west fork beaver creek, upstream of marathon road",Beaver Creek,STREAM,MAIN,TRUE,TRUE,TBD,FALSE
2022-08-31T16:15:00Z,13.834,beaver_creek_usgs_temp_3,60.65107,-151.09076,US/Alaska (UTC-9 / UTC-8),"west fork beaver creek, upstream of marathon road",Beaver Creek,STREAM,MAIN,TRUE,TRUE,TBD,FALSE
2022-08-31T16:30:00Z,13.834,beaver_creek_usgs_temp_3,60.65107,-151.09076,US/Alaska (UTC-9 / UTC-8),"west fork beaver creek, upstream of marathon road",Beaver Creek,STREAM,MAIN,TRUE,TRUE,TBD,FALSE
2022-08-31T16:45:00Z,13.858,beaver_creek_usgs_temp_3,60.65107,-151.09076,US/Alaska (UTC-9 / UTC-8),"west fork beaver creek, upstream of marathon road",Beaver Creek,STREAM,MAIN,TRUE,TRUE,TBD,FALSE
2022-08-31T17:00:00Z,13.834,beaver_creek_usgs_temp_3,60.65107,-151.09076,US/Alaska (UTC-9 / UTC-8),"west fork beaver creek, upstream of marathon road",Beaver Creek,STREAM,MAIN,TRUE,TRUE,TBD,FALSE
2022-08-31T17:15:00Z,13.858,beaver_creek_usgs_temp_3,60.65107,-151.09076,US/Alaska (UTC-9 / UTC-8),"west fork beaver creek, upstream of marathon road",Beaver Creek,STREAM,MAIN,TRUE,TRUE,TBD,FALSE
2022-08-31T17:30:00Z,13.834,beaver_creek_usgs_temp_3,60.65107,-151.09076,US/Alaska (UTC-9 / UTC-8),"west fork beaver creek, upstream of marathon road",Beaver Creek,STREAM,MAIN,TRUE,TRUE,TBD,FALSE
2022-08-31T17:45:00Z,13.81,beaver_creek_usgs_temp_3,60.65107,-151.09076,US/Alaska (UTC-9 / UTC-8),"west fork beaver creek, upstream of marathon road",Beaver Creek,STREAM,MAIN,TRUE,TRUE,TBD,FALSE
2022-08-31T18:00:00Z,13.81,beaver_creek_usgs_temp_3,60.65107,-151.09076,US/Alaska (UTC-9 / UTC-8),"west fork beaver creek, upstream of marathon road",Beaver Creek,STREAM,MAIN,TRUE,TRUE,TBD,FALSE
2022-08-31T18:15:00Z,13.81,beaver_creek_usgs_temp_3,60.65107,-151.09076,US/Alaska (UTC-9 / UTC-8),"west fork beaver creek, upstream of marathon road",Beaver Creek,STREAM,MAIN,TRUE,TRUE,TBD,FALSE
2022-08-31T18:30:00Z,13.786,beaver_creek_usgs_temp_3,60.65107,-151.09076,US/Alaska (UTC-9 / UTC-8),"west fork beaver creek, upstream of marathon road",Beaver Creek,STREAM,MAIN,TRUE,TRUE,TBD,FALSE
2022-08-31T18:45:00Z,13.762,beaver_creek_usgs_temp_3,60.65107,-151.09076,US/Alaska (UTC-9 / UTC-8),"west fork beaver creek, upstream of marathon road",Beaver Creek,STREAM,MAIN,TRUE,TRUE,TBD,FALSE
2022-08-31T19:00:00Z,13.738,beaver_creek_usgs_temp_3,60.65107,-151.09076,US/Alaska (UTC-9 / UTC-8),"west fork beaver creek, upstream of marathon road",Beaver Creek,STREAM,MAIN,TRUE,TRUE,TBD,FALSE
2022-08-31T19:15:00Z,13.714,beaver_creek_usgs_temp_3,60.65107,-151.09076,US/Alaska (UTC-9 / UTC-8),"west fork beaver creek, upstream of marathon road",Beaver Creek,STREAM,MAIN,TRUE,TRUE,TBD,FALSE
2022-08-31T19:30:00Z,13.666,beaver_creek_usgs_temp_3,60.65107,-151.09076,US/Alaska (UTC-9 / UTC-8),"west fork beaver creek, upstream of marathon road",Beaver Creek,STREAM,MAIN,TRUE,TRUE,TBD,FALSE
2022-08-31T19:45:00Z,13.642,beaver_creek_usgs_temp_3,60.65107,-151.09076,US/Alaska (UTC-9 / UTC-8),"west fork beaver creek, upstream of marathon road",Beaver Creek,STREAM,MAIN,TRUE,TRUE,TBD,FALSE
2022-08-31T20:00:00Z,13.618,beaver_creek_usgs_temp_3,60.65107,-151.09076,US/Alaska (UTC-9 / UTC-8),"west fork beaver creek, upstream of marathon road",Beaver Creek,STREAM,MAIN,TRUE,TRUE,TBD,FALSE
2022-08-31T20:15:00Z,13.57,beaver_creek_usgs_temp_3,60.65107,-151.09076,US/Alaska (UTC-9 / UTC-8),"west fork beaver creek, upstream of marathon road",Beaver Creek,STREAM,MAIN,TRUE,TRUE,TBD,FALSE
2022-08-31T20:30:00Z,13.546,beaver_creek_usgs_temp_3,60.65107,-151.09076,US/Alaska (UTC-9 / UTC-8),"west fork beaver creek, upstream of marathon road",Beaver Creek,STREAM,MAIN,TRUE,TRUE,TBD,FALSE
2022-08-31T20:45:00Z,13.497,beaver_creek_usgs_temp_3,60.65107,-151.09076,US/Alaska (UTC-9 / UTC-8),"west fork beaver creek, upstream of marathon road",Beaver Creek,STREAM,MAIN,TRUE,TRUE,TBD,FALSE
2022-08-31T21:00:00Z,13.473,beaver_creek_usgs_temp_3,60.65107,-151.09076,US/Alaska (UTC-9 / UTC-8),"west fork beaver creek, upstream of marathon road",Beaver Creek,STREAM,MAIN,TRUE,TRUE,TBD,FALSE
2022-08-31T21:15:00Z,13.425,beaver_creek_usgs_temp_3,60.65107,-151.09076,US/Alaska (UTC-9 / UTC-8),"west fork beaver creek, upstream of marathon road",Beaver Creek,STREAM,MAIN,TRUE,TRUE,TBD,FALSE
2022-08-31T21:30:00Z,13.377,beaver_creek_usgs_temp_3,60.65107,-151.09076,US/Alaska (UTC-9 / UTC-8),"west fork beaver creek, upstream of marathon road",Beaver Creek,STREAM,MAIN,TRUE,TRUE,TBD,FALSE
2022-08-31T21:45:00Z,13.329,beaver_creek_usgs_temp_3,60.65107,-151.09076,US/Alaska (UTC-9 / UTC-8),"west fork beaver creek, upstream of marathon road",Beaver Creek,STREAM,MAIN,TRUE,TRUE,TBD,FALSE
2022-08-31T22:00:00Z,13.281,beaver_creek_usgs_temp_3,60.65107,-151.09076,US/Alaska (UTC-9 / UTC-8),"west fork beaver creek, upstream of marathon road",Beaver Creek,STREAM,MAIN,TRUE,TRUE,TBD,FALSE
2022-08-31T22:15:00Z,13.257,beaver_creek_usgs_temp_3,60.65107,-151.09076,US/Alaska (UTC-9 / UTC-8),"west fork beaver creek, upstream of marathon road",Beaver Creek,STREAM,MAIN,TRUE,TRUE,TBD,FALSE
2022-08-31T22:30:00Z,13.209,beaver_creek_usgs_temp_3,60.65107,-151.09076,US/Alaska (UTC-9 / UTC-8),"west fork beaver creek, upstream of marathon road",Beaver Creek,STREAM,MAIN,TRUE,TRUE,TBD,FALSE
2022-08-31T22:45:00Z,13.161,beaver_creek_usgs_temp_3,60.65107,-151.09076,US/Alaska (UTC-9 / UTC-8),"west fork beaver creek, upstream of marathon road",Beaver Creek,STREAM,MAIN,TRUE,TRUE,TBD,FALSE
2022-08-31T23:00:00Z,13.137,beaver_creek_usgs_temp_3,60.65107,-151.09076,US/Alaska (UTC-9 / UTC-8),"west fork beaver creek, upstream of marathon road",Beaver Creek,STREAM,MAIN,TRUE,TRUE,TBD,FALSE
2022-08-31T23:15:00Z,13.088,beaver_creek_usgs_temp_3,60.65107,-151.09076,US/Alaska (UTC-9 / UTC-8),"west fork beaver creek, upstream of marathon road",Beaver Creek,STREAM,MAIN,TRUE,TRUE,TBD,FALSE
2022-08-31T23:30:00Z,13.04,beaver_creek_usgs_temp_3,60.65107,-151.09076,US/Alaska (UTC-9 / UTC-8),"west fork beaver creek, upstream of marathon road",Beaver Creek,STREAM,MAIN,TRUE,TRUE,TBD,FALSE
2022-08-31T23:45:00Z,13.016,beaver_creek_usgs_temp_3,60.65107,-151.09076,US/Alaska (UTC-9 / UTC-8),"west fork beaver creek, upstream of marathon road",Beaver Creek,STREAM,MAIN,TRUE,TRUE,TBD,FALSE
2022-09-01T00:00:00Z,12.992,beaver_creek_usgs_temp_3,60.65107,-151.09076,US/Alaska (UTC-9 / UTC-8),"west fork beaver creek, upstream of marathon road",Beaver Creek,STREAM,MAIN,TRUE,TRUE,TBD,FALSE
2022-09-01T00:15:00Z,12.944,beaver_creek_usgs_temp_3,60.65107,-151.09076,US/Alaska (UTC-9 / UTC-8),"west fork beaver creek, upstream of marathon road",Beaver Creek,STREAM,MAIN,TRUE,TRUE,TBD,FALSE
2022-09-01T00:30:00Z,12.896,beaver_creek_usgs_temp_3,60.65107,-151.09076,US/Alaska (UTC-9 / UTC-8),"west fork beaver creek, upstream of marathon road",Beaver Creek,STREAM,MAIN,TRUE,TRUE,TBD,FALSE
2022-09-01T00:45:00Z,12.847,beaver_creek_usgs_temp_3,60.65107,-151.09076,US/Alaska (UTC-9 / UTC-8),"west fork beaver creek, upstream of marathon road",Beaver Creek,STREAM,MAIN,TRUE,TRUE,TBD,FALSE
2022-09-01T01:00:00Z,12.823,beaver_creek_usgs_temp_3,60.65107,-151.09076,US/Alaska (UTC-9 / UTC-8),"west fork beaver creek, upstream of marathon road",Beaver Creek,STREAM,MAIN,TRUE,TRUE,TBD,FALSE
2022-09-01T01:15:00Z,12.799,beaver_creek_usgs_temp_3,60.65107,-151.09076,US/Alaska (UTC-9 / UTC-8),"west fork beaver creek, upstream of marathon road",Beaver Creek,STREAM,MAIN,TRUE,TRUE,TBD,FALSE
2022-09-01T01:30:00Z,12.751,beaver_creek_usgs_temp_3,60.65107,-151.09076,US/Alaska (UTC-9 / UTC-8),"west fork beaver creek, upstream of marathon road",Beaver Creek,STREAM,MAIN,TRUE,TRUE,TBD,FALSE
2022-09-01T01:45:00Z,12.703,beaver_creek_usgs_temp_3,60.65107,-151.09076,US/Alaska (UTC-9 / UTC-8),"west fork beaver creek, upstream of marathon road",Beaver Creek,STREAM,MAIN,TRUE,TRUE,TBD,FALSE
2022-09-01T02:00:00Z,12.678,beaver_creek_usgs_temp_3,60.65107,-151.09076,US/Alaska (UTC-9 / UTC-8),"west fork beaver creek, upstream of marathon road",Beaver Creek,STREAM,MAIN,TRUE,TRUE,TBD,FALSE
2022-09-01T02:15:00Z,12.654,beaver_creek_usgs_temp_3,60.65107,-151.09076,US/Alaska (UTC-9 / UTC-8),"west fork beaver creek, upstream of marathon road",Beaver Creek,STREAM,MAIN,TRUE,TRUE,TBD,FALSE
2022-09-01T02:30:00Z,12.63,beaver_creek_usgs_temp_3,60.65107,-151.09076,US/Alaska (UTC-9 / UTC-8),"west fork beaver creek, upstream of marathon road",Beaver Creek,STREAM,MAIN,TRUE,TRUE,TBD,FALSE
2022-09-01T02:45:00Z,12.582,beaver_creek_usgs_temp_3,60.65107,-151.09076,US/Alaska (UTC-9 / UTC-8),"west fork beaver creek, upstream of marathon road",Beaver Creek,STREAM,MAIN,TRUE,TRUE,TBD,FALSE
2022-09-01T03:00:00Z,12.558,beaver_creek_usgs_temp_3,60.65107,-151.09076,US/Alaska (UTC-9 / UTC-8),"west fork beaver creek, upstream of marathon road",Beaver Creek,STREAM,MAIN,TRUE,TRUE,TBD,FALSE
2022-09-01T03:15:00Z,12.534,beaver_creek_usgs_temp_3,60.65107,-151.09076,US/Alaska (UTC-9 / UTC-8),"west fork beaver creek, upstream of marathon road",Beaver Creek,STREAM,MAIN,TRUE,TRUE,TBD,FALSE
2022-09-01T03:30:00Z,12.509,beaver_creek_usgs_temp_3,60.65107,-151.09076,US/Alaska (UTC-9 / UTC-8),"west fork beaver creek, upstream of marathon road",Beaver Creek,STREAM,MAIN,TRUE,TRUE,TBD,FALSE
2022-09-01T03:45:00Z,12.461,beaver_creek_usgs_temp_3,60.65107,-151.09076,US/Alaska (UTC-9 / UTC-8),"west fork beaver creek, upstream of marathon road",Beaver Creek,STREAM,MAIN,TRUE,TRUE,TBD,FALSE
2022-09-01T04:00:00Z,12.437,beaver_creek_usgs_temp_3,60.65107,-151.09076,US/Alaska (UTC-9 / UTC-8),"west fork beaver creek, upstream of marathon road",Beaver Creek,STREAM,MAIN,TRUE,TRUE,TBD,FALSE
2022-09-01T04:15:00Z,12.413,beaver_creek_usgs_temp_3,60.65107,-151.09076,US/Alaska (UTC-9 / UTC-8),"west fork beaver creek, upstream of marathon road",Beaver Creek,STREAM,MAIN,TRUE,TRUE,TBD,FALSE
2022-09-01T04:30:00Z,12.389,beaver_creek_usgs_temp_3,60.65107,-151.09076,US/Alaska (UTC-9 / UTC-8),"west fork beaver creek, upstream of marathon road",Beaver Creek,STREAM,MAIN,TRUE,TRUE,TBD,FALSE
2022-09-01T04:45:00Z,12.364,beaver_creek_usgs_temp_3,60.65107,-151.09076,US/Alaska (UTC-9 / UTC-8),"west fork beaver creek, upstream of marathon road",Beaver Creek,STREAM,MAIN,TRUE,TRUE,TBD,FALSE
2022-09-01T05:00:00Z,12.316,beaver_creek_usgs_temp_3,60.65107,-151.09076,US/Alaska (UTC-9 / UTC-8),"west fork beaver creek, upstream of marathon road",Beaver Creek,STREAM,MAIN,TRUE,TRUE,TBD,FALSE
2022-09-01T05:15:00Z,12.292,beaver_creek_usgs_temp_3,60.65107,-151.09076,US/Alaska (UTC-9 / UTC-8),"west fork beaver creek, upstream of marathon road",Beaver Creek,STREAM,MAIN,TRUE,TRUE,TBD,FALSE
2022-09-01T05:30:00Z,12.268,beaver_creek_usgs_temp_3,60.65107,-151.09076,US/Alaska (UTC-9 / UTC-8),"west fork beaver creek, upstream of marathon road",Beaver Creek,STREAM,MAIN,TRUE,TRUE,TBD,FALSE
2022-09-01T05:45:00Z,12.243,beaver_creek_usgs_temp_3,60.65107,-151.09076,US/Alaska (UTC-9 / UTC-8),"west fork beaver creek, upstream of marathon road",Beaver Creek,STREAM,MAIN,TRUE,TRUE,TBD,FALSE
2022-09-01T06:00:00Z,12.195,beaver_creek_usgs_temp_3,60.65107,-151.09076,US/Alaska (UTC-9 / UTC-8),"west fork beaver creek, upstream of marathon road",Beaver Creek,STREAM,MAIN,TRUE,TRUE,TBD,FALSE
2022-09-01T06:15:00Z,12.171,beaver_creek_usgs_temp_3,60.65107,-151.09076,US/Alaska (UTC-9 / UTC-8),"west fork beaver creek, upstream of marathon road",Beaver Creek,STREAM,MAIN,TRUE,TRUE,TBD,FALSE
2022-09-01T06:30:00Z,12.147,beaver_creek_usgs_temp_3,60.65107,-151.09076,US/Alaska (UTC-9 / UTC-8),"west fork beaver creek, upstream of marathon road",Beaver Creek,STREAM,MAIN,TRUE,TRUE,TBD,FALSE
2022-09-01T06:45:00Z,12.122,beaver_creek_usgs_temp_3,60.65107,-151.09076,US/Alaska (UTC-9 / UTC-8),"west fork beaver creek, upstream of marathon road",Beaver Creek,STREAM,MAIN,TRUE,TRUE,TBD,FALSE
2022-09-01T07:00:00Z,12.098,beaver_creek_usgs_temp_3,60.65107,-151.09076,US/Alaska (UTC-9 / UTC-8),"west fork beaver creek, upstream of marathon road",Beaver Creek,STREAM,MAIN,TRUE,TRUE,TBD,FALSE
2022-09-01T07:15:00Z,12.074,beaver_creek_usgs_temp_3,60.65107,-151.09076,US/Alaska (UTC-9 / UTC-8),"west fork beaver creek, upstream of marathon road",Beaver Creek,STREAM,MAIN,TRUE,TRUE,TBD,FALSE
2022-09-01T07:30:00Z,12.05,beaver_creek_usgs_temp_3,60.65107,-151.09076,US/Alaska (UTC-9 / UTC-8),"west fork beaver creek, upstream of marathon road",Beaver Creek,STREAM,MAIN,TRUE,TRUE,TBD,FALSE
2022-09-01T07:45:00Z,12.025,beaver_creek_usgs_temp_3,60.65107,-151.09076,US/Alaska (UTC-9 / UTC-8),"west fork beaver creek, upstream of marathon road",Beaver Creek,STREAM,MAIN,TRUE,TRUE,TBD,FALSE
2022-09-01T08:00:00Z,12.001,beaver_creek_usgs_temp_3,60.65107,-151.09076,US/Alaska (UTC-9 / UTC-8),"west fork beaver creek, upstream of marathon road",Beaver Creek,STREAM,MAIN,TRUE,TRUE,TBD,FALSE
2022-09-01T08:15:00Z,11.977,beaver_creek_usgs_temp_3,60.65107,-151.09076,US/Alaska (UTC-9 / UTC-8),"west fork beaver creek, upstream of marathon road",Beaver Creek,STREAM,MAIN,TRUE,TRUE,TBD,FALSE
2022-09-01T08:30:00Z,11.953,beaver_creek_usgs_temp_3,60.65107,-151.09076,US/Alaska (UTC-9 / UTC-8),"west fork beaver creek, upstream of marathon road",Beaver Creek,STREAM,MAIN,TRUE,TRUE,TBD,FALSE
2022-09-01T08:45:00Z,11.953,beaver_creek_usgs_temp_3,60.65107,-151.09076,US/Alaska (UTC-9 / UTC-8),"west fork beaver creek, upstream of marathon road",Beaver Creek,STREAM,MAIN,TRUE,TRUE,TBD,FALSE
2022-09-01T09:00:00Z,11.953,beaver_creek_usgs_temp_3,60.65107,-151.09076,US/Alaska (UTC-9 / UTC-8),"west fork beaver creek, upstream of marathon road",Beaver Creek,STREAM,MAIN,TRUE,TRUE,TBD,FALSE
2022-09-01T09:15:00Z,11.953,beaver_creek_usgs_temp_3,60.65107,-151.09076,US/Alaska (UTC-9 / UTC-8),"west fork beaver creek, upstream of marathon road",Beaver Creek,STREAM,MAIN,TRUE,TRUE,TBD,FALSE
2022-09-01T09:30:00Z,11.953,beaver_creek_usgs_temp_3,60.65107,-151.09076,US/Alaska (UTC-9 / UTC-8),"west fork beaver creek, upstream of marathon road",Beaver Creek,STREAM,MAIN,TRUE,TRUE,TBD,FALSE
2022-09-01T09:45:00Z,11.953,beaver_creek_usgs_temp_3,60.65107,-151.09076,US/Alaska (UTC-9 / UTC-8),"west fork beaver creek, upstream of marathon road",Beaver Creek,STREAM,MAIN,TRUE,TRUE,TBD,FALSE
2022-09-01T10:00:00Z,11.977,beaver_creek_usgs_temp_3,60.65107,-151.09076,US/Alaska (UTC-9 / UTC-8),"west fork beaver creek, upstream of marathon road",Beaver Creek,STREAM,MAIN,TRUE,TRUE,TBD,FALSE
2022-09-01T10:15:00Z,12.001,beaver_creek_usgs_temp_3,60.65107,-151.09076,US/Alaska (UTC-9 / UTC-8),"west fork beaver creek, upstream of marathon road",Beaver Creek,STREAM,MAIN,TRUE,TRUE,TBD,FALSE
2022-09-01T10:30:00Z,12.025,beaver_creek_usgs_temp_3,60.65107,-151.09076,US/Alaska (UTC-9 / UTC-8),"west fork beaver creek, upstream of marathon road",Beaver Creek,STREAM,MAIN,TRUE,TRUE,TBD,FALSE
2022-09-01T10:45:00Z,12.05,beaver_creek_usgs_temp_3,60.65107,-151.09076,US/Alaska (UTC-9 / UTC-8),"west fork beaver creek, upstream of marathon road",Beaver Creek,STREAM,MAIN,TRUE,TRUE,TBD,FALSE
2022-09-01T11:00:00Z,12.074,beaver_creek_usgs_temp_3,60.65107,-151.09076,US/Alaska (UTC-9 / UTC-8),"west fork beaver creek, upstream of marathon road",Beaver Creek,STREAM,MAIN,TRUE,TRUE,TBD,FALSE
2022-09-01T11:15:00Z,12.122,beaver_creek_usgs_temp_3,60.65107,-151.09076,US/Alaska (UTC-9 / UTC-8),"west fork beaver creek, upstream of marathon road",Beaver Creek,STREAM,MAIN,TRUE,TRUE,TBD,FALSE
2022-09-01T11:30:00Z,12.171,beaver_creek_usgs_temp_3,60.65107,-151.09076,US/Alaska (UTC-9 / UTC-8),"west fork beaver creek, upstream of marathon road",Beaver Creek,STREAM,MAIN,TRUE,TRUE,TBD,FALSE
2022-09-01T11:45:00Z,12.195,beaver_creek_usgs_temp_3,60.65107,-151.09076,US/Alaska (UTC-9 / UTC-8),"west fork beaver creek, upstream of marathon road",Beaver Creek,STREAM,MAIN,TRUE,TRUE,TBD,FALSE
2022-09-01T12:00:00Z,12.219,beaver_creek_usgs_temp_3,60.65107,-151.09076,US/Alaska (UTC-9 / UTC-8),"west fork beaver creek, upstream of marathon road",Beaver Creek,STREAM,MAIN,TRUE,TRUE,TBD,FALSE
2022-09-01T12:15:00Z,12.268,beaver_creek_usgs_temp_3,60.65107,-151.09076,US/Alaska (UTC-9 / UTC-8),"west fork beaver creek, upstream of marathon road",Beaver Creek,STREAM,MAIN,TRUE,TRUE,TBD,FALSE
2022-09-01T12:30:00Z,12.34,beaver_creek_usgs_temp_3,60.65107,-151.09076,US/Alaska (UTC-9 / UTC-8),"west fork beaver creek, upstream of marathon road",Beaver Creek,STREAM,MAIN,TRUE,TRUE,TBD,FALSE
2022-09-01T12:45:00Z,12.413,beaver_creek_usgs_temp_3,60.65107,-151.09076,US/Alaska (UTC-9 / UTC-8),"west fork beaver creek, upstream of marathon road",Beaver Creek,STREAM,MAIN,TRUE,TRUE,TBD,FALSE
2022-09-01T13:00:00Z,12.485,beaver_creek_usgs_temp_3,60.65107,-151.09076,US/Alaska (UTC-9 / UTC-8),"west fork beaver creek, upstream of marathon road",Beaver Creek,STREAM,MAIN,TRUE,TRUE,TBD,FALSE
2022-09-01T13:15:00Z,12.703,beaver_creek_usgs_temp_3,60.65107,-151.09076,US/Alaska (UTC-9 / UTC-8),"west fork beaver creek, upstream of marathon road",Beaver Creek,STREAM,MAIN,TRUE,TRUE,TBD,FALSE
2022-09-01T13:30:00Z,12.847,beaver_creek_usgs_temp_3,60.65107,-151.09076,US/Alaska (UTC-9 / UTC-8),"west fork beaver creek, upstream of marathon road",Beaver Creek,STREAM,MAIN,TRUE,TRUE,TBD,FALSE
2022-09-01T13:45:00Z,12.944,beaver_creek_usgs_temp_3,60.65107,-151.09076,US/Alaska (UTC-9 / UTC-8),"west fork beaver creek, upstream of marathon road",Beaver Creek,STREAM,MAIN,TRUE,TRUE,TBD,FALSE
2022-09-01T14:00:00Z,13.04,beaver_creek_usgs_temp_3,60.65107,-151.09076,US/Alaska (UTC-9 / UTC-8),"west fork beaver creek, upstream of marathon road",Beaver Creek,STREAM,MAIN,TRUE,TRUE,TBD,FALSE
2022-09-01T14:15:00Z,13.161,beaver_creek_usgs_temp_3,60.65107,-151.09076,US/Alaska (UTC-9 / UTC-8),"west fork beaver creek, upstream of marathon road",Beaver Creek,STREAM,MAIN,TRUE,TRUE,TBD,FALSE
2022-09-01T14:30:00Z,13.329,beaver_creek_usgs_temp_3,60.65107,-151.09076,US/Alaska (UTC-9 / UTC-8),"west fork beaver creek, upstream of marathon road",Beaver Creek,STREAM,MAIN,TRUE,TRUE,TBD,FALSE
2022-09-01T14:45:00Z,13.497,beaver_creek_usgs_temp_3,60.65107,-151.09076,US/Alaska (UTC-9 / UTC-8),"west fork beaver creek, upstream of marathon road",Beaver Creek,STREAM,MAIN,TRUE,TRUE,TBD,FALSE
2022-09-01T15:00:00Z,13.642,beaver_creek_usgs_temp_3,60.65107,-151.09076,US/Alaska (UTC-9 / UTC-8),"west fork beaver creek, upstream of marathon road",Beaver Creek,STREAM,MAIN,TRUE,TRUE,TBD,FALSE
2022-09-01T15:15:00Z,13.81,beaver_creek_usgs_temp_3,60.65107,-151.09076,US/Alaska (UTC-9 / UTC-8),"west fork beaver creek, upstream of marathon road",Beaver Creek,STREAM,MAIN,TRUE,TRUE,TBD,FALSE
2022-09-01T15:30:00Z,13.954,beaver_creek_usgs_temp_3,60.65107,-151.09076,US/Alaska (UTC-9 / UTC-8),"west fork beaver creek, upstream of marathon road",Beaver Creek,STREAM,MAIN,TRUE,TRUE,TBD,FALSE
2022-09-01T15:45:00Z,14.098,beaver_creek_usgs_temp_3,60.65107,-151.09076,US/Alaska (UTC-9 / UTC-8),"west fork beaver creek, upstream of marathon road",Beaver Creek,STREAM,MAIN,TRUE,TRUE,TBD,FALSE
2022-09-01T16:00:00Z,14.242,beaver_creek_usgs_temp_3,60.65107,-151.09076,US/Alaska (UTC-9 / UTC-8),"west fork beaver creek, upstream of marathon road",Beaver Creek,STREAM,MAIN,TRUE,TRUE,TBD,FALSE
2022-09-01T16:15:00Z,14.385,beaver_creek_usgs_temp_3,60.65107,-151.09076,US/Alaska (UTC-9 / UTC-8),"west fork beaver creek, upstream of marathon road",Beaver Creek,STREAM,MAIN,TRUE,TRUE,TBD,FALSE
2022-09-01T16:30:00Z,14.505,beaver_creek_usgs_temp_3,60.65107,-151.09076,US/Alaska (UTC-9 / UTC-8),"west fork beaver creek, upstream of marathon road",Beaver Creek,STREAM,MAIN,TRUE,TRUE,TBD,FALSE
2022-09-01T16:45:00Z,14.625,beaver_creek_usgs_temp_3,60.65107,-151.09076,US/Alaska (UTC-9 / UTC-8),"west fork beaver creek, upstream of marathon road",Beaver Creek,STREAM,MAIN,TRUE,TRUE,TBD,FALSE
2022-09-01T17:00:00Z,14.721,beaver_creek_usgs_temp_3,60.65107,-151.09076,US/Alaska (UTC-9 / UTC-8),"west fork beaver creek, upstream of marathon road",Beaver Creek,STREAM,MAIN,TRUE,TRUE,TBD,FALSE
2022-09-01T17:15:00Z,14.816,beaver_creek_usgs_temp_3,60.65107,-151.09076,US/Alaska (UTC-9 / UTC-8),"west fork beaver creek, upstream of marathon road",Beaver Creek,STREAM,MAIN,TRUE,TRUE,TBD,FALSE
2022-09-01T17:30:00Z,14.912,beaver_creek_usgs_temp_3,60.65107,-151.09076,US/Alaska (UTC-9 / UTC-8),"west fork beaver creek, upstream of marathon road",Beaver Creek,STREAM,MAIN,TRUE,TRUE,TBD,FALSE
2022-09-01T17:45:00Z,15.008,beaver_creek_usgs_temp_3,60.65107,-151.09076,US/Alaska (UTC-9 / UTC-8),"west fork beaver creek, upstream of marathon road",Beaver Creek,STREAM,MAIN,TRUE,TRUE,TBD,FALSE
2022-09-01T18:00:00Z,15.079,beaver_creek_usgs_temp_3,60.65107,-151.09076,US/Alaska (UTC-9 / UTC-8),"west fork beaver creek, upstream of marathon road",Beaver Creek,STREAM,MAIN,TRUE,TRUE,TBD,FALSE
2022-09-01T18:15:00Z,15.103,beaver_creek_usgs_temp_3,60.65107,-151.09076,US/Alaska (UTC-9 / UTC-8),"west fork beaver creek, upstream of marathon road",Beaver Creek,STREAM,MAIN,TRUE,TRUE,TBD,FALSE
2022-09-01T18:30:00Z,15.103,beaver_creek_usgs_temp_3,60.65107,-151.09076,US/Alaska (UTC-9 / UTC-8),"west fork beaver creek, upstream of marathon road",Beaver Creek,STREAM,MAIN,TRUE,TRUE,TBD,FALSE
2022-09-01T18:45:00Z,15.151,beaver_creek_usgs_temp_3,60.65107,-151.09076,US/Alaska (UTC-9 / UTC-8),"west fork beaver creek, upstream of marathon road",Beaver Creek,STREAM,MAIN,TRUE,TRUE,TBD,FALSE
2022-09-01T19:00:00Z,15.175,beaver_creek_usgs_temp_3,60.65107,-151.09076,US/Alaska (UTC-9 / UTC-8),"west fork beaver creek, upstream of marathon road",Beaver Creek,STREAM,MAIN,TRUE,TRUE,TBD,FALSE
2022-09-01T19:15:00Z,15.175,beaver_creek_usgs_temp_3,60.65107,-151.09076,US/Alaska (UTC-9 / UTC-8),"west fork beaver creek, upstream of marathon road",Beaver Creek,STREAM,MAIN,TRUE,TRUE,TBD,FALSE
2022-09-01T19:30:00Z,15.175,beaver_creek_usgs_temp_3,60.65107,-151.09076,US/Alaska (UTC-9 / UTC-8),"west fork beaver creek, upstream of marathon road",Beaver Creek,STREAM,MAIN,TRUE,TRUE,TBD,FALSE
2022-09-01T19:45:00Z,15.175,beaver_creek_usgs_temp_3,60.65107,-151.09076,US/Alaska (UTC-9 / UTC-8),"west fork beaver creek, upstream of marathon road",Beaver Creek,STREAM,MAIN,TRUE,TRUE,TBD,FALSE
2022-09-01T20:00:00Z,15.151,beaver_creek_usgs_temp_3,60.65107,-151.09076,US/Alaska (UTC-9 / UTC-8),"west fork beaver creek, upstream of marathon road",Beaver Creek,STREAM,MAIN,TRUE,TRUE,TBD,FALSE
2022-09-01T20:15:00Z,15.151,beaver_creek_usgs_temp_3,60.65107,-151.09076,US/Alaska (UTC-9 / UTC-8),"west fork beaver creek, upstream of marathon road",Beaver Creek,STREAM,MAIN,TRUE,TRUE,TBD,FALSE
2022-09-01T20:30:00Z,15.127,beaver_creek_usgs_temp_3,60.65107,-151.09076,US/Alaska (UTC-9 / UTC-8),"west fork beaver creek, upstream of marathon road",Beaver Creek,STREAM,MAIN,TRUE,TRUE,TBD,FALSE
2022-09-01T20:45:00Z,15.079,beaver_creek_usgs_temp_3,60.65107,-151.09076,US/Alaska (UTC-9 / UTC-8),"west fork beaver creek, upstream of marathon road",Beaver Creek,STREAM,MAIN,TRUE,TRUE,TBD,FALSE
2022-09-01T21:00:00Z,15.055,beaver_creek_usgs_temp_3,60.65107,-151.09076,US/Alaska (UTC-9 / UTC-8),"west fork beaver creek, upstream of marathon road",Beaver Creek,STREAM,MAIN,TRUE,TRUE,TBD,FALSE
2022-09-01T21:15:00Z,15.008,beaver_creek_usgs_temp_3,60.65107,-151.09076,US/Alaska (UTC-9 / UTC-8),"west fork beaver creek, upstream of marathon road",Beaver Creek,STREAM,MAIN,TRUE,TRUE,TBD,FALSE
2022-09-01T21:30:00Z,14.984,beaver_creek_usgs_temp_3,60.65107,-151.09076,US/Alaska (UTC-9 / UTC-8),"west fork beaver creek, upstream of marathon road",Beaver Creek,STREAM,MAIN,TRUE,TRUE,TBD,FALSE
2022-09-01T21:45:00Z,14.96,beaver_creek_usgs_temp_3,60.65107,-151.09076,US/Alaska (UTC-9 / UTC-8),"west fork beaver creek, upstream of marathon road",Beaver Creek,STREAM,MAIN,TRUE,TRUE,TBD,FALSE
2022-09-01T22:00:00Z,14.912,beaver_creek_usgs_temp_3,60.65107,-151.09076,US/Alaska (UTC-9 / UTC-8),"west fork beaver creek, upstream of marathon road",Beaver Creek,STREAM,MAIN,TRUE,TRUE,TBD,FALSE
2022-09-01T22:15:00Z,14.864,beaver_creek_usgs_temp_3,60.65107,-151.09076,US/Alaska (UTC-9 / UTC-8),"west fork beaver creek, upstream of marathon road",Beaver Creek,STREAM,MAIN,TRUE,TRUE,TBD,FALSE
2022-09-01T22:30:00Z,14.84,beaver_creek_usgs_temp_3,60.65107,-151.09076,US/Alaska (UTC-9 / UTC-8),"west fork beaver creek, upstream of marathon road",Beaver Creek,STREAM,MAIN,TRUE,TRUE,TBD,FALSE
2022-09-01T22:45:00Z,14.792,beaver_creek_usgs_temp_3,60.65107,-151.09076,US/Alaska (UTC-9 / UTC-8),"west fork beaver creek, upstream of marathon road",Beaver Creek,STREAM,MAIN,TRUE,TRUE,TBD,FALSE
2022-09-01T23:00:00Z,14.768,beaver_creek_usgs_temp_3,60.65107,-151.09076,US/Alaska (UTC-9 / UTC-8),"west fork beaver creek, upstream of marathon road",Beaver Creek,STREAM,MAIN,TRUE,TRUE,TBD,FALSE
2022-09-01T23:15:00Z,14.721,beaver_creek_usgs_temp_3,60.65107,-151.09076,US/Alaska (UTC-9 / UTC-8),"west fork beaver creek, upstream of marathon road",Beaver Creek,STREAM,MAIN,TRUE,TRUE,TBD,FALSE
2022-09-01T23:30:00Z,14.697,beaver_creek_usgs_temp_3,60.65107,-151.09076,US/Alaska (UTC-9 / UTC-8),"west fork beaver creek, upstream of marathon road",Beaver Creek,STREAM,MAIN,TRUE,TRUE,TBD,FALSE
2022-09-01T23:45:00Z,14.673,beaver_creek_usgs_temp_3,60.65107,-151.09076,US/Alaska (UTC-9 / UTC-8),"west fork beaver creek, upstream of marathon road",Beaver Creek,STREAM,MAIN,TRUE,TRUE,TBD,FALSE
2022-09-02T00:00:00Z,14.625,beaver_creek_usgs_temp_3,60.65107,-151.09076,US/Alaska (UTC-9 / UTC-8),"west fork beaver creek, upstream of marathon road",Beaver Creek,STREAM,MAIN,TRUE,TRUE,TBD,FALSE
2022-09-02T00:15:00Z,14.577,beaver_creek_usgs_temp_3,60.65107,-151.09076,US/Alaska (UTC-9 / UTC-8),"west fork beaver creek, upstream of marathon road",Beaver Creek,STREAM,MAIN,TRUE,TRUE,TBD,FALSE
2022-09-02T00:30:00Z,14.577,beaver_creek_usgs_temp_3,60.65107,-151.09076,US/Alaska (UTC-9 / UTC-8),"west fork beaver creek, upstream of marathon road",Beaver Creek,STREAM,MAIN,TRUE,TRUE,TBD,FALSE
2022-09-02T00:45:00Z,14.553,beaver_creek_usgs_temp_3,60.65107,-151.09076,US/Alaska (UTC-9 / UTC-8),"west fork beaver creek, upstream of marathon road",Beaver Creek,STREAM,MAIN,TRUE,TRUE,TBD,FALSE
2022-09-02T01:00:00Z,14.505,beaver_creek_usgs_temp_3,60.65107,-151.09076,US/Alaska (UTC-9 / UTC-8),"west fork beaver creek, upstream of marathon road",Beaver Creek,STREAM,MAIN,TRUE,TRUE,TBD,FALSE
2022-09-02T01:15:00Z,14.505,beaver_creek_usgs_temp_3,60.65107,-151.09076,US/Alaska (UTC-9 / UTC-8),"west fork beaver creek, upstream of marathon road",Beaver Creek,STREAM,MAIN,TRUE,TRUE,TBD,FALSE
2022-09-02T01:30:00Z,14.481,beaver_creek_usgs_temp_3,60.65107,-151.09076,US/Alaska (UTC-9 / UTC-8),"west fork beaver creek, upstream of marathon road",Beaver Creek,STREAM,MAIN,TRUE,TRUE,TBD,FALSE
2022-09-02T01:45:00Z,14.433,beaver_creek_usgs_temp_3,60.65107,-151.09076,US/Alaska (UTC-9 / UTC-8),"west fork beaver creek, upstream of marathon road",Beaver Creek,STREAM,MAIN,TRUE,TRUE,TBD,FALSE
2022-09-02T02:00:00Z,14.385,beaver_creek_usgs_temp_3,60.65107,-151.09076,US/Alaska (UTC-9 / UTC-8),"west fork beaver creek, upstream of marathon road",Beaver Creek,STREAM,MAIN,TRUE,TRUE,TBD,FALSE
2022-09-02T02:15:00Z,14.385,beaver_creek_usgs_temp_3,60.65107,-151.09076,US/Alaska (UTC-9 / UTC-8),"west fork beaver creek, upstream of marathon road",Beaver Creek,STREAM,MAIN,TRUE,TRUE,TBD,FALSE
2022-09-02T02:30:00Z,14.314,beaver_creek_usgs_temp_3,60.65107,-151.09076,US/Alaska (UTC-9 / UTC-8),"west fork beaver creek, upstream of marathon road",Beaver Creek,STREAM,MAIN,TRUE,TRUE,TBD,FALSE
2022-09-02T02:45:00Z,14.29,beaver_creek_usgs_temp_3,60.65107,-151.09076,US/Alaska (UTC-9 / UTC-8),"west fork beaver creek, upstream of marathon road",Beaver Creek,STREAM,MAIN,TRUE,TRUE,TBD,FALSE
2022-09-02T03:00:00Z,14.242,beaver_creek_usgs_temp_3,60.65107,-151.09076,US/Alaska (UTC-9 / UTC-8),"west fork beaver creek, upstream of marathon road",Beaver Creek,STREAM,MAIN,TRUE,TRUE,TBD,FALSE
2022-09-02T03:15:00Z,14.194,beaver_creek_usgs_temp_3,60.65107,-151.09076,US/Alaska (UTC-9 / UTC-8),"west fork beaver creek, upstream of marathon road",Beaver Creek,STREAM,MAIN,TRUE,TRUE,TBD,FALSE
2022-09-02T03:30:00Z,14.17,beaver_creek_usgs_temp_3,60.65107,-151.09076,US/Alaska (UTC-9 / UTC-8),"west fork beaver creek, upstream of marathon road",Beaver Creek,STREAM,MAIN,TRUE,TRUE,TBD,FALSE
2022-09-02T03:45:00Z,14.122,beaver_creek_usgs_temp_3,60.65107,-151.09076,US/Alaska (UTC-9 / UTC-8),"west fork beaver creek, upstream of marathon road",Beaver Creek,STREAM,MAIN,TRUE,TRUE,TBD,FALSE
2022-09-02T04:00:00Z,14.074,beaver_creek_usgs_temp_3,60.65107,-151.09076,US/Alaska (UTC-9 / UTC-8),"west fork beaver creek, upstream of marathon road",Beaver Creek,STREAM,MAIN,TRUE,TRUE,TBD,FALSE
2022-09-02T04:15:00Z,14.026,beaver_creek_usgs_temp_3,60.65107,-151.09076,US/Alaska (UTC-9 / UTC-8),"west fork beaver creek, upstream of marathon road",Beaver Creek,STREAM,MAIN,TRUE,TRUE,TBD,FALSE
2022-09-02T04:30:00Z,13.978,beaver_creek_usgs_temp_3,60.65107,-151.09076,US/Alaska (UTC-9 / UTC-8),"west fork beaver creek, upstream of marathon road",Beaver Creek,STREAM,MAIN,TRUE,TRUE,TBD,FALSE
2022-09-02T04:45:00Z,13.906,beaver_creek_usgs_temp_3,60.65107,-151.09076,US/Alaska (UTC-9 / UTC-8),"west fork beaver creek, upstream of marathon road",Beaver Creek,STREAM,MAIN,TRUE,TRUE,TBD,FALSE
2022-09-02T05:00:00Z,13.858,beaver_creek_usgs_temp_3,60.65107,-151.09076,US/Alaska (UTC-9 / UTC-8),"west fork beaver creek, upstream of marathon road",Beaver Creek,STREAM,MAIN,TRUE,TRUE,TBD,FALSE
2022-09-02T05:15:00Z,13.786,beaver_creek_usgs_temp_3,60.65107,-151.09076,US/Alaska (UTC-9 / UTC-8),"west fork beaver creek, upstream of marathon road",Beaver Creek,STREAM,MAIN,TRUE,TRUE,TBD,FALSE
2022-09-02T05:30:00Z,13.738,beaver_creek_usgs_temp_3,60.65107,-151.09076,US/Alaska (UTC-9 / UTC-8),"west fork beaver creek, upstream of marathon road",Beaver Creek,STREAM,MAIN,TRUE,TRUE,TBD,FALSE
2022-09-02T05:45:00Z,13.666,beaver_creek_usgs_temp_3,60.65107,-151.09076,US/Alaska (UTC-9 / UTC-8),"west fork beaver creek, upstream of marathon road",Beaver Creek,STREAM,MAIN,TRUE,TRUE,TBD,FALSE
2022-09-02T06:00:00Z,13.618,beaver_creek_usgs_temp_3,60.65107,-151.09076,US/Alaska (UTC-9 / UTC-8),"west fork beaver creek, upstream of marathon road",Beaver Creek,STREAM,MAIN,TRUE,TRUE,TBD,FALSE
2022-09-02T06:15:00Z,13.57,beaver_creek_usgs_temp_3,60.65107,-151.09076,US/Alaska (UTC-9 / UTC-8),"west fork beaver creek, upstream of marathon road",Beaver Creek,STREAM,MAIN,TRUE,TRUE,TBD,FALSE
2022-09-02T06:30:00Z,13.522,beaver_creek_usgs_temp_3,60.65107,-151.09076,US/Alaska (UTC-9 / UTC-8),"west fork beaver creek, upstream of marathon road",Beaver Creek,STREAM,MAIN,TRUE,TRUE,TBD,FALSE
2022-09-02T06:45:00Z,13.449,beaver_creek_usgs_temp_3,60.65107,-151.09076,US/Alaska (UTC-9 / UTC-8),"west fork beaver creek, upstream of marathon road",Beaver Creek,STREAM,MAIN,TRUE,TRUE,TBD,FALSE
2022-09-02T07:00:00Z,13.401,beaver_creek_usgs_temp_3,60.65107,-151.09076,US/Alaska (UTC-9 / UTC-8),"west fork beaver creek, upstream of marathon road",Beaver Creek,STREAM,MAIN,TRUE,TRUE,TBD,FALSE
2022-09-02T07:15:00Z,13.353,beaver_creek_usgs_temp_3,60.65107,-151.09076,US/Alaska (UTC-9 / UTC-8),"west fork beaver creek, upstream of marathon road",Beaver Creek,STREAM,MAIN,TRUE,TRUE,TBD,FALSE
2022-09-02T07:30:00Z,13.305,beaver_creek_usgs_temp_3,60.65107,-151.09076,US/Alaska (UTC-9 / UTC-8),"west fork beaver creek, upstream of marathon road",Beaver Creek,STREAM,MAIN,TRUE,TRUE,TBD,FALSE
2022-09-02T07:45:00Z,13.257,beaver_creek_usgs_temp_3,60.65107,-151.09076,US/Alaska (UTC-9 / UTC-8),"west fork beaver creek, upstream of marathon road",Beaver Creek,STREAM,MAIN,TRUE,TRUE,TBD,FALSE
2022-09-02T08:00:00Z,13.209,beaver_creek_usgs_temp_3,60.65107,-151.09076,US/Alaska (UTC-9 / UTC-8),"west fork beaver creek, upstream of marathon road",Beaver Creek,STREAM,MAIN,TRUE,TRUE,TBD,FALSE
2022-09-02T08:15:00Z,13.185,beaver_creek_usgs_temp_3,60.65107,-151.09076,US/Alaska (UTC-9 / UTC-8),"west fork beaver creek, upstream of marathon road",Beaver Creek,STREAM,MAIN,TRUE,TRUE,TBD,FALSE
2022-09-02T08:30:00Z,13.137,beaver_creek_usgs_temp_3,60.65107,-151.09076,US/Alaska (UTC-9 / UTC-8),"west fork beaver creek, upstream of marathon road",Beaver Creek,STREAM,MAIN,TRUE,TRUE,TBD,FALSE
2022-09-02T08:45:00Z,13.137,beaver_creek_usgs_temp_3,60.65107,-151.09076,US/Alaska (UTC-9 / UTC-8),"west fork beaver creek, upstream of marathon road",Beaver Creek,STREAM,MAIN,TRUE,TRUE,TBD,FALSE
2022-09-02T09:00:00Z,13.137,beaver_creek_usgs_temp_3,60.65107,-151.09076,US/Alaska (UTC-9 / UTC-8),"west fork beaver creek, upstream of marathon road",Beaver Creek,STREAM,MAIN,TRUE,TRUE,TBD,FALSE
2022-09-02T09:15:00Z,13.137,beaver_creek_usgs_temp_3,60.65107,-151.09076,US/Alaska (UTC-9 / UTC-8),"west fork beaver creek, upstream of marathon road",Beaver Creek,STREAM,MAIN,TRUE,TRUE,TBD,FALSE
2022-09-02T09:30:00Z,13.112,beaver_creek_usgs_temp_3,60.65107,-151.09076,US/Alaska (UTC-9 / UTC-8),"west fork beaver creek, upstream of marathon road",Beaver Creek,STREAM,MAIN,TRUE,TRUE,TBD,FALSE
2022-09-02T09:45:00Z,13.112,beaver_creek_usgs_temp_3,60.65107,-151.09076,US/Alaska (UTC-9 / UTC-8),"west fork beaver creek, upstream of marathon road",Beaver Creek,STREAM,MAIN,TRUE,TRUE,TBD,FALSE
2022-09-02T10:00:00Z,13.137,beaver_creek_usgs_temp_3,60.65107,-151.09076,US/Alaska (UTC-9 / UTC-8),"west fork beaver creek, upstream of marathon road",Beaver Creek,STREAM,MAIN,TRUE,TRUE,TBD,FALSE
2022-09-02T10:15:00Z,13.161,beaver_creek_usgs_temp_3,60.65107,-151.09076,US/Alaska (UTC-9 / UTC-8),"west fork beaver creek, upstream of marathon road",Beaver Creek,STREAM,MAIN,TRUE,TRUE,TBD,FALSE
2022-09-02T10:30:00Z,13.112,beaver_creek_usgs_temp_3,60.65107,-151.09076,US/Alaska (UTC-9 / UTC-8),"west fork beaver creek, upstream of marathon road",Beaver Creek,STREAM,MAIN,TRUE,TRUE,TBD,FALSE
2022-09-02T10:45:00Z,13.161,beaver_creek_usgs_temp_3,60.65107,-151.09076,US/Alaska (UTC-9 / UTC-8),"west fork beaver creek, upstream of marathon road",Beaver Creek,STREAM,MAIN,TRUE,TRUE,TBD,FALSE
2022-09-02T11:00:00Z,13.281,beaver_creek_usgs_temp_3,60.65107,-151.09076,US/Alaska (UTC-9 / UTC-8),"west fork beaver creek, upstream of marathon road",Beaver Creek,STREAM,MAIN,TRUE,TRUE,TBD,FALSE
2022-09-02T11:15:00Z,13.281,beaver_creek_usgs_temp_3,60.65107,-151.09076,US/Alaska (UTC-9 / UTC-8),"west fork beaver creek, upstream of marathon road",Beaver Creek,STREAM,MAIN,TRUE,TRUE,TBD,FALSE
2022-09-02T11:30:00Z,13.281,beaver_creek_usgs_temp_3,60.65107,-151.09076,US/Alaska (UTC-9 / UTC-8),"west fork beaver creek, upstream of marathon road",Beaver Creek,STREAM,MAIN,TRUE,TRUE,TBD,FALSE
2022-09-02T11:45:00Z,13.401,beaver_creek_usgs_temp_3,60.65107,-151.09076,US/Alaska (UTC-9 / UTC-8),"west fork beaver creek, upstream of marathon road",Beaver Creek,STREAM,MAIN,TRUE,TRUE,TBD,FALSE
2022-09-02T12:00:00Z,13.449,beaver_creek_usgs_temp_3,60.65107,-151.09076,US/Alaska (UTC-9 / UTC-8),"west fork beaver creek, upstream of marathon road",Beaver Creek,STREAM,MAIN,TRUE,TRUE,TBD,FALSE
2022-09-02T12:15:00Z,13.546,beaver_creek_usgs_temp_3,60.65107,-151.09076,US/Alaska (UTC-9 / UTC-8),"west fork beaver creek, upstream of marathon road",Beaver Creek,STREAM,MAIN,TRUE,TRUE,TBD,FALSE
2022-09-02T12:30:00Z,13.666,beaver_creek_usgs_temp_3,60.65107,-151.09076,US/Alaska (UTC-9 / UTC-8),"west fork beaver creek, upstream of marathon road",Beaver Creek,STREAM,MAIN,TRUE,TRUE,TBD,FALSE
2022-09-02T12:45:00Z,13.762,beaver_creek_usgs_temp_3,60.65107,-151.09076,US/Alaska (UTC-9 / UTC-8),"west fork beaver creek, upstream of marathon road",Beaver Creek,STREAM,MAIN,TRUE,TRUE,TBD,FALSE
2022-09-02T13:00:00Z,13.906,beaver_creek_usgs_temp_3,60.65107,-151.09076,US/Alaska (UTC-9 / UTC-8),"west fork beaver creek, upstream of marathon road",Beaver Creek,STREAM,MAIN,TRUE,TRUE,TBD,FALSE
2022-09-02T13:15:00Z,14.05,beaver_creek_usgs_temp_3,60.65107,-151.09076,US/Alaska (UTC-9 / UTC-8),"west fork beaver creek, upstream of marathon road",Beaver Creek,STREAM,MAIN,TRUE,TRUE,TBD,FALSE
2022-09-02T13:30:00Z,14.194,beaver_creek_usgs_temp_3,60.65107,-151.09076,US/Alaska (UTC-9 / UTC-8),"west fork beaver creek, upstream of marathon road",Beaver Creek,STREAM,MAIN,TRUE,TRUE,TBD,FALSE
2022-09-02T13:45:00Z,14.337,beaver_creek_usgs_temp_3,60.65107,-151.09076,US/Alaska (UTC-9 / UTC-8),"west fork beaver creek, upstream of marathon road",Beaver Creek,STREAM,MAIN,TRUE,TRUE,TBD,FALSE
2022-09-02T14:00:00Z,14.481,beaver_creek_usgs_temp_3,60.65107,-151.09076,US/Alaska (UTC-9 / UTC-8),"west fork beaver creek, upstream of marathon road",Beaver Creek,STREAM,MAIN,TRUE,TRUE,TBD,FALSE
2022-09-02T14:15:00Z,14.625,beaver_creek_usgs_temp_3,60.65107,-151.09076,US/Alaska (UTC-9 / UTC-8),"west fork beaver creek, upstream of marathon road",Beaver Creek,STREAM,MAIN,TRUE,TRUE,TBD,FALSE
2022-09-02T14:30:00Z,14.768,beaver_creek_usgs_temp_3,60.65107,-151.09076,US/Alaska (UTC-9 / UTC-8),"west fork beaver creek, upstream of marathon road",Beaver Creek,STREAM,MAIN,TRUE,TRUE,TBD,FALSE
2022-09-02T14:45:00Z,14.912,beaver_creek_usgs_temp_3,60.65107,-151.09076,US/Alaska (UTC-9 / UTC-8),"west fork beaver creek, upstream of marathon road",Beaver Creek,STREAM,MAIN,TRUE,TRUE,TBD,FALSE
2022-09-02T15:00:00Z,15.055,beaver_creek_usgs_temp_3,60.65107,-151.09076,US/Alaska (UTC-9 / UTC-8),"west fork beaver creek, upstream of marathon road",Beaver Creek,STREAM,MAIN,TRUE,TRUE,TBD,FALSE
2022-09-02T15:15:00Z,15.199,beaver_creek_usgs_temp_3,60.65107,-151.09076,US/Alaska (UTC-9 / UTC-8),"west fork beaver creek, upstream of marathon road",Beaver Creek,STREAM,MAIN,TRUE,TRUE,TBD,FALSE
2022-09-02T15:30:00Z,15.342,beaver_creek_usgs_temp_3,60.65107,-151.09076,US/Alaska (UTC-9 / UTC-8),"west fork beaver creek, upstream of marathon road",Beaver Creek,STREAM,MAIN,TRUE,TRUE,TBD,FALSE
2022-09-02T15:45:00Z,15.461,beaver_creek_usgs_temp_3,60.65107,-151.09076,US/Alaska (UTC-9 / UTC-8),"west fork beaver creek, upstream of marathon road",Beaver Creek,STREAM,MAIN,TRUE,TRUE,TBD,FALSE
2022-09-02T16:00:00Z,15.605,beaver_creek_usgs_temp_3,60.65107,-151.09076,US/Alaska (UTC-9 / UTC-8),"west fork beaver creek, upstream of marathon road",Beaver Creek,STREAM,MAIN,TRUE,TRUE,TBD,FALSE
2022-09-02T16:15:00Z,15.724,beaver_creek_usgs_temp_3,60.65107,-151.09076,US/Alaska (UTC-9 / UTC-8),"west fork beaver creek, upstream of marathon road",Beaver Creek,STREAM,MAIN,TRUE,TRUE,TBD,FALSE
2022-09-02T16:30:00Z,15.843,beaver_creek_usgs_temp_3,60.65107,-151.09076,US/Alaska (UTC-9 / UTC-8),"west fork beaver creek, upstream of marathon road",Beaver Creek,STREAM,MAIN,TRUE,TRUE,TBD,FALSE
2022-09-02T16:45:00Z,15.939,beaver_creek_usgs_temp_3,60.65107,-151.09076,US/Alaska (UTC-9 / UTC-8),"west fork beaver creek, upstream of marathon road",Beaver Creek,STREAM,MAIN,TRUE,TRUE,TBD,FALSE
2022-09-02T17:00:00Z,16.058,beaver_creek_usgs_temp_3,60.65107,-151.09076,US/Alaska (UTC-9 / UTC-8),"west fork beaver creek, upstream of marathon road",Beaver Creek,STREAM,MAIN,TRUE,TRUE,TBD,FALSE
2022-09-02T17:15:00Z,16.129,beaver_creek_usgs_temp_3,60.65107,-151.09076,US/Alaska (UTC-9 / UTC-8),"west fork beaver creek, upstream of marathon road",Beaver Creek,STREAM,MAIN,TRUE,TRUE,TBD,FALSE
2022-09-02T17:30:00Z,16.201,beaver_creek_usgs_temp_3,60.65107,-151.09076,US/Alaska (UTC-9 / UTC-8),"west fork beaver creek, upstream of marathon road",Beaver Creek,STREAM,MAIN,TRUE,TRUE,TBD,FALSE
2022-09-02T17:45:00Z,16.272,beaver_creek_usgs_temp_3,60.65107,-151.09076,US/Alaska (UTC-9 / UTC-8),"west fork beaver creek, upstream of marathon road",Beaver Creek,STREAM,MAIN,TRUE,TRUE,TBD,FALSE
2022-09-02T18:00:00Z,16.32,beaver_creek_usgs_temp_3,60.65107,-151.09076,US/Alaska (UTC-9 / UTC-8),"west fork beaver creek, upstream of marathon road",Beaver Creek,STREAM,MAIN,TRUE,TRUE,TBD,FALSE
2022-09-02T18:15:00Z,16.368,beaver_creek_usgs_temp_3,60.65107,-151.09076,US/Alaska (UTC-9 / UTC-8),"west fork beaver creek, upstream of marathon road",Beaver Creek,STREAM,MAIN,TRUE,TRUE,TBD,FALSE
2022-09-02T18:30:00Z,16.415,beaver_creek_usgs_temp_3,60.65107,-151.09076,US/Alaska (UTC-9 / UTC-8),"west fork beaver creek, upstream of marathon road",Beaver Creek,STREAM,MAIN,TRUE,TRUE,TBD,FALSE
2022-09-02T18:45:00Z,16.415,beaver_creek_usgs_temp_3,60.65107,-151.09076,US/Alaska (UTC-9 / UTC-8),"west fork beaver creek, upstream of marathon road",Beaver Creek,STREAM,MAIN,TRUE,TRUE,TBD,FALSE
2022-09-02T19:00:00Z,16.439,beaver_creek_usgs_temp_3,60.65107,-151.09076,US/Alaska (UTC-9 / UTC-8),"west fork beaver creek, upstream of marathon road",Beaver Creek,STREAM,MAIN,TRUE,TRUE,TBD,FALSE
2022-09-02T19:15:00Z,16.439,beaver_creek_usgs_temp_3,60.65107,-151.09076,US/Alaska (UTC-9 / UTC-8),"west fork beaver creek, upstream of marathon road",Beaver Creek,STREAM,MAIN,TRUE,TRUE,TBD,FALSE
2022-09-02T19:30:00Z,16.439,beaver_creek_usgs_temp_3,60.65107,-151.09076,US/Alaska (UTC-9 / UTC-8),"west fork beaver creek, upstream of marathon road",Beaver Creek,STREAM,MAIN,TRUE,TRUE,TBD,FALSE
2022-09-02T19:45:00Z,16.415,beaver_creek_usgs_temp_3,60.65107,-151.09076,US/Alaska (UTC-9 / UTC-8),"west fork beaver creek, upstream of marathon road",Beaver Creek,STREAM,MAIN,TRUE,TRUE,TBD,FALSE
2022-09-02T20:00:00Z,16.415,beaver_creek_usgs_temp_3,60.65107,-151.09076,US/Alaska (UTC-9 / UTC-8),"west fork beaver creek, upstream of marathon road",Beaver Creek,STREAM,MAIN,TRUE,TRUE,TBD,FALSE
2022-09-02T20:15:00Z,16.415,beaver_creek_usgs_temp_3,60.65107,-151.09076,US/Alaska (UTC-9 / UTC-8),"west fork beaver creek, upstream of marathon road",Beaver Creek,STREAM,MAIN,TRUE,TRUE,TBD,FALSE
2022-09-02T20:30:00Z,16.392,beaver_creek_usgs_temp_3,60.65107,-151.09076,US/Alaska (UTC-9 / UTC-8),"west fork beaver creek, upstream of marathon road",Beaver Creek,STREAM,MAIN,TRUE,TRUE,TBD,FALSE
2022-09-02T20:45:00Z,16.368,beaver_creek_usgs_temp_3,60.65107,-151.09076,US/Alaska (UTC-9 / UTC-8),"west fork beaver creek, upstream of marathon road",Beaver Creek,STREAM,MAIN,TRUE,TRUE,TBD,FALSE
2022-09-02T21:00:00Z,16.344,beaver_creek_usgs_temp_3,60.65107,-151.09076,US/Alaska (UTC-9 / UTC-8),"west fork beaver creek, upstream of marathon road",Beaver Creek,STREAM,MAIN,TRUE,TRUE,TBD,FALSE
2022-09-02T21:15:00Z,16.296,beaver_creek_usgs_temp_3,60.65107,-151.09076,US/Alaska (UTC-9 / UTC-8),"west fork beaver creek, upstream of marathon road",Beaver Creek,STREAM,MAIN,TRUE,TRUE,TBD,FALSE
2022-09-02T21:30:00Z,16.272,beaver_creek_usgs_temp_3,60.65107,-151.09076,US/Alaska (UTC-9 / UTC-8),"west fork beaver creek, upstream of marathon road",Beaver Creek,STREAM,MAIN,TRUE,TRUE,TBD,FALSE
2022-09-02T21:45:00Z,16.225,beaver_creek_usgs_temp_3,60.65107,-151.09076,US/Alaska (UTC-9 / UTC-8),"west fork beaver creek, upstream of marathon road",Beaver Creek,STREAM,MAIN,TRUE,TRUE,TBD,FALSE
2022-09-02T22:00:00Z,16.201,beaver_creek_usgs_temp_3,60.65107,-151.09076,US/Alaska (UTC-9 / UTC-8),"west fork beaver creek, upstream of marathon road",Beaver Creek,STREAM,MAIN,TRUE,TRUE,TBD,FALSE
2022-09-02T22:15:00Z,16.201,beaver_creek_usgs_temp_3,60.65107,-151.09076,US/Alaska (UTC-9 / UTC-8),"west fork beaver creek, upstream of marathon road",Beaver Creek,STREAM,MAIN,TRUE,TRUE,TBD,FALSE
2022-09-02T22:30:00Z,16.153,beaver_creek_usgs_temp_3,60.65107,-151.09076,US/Alaska (UTC-9 / UTC-8),"west fork beaver creek, upstream of marathon road",Beaver Creek,STREAM,MAIN,TRUE,TRUE,TBD,FALSE
2022-09-02T22:45:00Z,16.129,beaver_creek_usgs_temp_3,60.65107,-151.09076,US/Alaska (UTC-9 / UTC-8),"west fork beaver creek, upstream of marathon road",Beaver Creek,STREAM,MAIN,TRUE,TRUE,TBD,FALSE
2022-09-02T23:00:00Z,16.106,beaver_creek_usgs_temp_3,60.65107,-151.09076,US/Alaska (UTC-9 / UTC-8),"west fork beaver creek, upstream of marathon road",Beaver Creek,STREAM,MAIN,TRUE,TRUE,TBD,FALSE
2022-09-02T23:15:00Z,16.058,beaver_creek_usgs_temp_3,60.65107,-151.09076,US/Alaska (UTC-9 / UTC-8),"west fork beaver creek, upstream of marathon road",Beaver Creek,STREAM,MAIN,TRUE,TRUE,TBD,FALSE
2022-09-02T23:30:00Z,16.01,beaver_creek_usgs_temp_3,60.65107,-151.09076,US/Alaska (UTC-9 / UTC-8),"west fork beaver creek, upstream of marathon road",Beaver Creek,STREAM,MAIN,TRUE,TRUE,TBD,FALSE
2022-09-02T23:45:00Z,15.963,beaver_creek_usgs_temp_3,60.65107,-151.09076,US/Alaska (UTC-9 / UTC-8),"west fork beaver creek, upstream of marathon road",Beaver Creek,STREAM,MAIN,TRUE,TRUE,TBD,FALSE
2022-09-03T00:00:00Z,15.939,beaver_creek_usgs_temp_3,60.65107,-151.09076,US/Alaska (UTC-9 / UTC-8),"west fork beaver creek, upstream of marathon road",Beaver Creek,STREAM,MAIN,TRUE,TRUE,TBD,FALSE
2022-09-03T00:15:00Z,15.891,beaver_creek_usgs_temp_3,60.65107,-151.09076,US/Alaska (UTC-9 / UTC-8),"west fork beaver creek, upstream of marathon road",Beaver Creek,STREAM,MAIN,TRUE,TRUE,TBD,FALSE
2022-09-03T00:30:00Z,15.867,beaver_creek_usgs_temp_3,60.65107,-151.09076,US/Alaska (UTC-9 / UTC-8),"west fork beaver creek, upstream of marathon road",Beaver Creek,STREAM,MAIN,TRUE,TRUE,TBD,FALSE
2022-09-03T00:45:00Z,15.843,beaver_creek_usgs_temp_3,60.65107,-151.09076,US/Alaska (UTC-9 / UTC-8),"west fork beaver creek, upstream of marathon road",Beaver Creek,STREAM,MAIN,TRUE,TRUE,TBD,FALSE
2022-09-03T01:00:00Z,15.772,beaver_creek_usgs_temp_3,60.65107,-151.09076,US/Alaska (UTC-9 / UTC-8),"west fork beaver creek, upstream of marathon road",Beaver Creek,STREAM,MAIN,TRUE,TRUE,TBD,FALSE
2022-09-03T01:15:00Z,15.724,beaver_creek_usgs_temp_3,60.65107,-151.09076,US/Alaska (UTC-9 / UTC-8),"west fork beaver creek, upstream of marathon road",Beaver Creek,STREAM,MAIN,TRUE,TRUE,TBD,FALSE
2022-09-03T01:30:00Z,15.676,beaver_creek_usgs_temp_3,60.65107,-151.09076,US/Alaska (UTC-9 / UTC-8),"west fork beaver creek, upstream of marathon road",Beaver Creek,STREAM,MAIN,TRUE,TRUE,TBD,FALSE
2022-09-03T01:45:00Z,15.605,beaver_creek_usgs_temp_3,60.65107,-151.09076,US/Alaska (UTC-9 / UTC-8),"west fork beaver creek, upstream of marathon road",Beaver Creek,STREAM,MAIN,TRUE,TRUE,TBD,FALSE
2022-09-03T02:00:00Z,15.557,beaver_creek_usgs_temp_3,60.65107,-151.09076,US/Alaska (UTC-9 / UTC-8),"west fork beaver creek, upstream of marathon road",Beaver Creek,STREAM,MAIN,TRUE,TRUE,TBD,FALSE
2022-09-03T02:15:00Z,15.485,beaver_creek_usgs_temp_3,60.65107,-151.09076,US/Alaska (UTC-9 / UTC-8),"west fork beaver creek, upstream of marathon road",Beaver Creek,STREAM,MAIN,TRUE,TRUE,TBD,FALSE
2022-09-03T02:30:00Z,15.438,beaver_creek_usgs_temp_3,60.65107,-151.09076,US/Alaska (UTC-9 / UTC-8),"west fork beaver creek, upstream of marathon road",Beaver Creek,STREAM,MAIN,TRUE,TRUE,TBD,FALSE
2022-09-03T02:45:00Z,15.414,beaver_creek_usgs_temp_3,60.65107,-151.09076,US/Alaska (UTC-9 / UTC-8),"west fork beaver creek, upstream of marathon road",Beaver Creek,STREAM,MAIN,TRUE,TRUE,TBD,FALSE
2022-09-03T03:00:00Z,15.342,beaver_creek_usgs_temp_3,60.65107,-151.09076,US/Alaska (UTC-9 / UTC-8),"west fork beaver creek, upstream of marathon road",Beaver Creek,STREAM,MAIN,TRUE,TRUE,TBD,FALSE
2022-09-03T03:15:00Z,15.27,beaver_creek_usgs_temp_3,60.65107,-151.09076,US/Alaska (UTC-9 / UTC-8),"west fork beaver creek, upstream of marathon road",Beaver Creek,STREAM,MAIN,TRUE,TRUE,TBD,FALSE
2022-09-03T03:30:00Z,15.223,beaver_creek_usgs_temp_3,60.65107,-151.09076,US/Alaska (UTC-9 / UTC-8),"west fork beaver creek, upstream of marathon road",Beaver Creek,STREAM,MAIN,TRUE,TRUE,TBD,FALSE
2022-09-03T03:45:00Z,15.175,beaver_creek_usgs_temp_3,60.65107,-151.09076,US/Alaska (UTC-9 / UTC-8),"west fork beaver creek, upstream of marathon road",Beaver Creek,STREAM,MAIN,TRUE,TRUE,TBD,FALSE
2022-09-03T04:00:00Z,15.151,beaver_creek_usgs_temp_3,60.65107,-151.09076,US/Alaska (UTC-9 / UTC-8),"west fork beaver creek, upstream of marathon road",Beaver Creek,STREAM,MAIN,TRUE,TRUE,TBD,FALSE
2022-09-03T04:15:00Z,15.103,beaver_creek_usgs_temp_3,60.65107,-151.09076,US/Alaska (UTC-9 / UTC-8),"west fork beaver creek, upstream of marathon road",Beaver Creek,STREAM,MAIN,TRUE,TRUE,TBD,FALSE
2022-09-03T04:30:00Z,15.055,beaver_creek_usgs_temp_3,60.65107,-151.09076,US/Alaska (UTC-9 / UTC-8),"west fork beaver creek, upstream of marathon road",Beaver Creek,STREAM,MAIN,TRUE,TRUE,TBD,FALSE
2022-09-03T04:45:00Z,15.008,beaver_creek_usgs_temp_3,60.65107,-151.09076,US/Alaska (UTC-9 / UTC-8),"west fork beaver creek, upstream of marathon road",Beaver Creek,STREAM,MAIN,TRUE,TRUE,TBD,FALSE
2022-09-03T05:00:00Z,14.96,beaver_creek_usgs_temp_3,60.65107,-151.09076,US/Alaska (UTC-9 / UTC-8),"west fork beaver creek, upstream of marathon road",Beaver Creek,STREAM,MAIN,TRUE,TRUE,TBD,FALSE
2022-09-03T05:15:00Z,14.912,beaver_creek_usgs_temp_3,60.65107,-151.09076,US/Alaska (UTC-9 / UTC-8),"west fork beaver creek, upstream of marathon road",Beaver Creek,STREAM,MAIN,TRUE,TRUE,TBD,FALSE
2022-09-03T05:30:00Z,14.864,beaver_creek_usgs_temp_3,60.65107,-151.09076,US/Alaska (UTC-9 / UTC-8),"west fork beaver creek, upstream of marathon road",Beaver Creek,STREAM,MAIN,TRUE,TRUE,TBD,FALSE
2022-09-03T05:45:00Z,14.792,beaver_creek_usgs_temp_3,60.65107,-151.09076,US/Alaska (UTC-9 / UTC-8),"west fork beaver creek, upstream of marathon road",Beaver Creek,STREAM,MAIN,TRUE,TRUE,TBD,FALSE
2022-09-03T06:00:00Z,14.768,beaver_creek_usgs_temp_3,60.65107,-151.09076,US/Alaska (UTC-9 / UTC-8),"west fork beaver creek, upstream of marathon road",Beaver Creek,STREAM,MAIN,TRUE,TRUE,TBD,FALSE
2022-09-03T06:15:00Z,14.697,beaver_creek_usgs_temp_3,60.65107,-151.09076,US/Alaska (UTC-9 / UTC-8),"west fork beaver creek, upstream of marathon road",Beaver Creek,STREAM,MAIN,TRUE,TRUE,TBD,FALSE
2022-09-03T06:30:00Z,14.649,beaver_creek_usgs_temp_3,60.65107,-151.09076,US/Alaska (UTC-9 / UTC-8),"west fork beaver creek, upstream of marathon road",Beaver Creek,STREAM,MAIN,TRUE,TRUE,TBD,FALSE
2022-09-03T06:45:00Z,14.601,beaver_creek_usgs_temp_3,60.65107,-151.09076,US/Alaska (UTC-9 / UTC-8),"west fork beaver creek, upstream of marathon road",Beaver Creek,STREAM,MAIN,TRUE,TRUE,TBD,FALSE
2022-09-03T07:00:00Z,14.553,beaver_creek_usgs_temp_3,60.65107,-151.09076,US/Alaska (UTC-9 / UTC-8),"west fork beaver creek, upstream of marathon road",Beaver Creek,STREAM,MAIN,TRUE,TRUE,TBD,FALSE
2022-09-03T07:15:00Z,14.481,beaver_creek_usgs_temp_3,60.65107,-151.09076,US/Alaska (UTC-9 / UTC-8),"west fork beaver creek, upstream of marathon road",Beaver Creek,STREAM,MAIN,TRUE,TRUE,TBD,FALSE
2022-09-03T07:30:00Z,14.433,beaver_creek_usgs_temp_3,60.65107,-151.09076,US/Alaska (UTC-9 / UTC-8),"west fork beaver creek, upstream of marathon road",Beaver Creek,STREAM,MAIN,TRUE,TRUE,TBD,FALSE
2022-09-03T07:45:00Z,14.385,beaver_creek_usgs_temp_3,60.65107,-151.09076,US/Alaska (UTC-9 / UTC-8),"west fork beaver creek, upstream of marathon road",Beaver Creek,STREAM,MAIN,TRUE,TRUE,TBD,FALSE
2022-09-03T08:00:00Z,14.337,beaver_creek_usgs_temp_3,60.65107,-151.09076,US/Alaska (UTC-9 / UTC-8),"west fork beaver creek, upstream of marathon road",Beaver Creek,STREAM,MAIN,TRUE,TRUE,TBD,FALSE
2022-09-03T08:15:00Z,14.29,beaver_creek_usgs_temp_3,60.65107,-151.09076,US/Alaska (UTC-9 / UTC-8),"west fork beaver creek, upstream of marathon road",Beaver Creek,STREAM,MAIN,TRUE,TRUE,TBD,FALSE
2022-09-03T08:30:00Z,14.242,beaver_creek_usgs_temp_3,60.65107,-151.09076,US/Alaska (UTC-9 / UTC-8),"west fork beaver creek, upstream of marathon road",Beaver Creek,STREAM,MAIN,TRUE,TRUE,TBD,FALSE
2022-09-03T08:45:00Z,14.218,beaver_creek_usgs_temp_3,60.65107,-151.09076,US/Alaska (UTC-9 / UTC-8),"west fork beaver creek, upstream of marathon road",Beaver Creek,STREAM,MAIN,TRUE,TRUE,TBD,FALSE
2022-09-03T09:00:00Z,14.194,beaver_creek_usgs_temp_3,60.65107,-151.09076,US/Alaska (UTC-9 / UTC-8),"west fork beaver creek, upstream of marathon road",Beaver Creek,STREAM,MAIN,TRUE,TRUE,TBD,FALSE
2022-09-03T09:15:00Z,14.17,beaver_creek_usgs_temp_3,60.65107,-151.09076,US/Alaska (UTC-9 / UTC-8),"west fork beaver creek, upstream of marathon road",Beaver Creek,STREAM,MAIN,TRUE,TRUE,TBD,FALSE
2022-09-03T09:30:00Z,14.17,beaver_creek_usgs_temp_3,60.65107,-151.09076,US/Alaska (UTC-9 / UTC-8),"west fork beaver creek, upstream of marathon road",Beaver Creek,STREAM,MAIN,TRUE,TRUE,TBD,FALSE
2022-09-03T09:45:00Z,14.146,beaver_creek_usgs_temp_3,60.65107,-151.09076,US/Alaska (UTC-9 / UTC-8),"west fork beaver creek, upstream of marathon road",Beaver Creek,STREAM,MAIN,TRUE,TRUE,TBD,FALSE
2022-09-03T10:00:00Z,14.122,beaver_creek_usgs_temp_3,60.65107,-151.09076,US/Alaska (UTC-9 / UTC-8),"west fork beaver creek, upstream of marathon road",Beaver Creek,STREAM,MAIN,TRUE,TRUE,TBD,FALSE
2022-09-03T10:15:00Z,14.098,beaver_creek_usgs_temp_3,60.65107,-151.09076,US/Alaska (UTC-9 / UTC-8),"west fork beaver creek, upstream of marathon road",Beaver Creek,STREAM,MAIN,TRUE,TRUE,TBD,FALSE
2022-09-03T10:30:00Z,14.074,beaver_creek_usgs_temp_3,60.65107,-151.09076,US/Alaska (UTC-9 / UTC-8),"west fork beaver creek, upstream of marathon road",Beaver Creek,STREAM,MAIN,TRUE,TRUE,TBD,FALSE
2022-09-03T10:45:00Z,14.098,beaver_creek_usgs_temp_3,60.65107,-151.09076,US/Alaska (UTC-9 / UTC-8),"west fork beaver creek, upstream of marathon road",Beaver Creek,STREAM,MAIN,TRUE,TRUE,TBD,FALSE
2022-09-03T11:00:00Z,14.098,beaver_creek_usgs_temp_3,60.65107,-151.09076,US/Alaska (UTC-9 / UTC-8),"west fork beaver creek, upstream of marathon road",Beaver Creek,STREAM,MAIN,TRUE,TRUE,TBD,FALSE
2022-09-03T11:15:00Z,14.098,beaver_creek_usgs_temp_3,60.65107,-151.09076,US/Alaska (UTC-9 / UTC-8),"west fork beaver creek, upstream of marathon road",Beaver Creek,STREAM,MAIN,TRUE,TRUE,TBD,FALSE
2022-09-03T11:30:00Z,14.146,beaver_creek_usgs_temp_3,60.65107,-151.09076,US/Alaska (UTC-9 / UTC-8),"west fork beaver creek, upstream of marathon road",Beaver Creek,STREAM,MAIN,TRUE,TRUE,TBD,FALSE
2022-09-03T11:45:00Z,14.17,beaver_creek_usgs_temp_3,60.65107,-151.09076,US/Alaska (UTC-9 / UTC-8),"west fork beaver creek, upstream of marathon road",Beaver Creek,STREAM,MAIN,TRUE,TRUE,TBD,FALSE
2022-09-03T12:00:00Z,14.194,beaver_creek_usgs_temp_3,60.65107,-151.09076,US/Alaska (UTC-9 / UTC-8),"west fork beaver creek, upstream of marathon road",Beaver Creek,STREAM,MAIN,TRUE,TRUE,TBD,FALSE
2022-09-03T12:15:00Z,14.218,beaver_creek_usgs_temp_3,60.65107,-151.09076,US/Alaska (UTC-9 / UTC-8),"west fork beaver creek, upstream of marathon road",Beaver Creek,STREAM,MAIN,TRUE,TRUE,TBD,FALSE
2022-09-03T12:30:00Z,14.242,beaver_creek_usgs_temp_3,60.65107,-151.09076,US/Alaska (UTC-9 / UTC-8),"west fork beaver creek, upstream of marathon road",Beaver Creek,STREAM,MAIN,TRUE,TRUE,TBD,FALSE
2022-09-03T12:45:00Z,14.266,beaver_creek_usgs_temp_3,60.65107,-151.09076,US/Alaska (UTC-9 / UTC-8),"west fork beaver creek, upstream of marathon road",Beaver Creek,STREAM,MAIN,TRUE,TRUE,TBD,FALSE
2022-09-03T13:00:00Z,14.29,beaver_creek_usgs_temp_3,60.65107,-151.09076,US/Alaska (UTC-9 / UTC-8),"west fork beaver creek, upstream of marathon road",Beaver Creek,STREAM,MAIN,TRUE,TRUE,TBD,FALSE
2022-09-03T13:15:00Z,14.337,beaver_creek_usgs_temp_3,60.65107,-151.09076,US/Alaska (UTC-9 / UTC-8),"west fork beaver creek, upstream of marathon road",Beaver Creek,STREAM,MAIN,TRUE,TRUE,TBD,FALSE
2022-09-03T13:30:00Z,14.385,beaver_creek_usgs_temp_3,60.65107,-151.09076,US/Alaska (UTC-9 / UTC-8),"west fork beaver creek, upstream of marathon road",Beaver Creek,STREAM,MAIN,TRUE,TRUE,TBD,FALSE
2022-09-03T13:45:00Z,14.457,beaver_creek_usgs_temp_3,60.65107,-151.09076,US/Alaska (UTC-9 / UTC-8),"west fork beaver creek, upstream of marathon road",Beaver Creek,STREAM,MAIN,TRUE,TRUE,TBD,FALSE
2022-09-03T14:00:00Z,14.505,beaver_creek_usgs_temp_3,60.65107,-151.09076,US/Alaska (UTC-9 / UTC-8),"west fork beaver creek, upstream of marathon road",Beaver Creek,STREAM,MAIN,TRUE,TRUE,TBD,FALSE
2022-09-03T14:15:00Z,14.505,beaver_creek_usgs_temp_3,60.65107,-151.09076,US/Alaska (UTC-9 / UTC-8),"west fork beaver creek, upstream of marathon road",Beaver Creek,STREAM,MAIN,TRUE,TRUE,TBD,FALSE
2022-09-03T14:30:00Z,14.529,beaver_creek_usgs_temp_3,60.65107,-151.09076,US/Alaska (UTC-9 / UTC-8),"west fork beaver creek, upstream of marathon road",Beaver Creek,STREAM,MAIN,TRUE,TRUE,TBD,FALSE
2022-09-03T14:45:00Z,14.553,beaver_creek_usgs_temp_3,60.65107,-151.09076,US/Alaska (UTC-9 / UTC-8),"west fork beaver creek, upstream of marathon road",Beaver Creek,STREAM,MAIN,TRUE,TRUE,TBD,FALSE
2022-09-03T15:00:00Z,14.577,beaver_creek_usgs_temp_3,60.65107,-151.09076,US/Alaska (UTC-9 / UTC-8),"west fork beaver creek, upstream of marathon road",Beaver Creek,STREAM,MAIN,TRUE,TRUE,TBD,FALSE
2022-09-03T15:15:00Z,14.601,beaver_creek_usgs_temp_3,60.65107,-151.09076,US/Alaska (UTC-9 / UTC-8),"west fork beaver creek, upstream of marathon road",Beaver Creek,STREAM,MAIN,TRUE,TRUE,TBD,FALSE
2022-09-03T15:30:00Z,14.625,beaver_creek_usgs_temp_3,60.65107,-151.09076,US/Alaska (UTC-9 / UTC-8),"west fork beaver creek, upstream of marathon road",Beaver Creek,STREAM,MAIN,TRUE,TRUE,TBD,FALSE
2022-09-03T15:45:00Z,14.649,beaver_creek_usgs_temp_3,60.65107,-151.09076,US/Alaska (UTC-9 / UTC-8),"west fork beaver creek, upstream of marathon road",Beaver Creek,STREAM,MAIN,TRUE,TRUE,TBD,FALSE
2022-09-03T16:00:00Z,14.673,beaver_creek_usgs_temp_3,60.65107,-151.09076,US/Alaska (UTC-9 / UTC-8),"west fork beaver creek, upstream of marathon road",Beaver Creek,STREAM,MAIN,TRUE,TRUE,TBD,FALSE
2022-09-03T16:15:00Z,14.673,beaver_creek_usgs_temp_3,60.65107,-151.09076,US/Alaska (UTC-9 / UTC-8),"west fork beaver creek, upstream of marathon road",Beaver Creek,STREAM,MAIN,TRUE,TRUE,TBD,FALSE
2022-09-03T16:30:00Z,14.673,beaver_creek_usgs_temp_3,60.65107,-151.09076,US/Alaska (UTC-9 / UTC-8),"west fork beaver creek, upstream of marathon road",Beaver Creek,STREAM,MAIN,TRUE,TRUE,TBD,FALSE
2022-09-03T16:45:00Z,14.697,beaver_creek_usgs_temp_3,60.65107,-151.09076,US/Alaska (UTC-9 / UTC-8),"west fork beaver creek, upstream of marathon road",Beaver Creek,STREAM,MAIN,TRUE,TRUE,TBD,FALSE
2022-09-03T17:00:00Z,14.697,beaver_creek_usgs_temp_3,60.65107,-151.09076,US/Alaska (UTC-9 / UTC-8),"west fork beaver creek, upstream of marathon road",Beaver Creek,STREAM,MAIN,TRUE,TRUE,TBD,FALSE
2022-09-03T17:15:00Z,14.721,beaver_creek_usgs_temp_3,60.65107,-151.09076,US/Alaska (UTC-9 / UTC-8),"west fork beaver creek, upstream of marathon road",Beaver Creek,STREAM,MAIN,TRUE,TRUE,TBD,FALSE
2022-09-03T17:30:00Z,14.745,beaver_creek_usgs_temp_3,60.65107,-151.09076,US/Alaska (UTC-9 / UTC-8),"west fork beaver creek, upstream of marathon road",Beaver Creek,STREAM,MAIN,TRUE,TRUE,TBD,FALSE
2022-09-03T17:45:00Z,14.745,beaver_creek_usgs_temp_3,60.65107,-151.09076,US/Alaska (UTC-9 / UTC-8),"west fork beaver creek, upstream of marathon road",Beaver Creek,STREAM,MAIN,TRUE,TRUE,TBD,FALSE
2022-09-03T18:00:00Z,14.745,beaver_creek_usgs_temp_3,60.65107,-151.09076,US/Alaska (UTC-9 / UTC-8),"west fork beaver creek, upstream of marathon road",Beaver Creek,STREAM,MAIN,TRUE,TRUE,TBD,FALSE
2022-09-03T18:15:00Z,14.768,beaver_creek_usgs_temp_3,60.65107,-151.09076,US/Alaska (UTC-9 / UTC-8),"west fork beaver creek, upstream of marathon road",Beaver Creek,STREAM,MAIN,TRUE,TRUE,TBD,FALSE
2022-09-03T18:30:00Z,14.768,beaver_creek_usgs_temp_3,60.65107,-151.09076,US/Alaska (UTC-9 / UTC-8),"west fork beaver creek, upstream of marathon road",Beaver Creek,STREAM,MAIN,TRUE,TRUE,TBD,FALSE
2022-09-03T18:45:00Z,14.745,beaver_creek_usgs_temp_3,60.65107,-151.09076,US/Alaska (UTC-9 / UTC-8),"west fork beaver creek, upstream of marathon road",Beaver Creek,STREAM,MAIN,TRUE,TRUE,TBD,FALSE
2022-09-03T19:00:00Z,14.745,beaver_creek_usgs_temp_3,60.65107,-151.09076,US/Alaska (UTC-9 / UTC-8),"west fork beaver creek, upstream of marathon road",Beaver Creek,STREAM,MAIN,TRUE,TRUE,TBD,FALSE
2022-09-03T19:15:00Z,14.721,beaver_creek_usgs_temp_3,60.65107,-151.09076,US/Alaska (UTC-9 / UTC-8),"west fork beaver creek, upstream of marathon road",Beaver Creek,STREAM,MAIN,TRUE,TRUE,TBD,FALSE
2022-09-03T19:30:00Z,14.721,beaver_creek_usgs_temp_3,60.65107,-151.09076,US/Alaska (UTC-9 / UTC-8),"west fork beaver creek, upstream of marathon road",Beaver Creek,STREAM,MAIN,TRUE,TRUE,TBD,FALSE
2022-09-03T19:45:00Z,14.721,beaver_creek_usgs_temp_3,60.65107,-151.09076,US/Alaska (UTC-9 / UTC-8),"west fork beaver creek, upstream of marathon road",Beaver Creek,STREAM,MAIN,TRUE,TRUE,TBD,FALSE
2022-09-03T20:00:00Z,14.721,beaver_creek_usgs_temp_3,60.65107,-151.09076,US/Alaska (UTC-9 / UTC-8),"west fork beaver creek, upstream of marathon road",Beaver Creek,STREAM,MAIN,TRUE,TRUE,TBD,FALSE
2022-09-03T20:15:00Z,14.697,beaver_creek_usgs_temp_3,60.65107,-151.09076,US/Alaska (UTC-9 / UTC-8),"west fork beaver creek, upstream of marathon road",Beaver Creek,STREAM,MAIN,TRUE,TRUE,TBD,FALSE
2022-09-03T20:30:00Z,14.697,beaver_creek_usgs_temp_3,60.65107,-151.09076,US/Alaska (UTC-9 / UTC-8),"west fork beaver creek, upstream of marathon road",Beaver Creek,STREAM,MAIN,TRUE,TRUE,TBD,FALSE
2022-09-03T20:45:00Z,14.673,beaver_creek_usgs_temp_3,60.65107,-151.09076,US/Alaska (UTC-9 / UTC-8),"west fork beaver creek, upstream of marathon road",Beaver Creek,STREAM,MAIN,TRUE,TRUE,TBD,FALSE
2022-09-03T21:00:00Z,14.649,beaver_creek_usgs_temp_3,60.65107,-151.09076,US/Alaska (UTC-9 / UTC-8),"west fork beaver creek, upstream of marathon road",Beaver Creek,STREAM,MAIN,TRUE,TRUE,TBD,FALSE
2022-09-03T21:15:00Z,14.625,beaver_creek_usgs_temp_3,60.65107,-151.09076,US/Alaska (UTC-9 / UTC-8),"west fork beaver creek, upstream of marathon road",Beaver Creek,STREAM,MAIN,TRUE,TRUE,TBD,FALSE
2022-09-03T21:30:00Z,14.601,beaver_creek_usgs_temp_3,60.65107,-151.09076,US/Alaska (UTC-9 / UTC-8),"west fork beaver creek, upstream of marathon road",Beaver Creek,STREAM,MAIN,TRUE,TRUE,TBD,FALSE
2022-09-03T21:45:00Z,14.577,beaver_creek_usgs_temp_3,60.65107,-151.09076,US/Alaska (UTC-9 / UTC-8),"west fork beaver creek, upstream of marathon road",Beaver Creek,STREAM,MAIN,TRUE,TRUE,TBD,FALSE
2022-09-03T22:00:00Z,14.553,beaver_creek_usgs_temp_3,60.65107,-151.09076,US/Alaska (UTC-9 / UTC-8),"west fork beaver creek, upstream of marathon road",Beaver Creek,STREAM,MAIN,TRUE,TRUE,TBD,FALSE
2022-09-03T22:15:00Z,14.529,beaver_creek_usgs_temp_3,60.65107,-151.09076,US/Alaska (UTC-9 / UTC-8),"west fork beaver creek, upstream of marathon road",Beaver Creek,STREAM,MAIN,TRUE,TRUE,TBD,FALSE
2022-09-03T22:30:00Z,14.481,beaver_creek_usgs_temp_3,60.65107,-151.09076,US/Alaska (UTC-9 / UTC-8),"west fork beaver creek, upstream of marathon road",Beaver Creek,STREAM,MAIN,TRUE,TRUE,TBD,FALSE
2022-09-03T22:45:00Z,14.457,beaver_creek_usgs_temp_3,60.65107,-151.09076,US/Alaska (UTC-9 / UTC-8),"west fork beaver creek, upstream of marathon road",Beaver Creek,STREAM,MAIN,TRUE,TRUE,TBD,FALSE
2022-09-03T23:00:00Z,14.433,beaver_creek_usgs_temp_3,60.65107,-151.09076,US/Alaska (UTC-9 / UTC-8),"west fork beaver creek, upstream of marathon road",Beaver Creek,STREAM,MAIN,TRUE,TRUE,TBD,FALSE
2022-09-03T23:15:00Z,14.409,beaver_creek_usgs_temp_3,60.65107,-151.09076,US/Alaska (UTC-9 / UTC-8),"west fork beaver creek, upstream of marathon road",Beaver Creek,STREAM,MAIN,TRUE,TRUE,TBD,FALSE
2022-09-03T23:30:00Z,14.385,beaver_creek_usgs_temp_3,60.65107,-151.09076,US/Alaska (UTC-9 / UTC-8),"west fork beaver creek, upstream of marathon road",Beaver Creek,STREAM,MAIN,TRUE,TRUE,TBD,FALSE
2022-09-03T23:45:00Z,14.361,beaver_creek_usgs_temp_3,60.65107,-151.09076,US/Alaska (UTC-9 / UTC-8),"west fork beaver creek, upstream of marathon road",Beaver Creek,STREAM,MAIN,TRUE,TRUE,TBD,FALSE
2022-09-04T00:00:00Z,14.337,beaver_creek_usgs_temp_3,60.65107,-151.09076,US/Alaska (UTC-9 / UTC-8),"west fork beaver creek, upstream of marathon road",Beaver Creek,STREAM,MAIN,TRUE,TRUE,TBD,FALSE
2022-09-04T00:15:00Z,14.314,beaver_creek_usgs_temp_3,60.65107,-151.09076,US/Alaska (UTC-9 / UTC-8),"west fork beaver creek, upstream of marathon road",Beaver Creek,STREAM,MAIN,TRUE,TRUE,TBD,FALSE
2022-09-04T00:30:00Z,14.29,beaver_creek_usgs_temp_3,60.65107,-151.09076,US/Alaska (UTC-9 / UTC-8),"west fork beaver creek, upstream of marathon road",Beaver Creek,STREAM,MAIN,TRUE,TRUE,TBD,FALSE
2022-09-04T00:45:00Z,14.242,beaver_creek_usgs_temp_3,60.65107,-151.09076,US/Alaska (UTC-9 / UTC-8),"west fork beaver creek, upstream of marathon road",Beaver Creek,STREAM,MAIN,TRUE,TRUE,TBD,FALSE
2022-09-04T01:00:00Z,14.242,beaver_creek_usgs_temp_3,60.65107,-151.09076,US/Alaska (UTC-9 / UTC-8),"west fork beaver creek, upstream of marathon road",Beaver Creek,STREAM,MAIN,TRUE,TRUE,TBD,FALSE
2022-09-04T01:15:00Z,14.194,beaver_creek_usgs_temp_3,60.65107,-151.09076,US/Alaska (UTC-9 / UTC-8),"west fork beaver creek, upstream of marathon road",Beaver Creek,STREAM,MAIN,TRUE,TRUE,TBD,FALSE
2022-09-04T01:30:00Z,14.17,beaver_creek_usgs_temp_3,60.65107,-151.09076,US/Alaska (UTC-9 / UTC-8),"west fork beaver creek, upstream of marathon road",Beaver Creek,STREAM,MAIN,TRUE,TRUE,TBD,FALSE
2022-09-04T01:45:00Z,14.146,beaver_creek_usgs_temp_3,60.65107,-151.09076,US/Alaska (UTC-9 / UTC-8),"west fork beaver creek, upstream of marathon road",Beaver Creek,STREAM,MAIN,TRUE,TRUE,TBD,FALSE
2022-09-04T02:00:00Z,14.122,beaver_creek_usgs_temp_3,60.65107,-151.09076,US/Alaska (UTC-9 / UTC-8),"west fork beaver creek, upstream of marathon road",Beaver Creek,STREAM,MAIN,TRUE,TRUE,TBD,FALSE
2022-09-04T02:15:00Z,14.098,beaver_creek_usgs_temp_3,60.65107,-151.09076,US/Alaska (UTC-9 / UTC-8),"west fork beaver creek, upstream of marathon road",Beaver Creek,STREAM,MAIN,TRUE,TRUE,TBD,FALSE
2022-09-04T02:30:00Z,14.05,beaver_creek_usgs_temp_3,60.65107,-151.09076,US/Alaska (UTC-9 / UTC-8),"west fork beaver creek, upstream of marathon road",Beaver Creek,STREAM,MAIN,TRUE,TRUE,TBD,FALSE
2022-09-04T02:45:00Z,14.002,beaver_creek_usgs_temp_3,60.65107,-151.09076,US/Alaska (UTC-9 / UTC-8),"west fork beaver creek, upstream of marathon road",Beaver Creek,STREAM,MAIN,TRUE,TRUE,TBD,FALSE
2022-09-04T03:00:00Z,13.978,beaver_creek_usgs_temp_3,60.65107,-151.09076,US/Alaska (UTC-9 / UTC-8),"west fork beaver creek, upstream of marathon road",Beaver Creek,STREAM,MAIN,TRUE,TRUE,TBD,FALSE
2022-09-04T03:15:00Z,13.954,beaver_creek_usgs_temp_3,60.65107,-151.09076,US/Alaska (UTC-9 / UTC-8),"west fork beaver creek, upstream of marathon road",Beaver Creek,STREAM,MAIN,TRUE,TRUE,TBD,FALSE
2022-09-04T03:30:00Z,13.906,beaver_creek_usgs_temp_3,60.65107,-151.09076,US/Alaska (UTC-9 / UTC-8),"west fork beaver creek, upstream of marathon road",Beaver Creek,STREAM,MAIN,TRUE,TRUE,TBD,FALSE
2022-09-04T03:45:00Z,13.858,beaver_creek_usgs_temp_3,60.65107,-151.09076,US/Alaska (UTC-9 / UTC-8),"west fork beaver creek, upstream of marathon road",Beaver Creek,STREAM,MAIN,TRUE,TRUE,TBD,FALSE
2022-09-04T04:00:00Z,13.834,beaver_creek_usgs_temp_3,60.65107,-151.09076,US/Alaska (UTC-9 / UTC-8),"west fork beaver creek, upstream of marathon road",Beaver Creek,STREAM,MAIN,TRUE,TRUE,TBD,FALSE
2022-09-04T04:15:00Z,13.81,beaver_creek_usgs_temp_3,60.65107,-151.09076,US/Alaska (UTC-9 / UTC-8),"west fork beaver creek, upstream of marathon road",Beaver Creek,STREAM,MAIN,TRUE,TRUE,TBD,FALSE
2022-09-04T04:30:00Z,13.786,beaver_creek_usgs_temp_3,60.65107,-151.09076,US/Alaska (UTC-9 / UTC-8),"west fork beaver creek, upstream of marathon road",Beaver Creek,STREAM,MAIN,TRUE,TRUE,TBD,FALSE
2022-09-04T04:45:00Z,13.738,beaver_creek_usgs_temp_3,60.65107,-151.09076,US/Alaska (UTC-9 / UTC-8),"west fork beaver creek, upstream of marathon road",Beaver Creek,STREAM,MAIN,TRUE,TRUE,TBD,FALSE
2022-09-04T05:00:00Z,13.714,beaver_creek_usgs_temp_3,60.65107,-151.09076,US/Alaska (UTC-9 / UTC-8),"west fork beaver creek, upstream of marathon road",Beaver Creek,STREAM,MAIN,TRUE,TRUE,TBD,FALSE
2022-09-04T05:15:00Z,13.666,beaver_creek_usgs_temp_3,60.65107,-151.09076,US/Alaska (UTC-9 / UTC-8),"west fork beaver creek, upstream of marathon road",Beaver Creek,STREAM,MAIN,TRUE,TRUE,TBD,FALSE
2022-09-04T05:30:00Z,13.642,beaver_creek_usgs_temp_3,60.65107,-151.09076,US/Alaska (UTC-9 / UTC-8),"west fork beaver creek, upstream of marathon road",Beaver Creek,STREAM,MAIN,TRUE,TRUE,TBD,FALSE
2022-09-04T05:45:00Z,13.618,beaver_creek_usgs_temp_3,60.65107,-151.09076,US/Alaska (UTC-9 / UTC-8),"west fork beaver creek, upstream of marathon road",Beaver Creek,STREAM,MAIN,TRUE,TRUE,TBD,FALSE
2022-09-04T06:00:00Z,13.57,beaver_creek_usgs_temp_3,60.65107,-151.09076,US/Alaska (UTC-9 / UTC-8),"west fork beaver creek, upstream of marathon road",Beaver Creek,STREAM,MAIN,TRUE,TRUE,TBD,FALSE
2022-09-04T06:15:00Z,13.546,beaver_creek_usgs_temp_3,60.65107,-151.09076,US/Alaska (UTC-9 / UTC-8),"west fork beaver creek, upstream of marathon road",Beaver Creek,STREAM,MAIN,TRUE,TRUE,TBD,FALSE
2022-09-04T06:30:00Z,13.522,beaver_creek_usgs_temp_3,60.65107,-151.09076,US/Alaska (UTC-9 / UTC-8),"west fork beaver creek, upstream of marathon road",Beaver Creek,STREAM,MAIN,TRUE,TRUE,TBD,FALSE
2022-09-04T06:45:00Z,13.473,beaver_creek_usgs_temp_3,60.65107,-151.09076,US/Alaska (UTC-9 / UTC-8),"west fork beaver creek, upstream of marathon road",Beaver Creek,STREAM,MAIN,TRUE,TRUE,TBD,FALSE
2022-09-04T07:00:00Z,13.425,beaver_creek_usgs_temp_3,60.65107,-151.09076,US/Alaska (UTC-9 / UTC-8),"west fork beaver creek, upstream of marathon road",Beaver Creek,STREAM,MAIN,TRUE,TRUE,TBD,FALSE
2022-09-04T07:15:00Z,13.401,beaver_creek_usgs_temp_3,60.65107,-151.09076,US/Alaska (UTC-9 / UTC-8),"west fork beaver creek, upstream of marathon road",Beaver Creek,STREAM,MAIN,TRUE,TRUE,TBD,FALSE
2022-09-04T07:30:00Z,13.377,beaver_creek_usgs_temp_3,60.65107,-151.09076,US/Alaska (UTC-9 / UTC-8),"west fork beaver creek, upstream of marathon road",Beaver Creek,STREAM,MAIN,TRUE,TRUE,TBD,FALSE
2022-09-04T07:45:00Z,13.329,beaver_creek_usgs_temp_3,60.65107,-151.09076,US/Alaska (UTC-9 / UTC-8),"west fork beaver creek, upstream of marathon road",Beaver Creek,STREAM,MAIN,TRUE,TRUE,TBD,FALSE
2022-09-04T08:00:00Z,13.305,beaver_creek_usgs_temp_3,60.65107,-151.09076,US/Alaska (UTC-9 / UTC-8),"west fork beaver creek, upstream of marathon road",Beaver Creek,STREAM,MAIN,TRUE,TRUE,TBD,FALSE
2022-09-04T08:15:00Z,13.281,beaver_creek_usgs_temp_3,60.65107,-151.09076,US/Alaska (UTC-9 / UTC-8),"west fork beaver creek, upstream of marathon road",Beaver Creek,STREAM,MAIN,TRUE,TRUE,TBD,FALSE
2022-09-04T08:30:00Z,13.281,beaver_creek_usgs_temp_3,60.65107,-151.09076,US/Alaska (UTC-9 / UTC-8),"west fork beaver creek, upstream of marathon road",Beaver Creek,STREAM,MAIN,TRUE,TRUE,TBD,FALSE
2022-09-04T08:45:00Z,13.233,beaver_creek_usgs_temp_3,60.65107,-151.09076,US/Alaska (UTC-9 / UTC-8),"west fork beaver creek, upstream of marathon road",Beaver Creek,STREAM,MAIN,TRUE,TRUE,TBD,FALSE
2022-09-04T09:00:00Z,13.233,beaver_creek_usgs_temp_3,60.65107,-151.09076,US/Alaska (UTC-9 / UTC-8),"west fork beaver creek, upstream of marathon road",Beaver Creek,STREAM,MAIN,TRUE,TRUE,TBD,FALSE
2022-09-04T09:15:00Z,13.233,beaver_creek_usgs_temp_3,60.65107,-151.09076,US/Alaska (UTC-9 / UTC-8),"west fork beaver creek, upstream of marathon road",Beaver Creek,STREAM,MAIN,TRUE,TRUE,TBD,FALSE
2022-09-04T09:30:00Z,13.233,beaver_creek_usgs_temp_3,60.65107,-151.09076,US/Alaska (UTC-9 / UTC-8),"west fork beaver creek, upstream of marathon road",Beaver Creek,STREAM,MAIN,TRUE,TRUE,TBD,FALSE
2022-09-04T09:45:00Z,13.233,beaver_creek_usgs_temp_3,60.65107,-151.09076,US/Alaska (UTC-9 / UTC-8),"west fork beaver creek, upstream of marathon road",Beaver Creek,STREAM,MAIN,TRUE,TRUE,TBD,FALSE
2022-09-04T10:00:00Z,13.233,beaver_creek_usgs_temp_3,60.65107,-151.09076,US/Alaska (UTC-9 / UTC-8),"west fork beaver creek, upstream of marathon road",Beaver Creek,STREAM,MAIN,TRUE,TRUE,TBD,FALSE
2022-09-04T10:15:00Z,13.257,beaver_creek_usgs_temp_3,60.65107,-151.09076,US/Alaska (UTC-9 / UTC-8),"west fork beaver creek, upstream of marathon road",Beaver Creek,STREAM,MAIN,TRUE,TRUE,TBD,FALSE
2022-09-04T10:30:00Z,13.305,beaver_creek_usgs_temp_3,60.65107,-151.09076,US/Alaska (UTC-9 / UTC-8),"west fork beaver creek, upstream of marathon road",Beaver Creek,STREAM,MAIN,TRUE,TRUE,TBD,FALSE
2022-09-04T10:45:00Z,13.329,beaver_creek_usgs_temp_3,60.65107,-151.09076,US/Alaska (UTC-9 / UTC-8),"west fork beaver creek, upstream of marathon road",Beaver Creek,STREAM,MAIN,TRUE,TRUE,TBD,FALSE
2022-09-04T11:00:00Z,13.353,beaver_creek_usgs_temp_3,60.65107,-151.09076,US/Alaska (UTC-9 / UTC-8),"west fork beaver creek, upstream of marathon road",Beaver Creek,STREAM,MAIN,TRUE,TRUE,TBD,FALSE
2022-09-04T11:15:00Z,13.425,beaver_creek_usgs_temp_3,60.65107,-151.09076,US/Alaska (UTC-9 / UTC-8),"west fork beaver creek, upstream of marathon road",Beaver Creek,STREAM,MAIN,TRUE,TRUE,TBD,FALSE
2022-09-04T11:30:00Z,13.497,beaver_creek_usgs_temp_3,60.65107,-151.09076,US/Alaska (UTC-9 / UTC-8),"west fork beaver creek, upstream of marathon road",Beaver Creek,STREAM,MAIN,TRUE,TRUE,TBD,FALSE
2022-09-04T11:45:00Z,13.57,beaver_creek_usgs_temp_3,60.65107,-151.09076,US/Alaska (UTC-9 / UTC-8),"west fork beaver creek, upstream of marathon road",Beaver Creek,STREAM,MAIN,TRUE,TRUE,TBD,FALSE
2022-09-04T12:00:00Z,13.642,beaver_creek_usgs_temp_3,60.65107,-151.09076,US/Alaska (UTC-9 / UTC-8),"west fork beaver creek, upstream of marathon road",Beaver Creek,STREAM,MAIN,TRUE,TRUE,TBD,FALSE
2022-09-04T12:15:00Z,13.69,beaver_creek_usgs_temp_3,60.65107,-151.09076,US/Alaska (UTC-9 / UTC-8),"west fork beaver creek, upstream of marathon road",Beaver Creek,STREAM,MAIN,TRUE,TRUE,TBD,FALSE
2022-09-04T12:30:00Z,13.762,beaver_creek_usgs_temp_3,60.65107,-151.09076,US/Alaska (UTC-9 / UTC-8),"west fork beaver creek, upstream of marathon road",Beaver Creek,STREAM,MAIN,TRUE,TRUE,TBD,FALSE
2022-09-04T12:45:00Z,13.858,beaver_creek_usgs_temp_3,60.65107,-151.09076,US/Alaska (UTC-9 / UTC-8),"west fork beaver creek, upstream of marathon road",Beaver Creek,STREAM,MAIN,TRUE,TRUE,TBD,FALSE
2022-09-04T13:00:00Z,13.954,beaver_creek_usgs_temp_3,60.65107,-151.09076,US/Alaska (UTC-9 / UTC-8),"west fork beaver creek, upstream of marathon road",Beaver Creek,STREAM,MAIN,TRUE,TRUE,TBD,FALSE
2022-09-04T13:15:00Z,14.026,beaver_creek_usgs_temp_3,60.65107,-151.09076,US/Alaska (UTC-9 / UTC-8),"west fork beaver creek, upstream of marathon road",Beaver Creek,STREAM,MAIN,TRUE,TRUE,TBD,FALSE
2022-09-04T13:30:00Z,14.17,beaver_creek_usgs_temp_3,60.65107,-151.09076,US/Alaska (UTC-9 / UTC-8),"west fork beaver creek, upstream of marathon road",Beaver Creek,STREAM,MAIN,TRUE,TRUE,TBD,FALSE
2022-09-04T13:45:00Z,14.337,beaver_creek_usgs_temp_3,60.65107,-151.09076,US/Alaska (UTC-9 / UTC-8),"west fork beaver creek, upstream of marathon road",Beaver Creek,STREAM,MAIN,TRUE,TRUE,TBD,FALSE
2022-09-04T14:00:00Z,14.433,beaver_creek_usgs_temp_3,60.65107,-151.09076,US/Alaska (UTC-9 / UTC-8),"west fork beaver creek, upstream of marathon road",Beaver Creek,STREAM,MAIN,TRUE,TRUE,TBD,FALSE
2022-09-04T14:15:00Z,14.601,beaver_creek_usgs_temp_3,60.65107,-151.09076,US/Alaska (UTC-9 / UTC-8),"west fork beaver creek, upstream of marathon road",Beaver Creek,STREAM,MAIN,TRUE,TRUE,TBD,FALSE
2022-09-04T14:30:00Z,14.792,beaver_creek_usgs_temp_3,60.65107,-151.09076,US/Alaska (UTC-9 / UTC-8),"west fork beaver creek, upstream of marathon road",Beaver Creek,STREAM,MAIN,TRUE,TRUE,TBD,FALSE
2022-09-04T14:45:00Z,14.888,beaver_creek_usgs_temp_3,60.65107,-151.09076,US/Alaska (UTC-9 / UTC-8),"west fork beaver creek, upstream of marathon road",Beaver Creek,STREAM,MAIN,TRUE,TRUE,TBD,FALSE
2022-09-04T15:00:00Z,15.008,beaver_creek_usgs_temp_3,60.65107,-151.09076,US/Alaska (UTC-9 / UTC-8),"west fork beaver creek, upstream of marathon road",Beaver Creek,STREAM,MAIN,TRUE,TRUE,TBD,FALSE
2022-09-04T15:15:00Z,15.127,beaver_creek_usgs_temp_3,60.65107,-151.09076,US/Alaska (UTC-9 / UTC-8),"west fork beaver creek, upstream of marathon road",Beaver Creek,STREAM,MAIN,TRUE,TRUE,TBD,FALSE
2022-09-04T15:30:00Z,15.223,beaver_creek_usgs_temp_3,60.65107,-151.09076,US/Alaska (UTC-9 / UTC-8),"west fork beaver creek, upstream of marathon road",Beaver Creek,STREAM,MAIN,TRUE,TRUE,TBD,FALSE
2022-09-04T15:45:00Z,15.342,beaver_creek_usgs_temp_3,60.65107,-151.09076,US/Alaska (UTC-9 / UTC-8),"west fork beaver creek, upstream of marathon road",Beaver Creek,STREAM,MAIN,TRUE,TRUE,TBD,FALSE
2022-09-04T16:00:00Z,15.485,beaver_creek_usgs_temp_3,60.65107,-151.09076,US/Alaska (UTC-9 / UTC-8),"west fork beaver creek, upstream of marathon road",Beaver Creek,STREAM,MAIN,TRUE,TRUE,TBD,FALSE
2022-09-04T16:15:00Z,15.605,beaver_creek_usgs_temp_3,60.65107,-151.09076,US/Alaska (UTC-9 / UTC-8),"west fork beaver creek, upstream of marathon road",Beaver Creek,STREAM,MAIN,TRUE,TRUE,TBD,FALSE
2022-09-04T16:30:00Z,15.676,beaver_creek_usgs_temp_3,60.65107,-151.09076,US/Alaska (UTC-9 / UTC-8),"west fork beaver creek, upstream of marathon road",Beaver Creek,STREAM,MAIN,TRUE,TRUE,TBD,FALSE
2022-09-04T16:45:00Z,15.772,beaver_creek_usgs_temp_3,60.65107,-151.09076,US/Alaska (UTC-9 / UTC-8),"west fork beaver creek, upstream of marathon road",Beaver Creek,STREAM,MAIN,TRUE,TRUE,TBD,FALSE
2022-09-04T17:00:00Z,15.867,beaver_creek_usgs_temp_3,60.65107,-151.09076,US/Alaska (UTC-9 / UTC-8),"west fork beaver creek, upstream of marathon road",Beaver Creek,STREAM,MAIN,TRUE,TRUE,TBD,FALSE
2022-09-04T17:15:00Z,15.915,beaver_creek_usgs_temp_3,60.65107,-151.09076,US/Alaska (UTC-9 / UTC-8),"west fork beaver creek, upstream of marathon road",Beaver Creek,STREAM,MAIN,TRUE,TRUE,TBD,FALSE
2022-09-04T17:30:00Z,15.986,beaver_creek_usgs_temp_3,60.65107,-151.09076,US/Alaska (UTC-9 / UTC-8),"west fork beaver creek, upstream of marathon road",Beaver Creek,STREAM,MAIN,TRUE,TRUE,TBD,FALSE
2022-09-04T17:45:00Z,16.034,beaver_creek_usgs_temp_3,60.65107,-151.09076,US/Alaska (UTC-9 / UTC-8),"west fork beaver creek, upstream of marathon road",Beaver Creek,STREAM,MAIN,TRUE,TRUE,TBD,FALSE
2022-09-04T18:00:00Z,16.058,beaver_creek_usgs_temp_3,60.65107,-151.09076,US/Alaska (UTC-9 / UTC-8),"west fork beaver creek, upstream of marathon road",Beaver Creek,STREAM,MAIN,TRUE,TRUE,TBD,FALSE
2022-09-04T18:15:00Z,16.082,beaver_creek_usgs_temp_3,60.65107,-151.09076,US/Alaska (UTC-9 / UTC-8),"west fork beaver creek, upstream of marathon road",Beaver Creek,STREAM,MAIN,TRUE,TRUE,TBD,FALSE
2022-09-04T18:30:00Z,16.106,beaver_creek_usgs_temp_3,60.65107,-151.09076,US/Alaska (UTC-9 / UTC-8),"west fork beaver creek, upstream of marathon road",Beaver Creek,STREAM,MAIN,TRUE,TRUE,TBD,FALSE
2022-09-04T18:45:00Z,16.106,beaver_creek_usgs_temp_3,60.65107,-151.09076,US/Alaska (UTC-9 / UTC-8),"west fork beaver creek, upstream of marathon road",Beaver Creek,STREAM,MAIN,TRUE,TRUE,TBD,FALSE
2022-09-04T19:00:00Z,16.106,beaver_creek_usgs_temp_3,60.65107,-151.09076,US/Alaska (UTC-9 / UTC-8),"west fork beaver creek, upstream of marathon road",Beaver Creek,STREAM,MAIN,TRUE,TRUE,TBD,FALSE
2022-09-04T19:15:00Z,16.082,beaver_creek_usgs_temp_3,60.65107,-151.09076,US/Alaska (UTC-9 / UTC-8),"west fork beaver creek, upstream of marathon road",Beaver Creek,STREAM,MAIN,TRUE,TRUE,TBD,FALSE
2022-09-04T19:30:00Z,16.034,beaver_creek_usgs_temp_3,60.65107,-151.09076,US/Alaska (UTC-9 / UTC-8),"west fork beaver creek, upstream of marathon road",Beaver Creek,STREAM,MAIN,TRUE,TRUE,TBD,FALSE
2022-09-04T19:45:00Z,15.986,beaver_creek_usgs_temp_3,60.65107,-151.09076,US/Alaska (UTC-9 / UTC-8),"west fork beaver creek, upstream of marathon road",Beaver Creek,STREAM,MAIN,TRUE,TRUE,TBD,FALSE
2022-09-04T20:00:00Z,15.963,beaver_creek_usgs_temp_3,60.65107,-151.09076,US/Alaska (UTC-9 / UTC-8),"west fork beaver creek, upstream of marathon road",Beaver Creek,STREAM,MAIN,TRUE,TRUE,TBD,FALSE
2022-09-04T20:15:00Z,15.915,beaver_creek_usgs_temp_3,60.65107,-151.09076,US/Alaska (UTC-9 / UTC-8),"west fork beaver creek, upstream of marathon road",Beaver Creek,STREAM,MAIN,TRUE,TRUE,TBD,FALSE
2022-09-04T20:30:00Z,15.867,beaver_creek_usgs_temp_3,60.65107,-151.09076,US/Alaska (UTC-9 / UTC-8),"west fork beaver creek, upstream of marathon road",Beaver Creek,STREAM,MAIN,TRUE,TRUE,TBD,FALSE
2022-09-04T20:45:00Z,15.819,beaver_creek_usgs_temp_3,60.65107,-151.09076,US/Alaska (UTC-9 / UTC-8),"west fork beaver creek, upstream of marathon road",Beaver Creek,STREAM,MAIN,TRUE,TRUE,TBD,FALSE
2022-09-04T21:00:00Z,15.748,beaver_creek_usgs_temp_3,60.65107,-151.09076,US/Alaska (UTC-9 / UTC-8),"west fork beaver creek, upstream of marathon road",Beaver Creek,STREAM,MAIN,TRUE,TRUE,TBD,FALSE
2022-09-04T21:15:00Z,15.7,beaver_creek_usgs_temp_3,60.65107,-151.09076,US/Alaska (UTC-9 / UTC-8),"west fork beaver creek, upstream of marathon road",Beaver Creek,STREAM,MAIN,TRUE,TRUE,TBD,FALSE
2022-09-04T21:30:00Z,15.605,beaver_creek_usgs_temp_3,60.65107,-151.09076,US/Alaska (UTC-9 / UTC-8),"west fork beaver creek, upstream of marathon road",Beaver Creek,STREAM,MAIN,TRUE,TRUE,TBD,FALSE
2022-09-04T21:45:00Z,15.533,beaver_creek_usgs_temp_3,60.65107,-151.09076,US/Alaska (UTC-9 / UTC-8),"west fork beaver creek, upstream of marathon road",Beaver Creek,STREAM,MAIN,TRUE,TRUE,TBD,FALSE
2022-09-04T22:00:00Z,15.461,beaver_creek_usgs_temp_3,60.65107,-151.09076,US/Alaska (UTC-9 / UTC-8),"west fork beaver creek, upstream of marathon road",Beaver Creek,STREAM,MAIN,TRUE,TRUE,TBD,FALSE
2022-09-04T22:15:00Z,15.39,beaver_creek_usgs_temp_3,60.65107,-151.09076,US/Alaska (UTC-9 / UTC-8),"west fork beaver creek, upstream of marathon road",Beaver Creek,STREAM,MAIN,TRUE,TRUE,TBD,FALSE
2022-09-04T22:30:00Z,15.318,beaver_creek_usgs_temp_3,60.65107,-151.09076,US/Alaska (UTC-9 / UTC-8),"west fork beaver creek, upstream of marathon road",Beaver Creek,STREAM,MAIN,TRUE,TRUE,TBD,FALSE
2022-09-04T22:45:00Z,15.247,beaver_creek_usgs_temp_3,60.65107,-151.09076,US/Alaska (UTC-9 / UTC-8),"west fork beaver creek, upstream of marathon road",Beaver Creek,STREAM,MAIN,TRUE,TRUE,TBD,FALSE
2022-09-04T23:00:00Z,15.151,beaver_creek_usgs_temp_3,60.65107,-151.09076,US/Alaska (UTC-9 / UTC-8),"west fork beaver creek, upstream of marathon road",Beaver Creek,STREAM,MAIN,TRUE,TRUE,TBD,FALSE
2022-09-04T23:15:00Z,15.055,beaver_creek_usgs_temp_3,60.65107,-151.09076,US/Alaska (UTC-9 / UTC-8),"west fork beaver creek, upstream of marathon road",Beaver Creek,STREAM,MAIN,TRUE,TRUE,TBD,FALSE
2022-09-04T23:30:00Z,14.96,beaver_creek_usgs_temp_3,60.65107,-151.09076,US/Alaska (UTC-9 / UTC-8),"west fork beaver creek, upstream of marathon road",Beaver Creek,STREAM,MAIN,TRUE,TRUE,TBD,FALSE
2022-09-04T23:45:00Z,14.888,beaver_creek_usgs_temp_3,60.65107,-151.09076,US/Alaska (UTC-9 / UTC-8),"west fork beaver creek, upstream of marathon road",Beaver Creek,STREAM,MAIN,TRUE,TRUE,TBD,FALSE
2022-09-05T00:00:00Z,14.792,beaver_creek_usgs_temp_3,60.65107,-151.09076,US/Alaska (UTC-9 / UTC-8),"west fork beaver creek, upstream of marathon road",Beaver Creek,STREAM,MAIN,TRUE,TRUE,TBD,FALSE
2022-09-05T00:15:00Z,14.697,beaver_creek_usgs_temp_3,60.65107,-151.09076,US/Alaska (UTC-9 / UTC-8),"west fork beaver creek, upstream of marathon road",Beaver Creek,STREAM,MAIN,TRUE,TRUE,TBD,FALSE
2022-09-05T00:30:00Z,14.601,beaver_creek_usgs_temp_3,60.65107,-151.09076,US/Alaska (UTC-9 / UTC-8),"west fork beaver creek, upstream of marathon road",Beaver Creek,STREAM,MAIN,TRUE,TRUE,TBD,FALSE
2022-09-05T00:45:00Z,14.529,beaver_creek_usgs_temp_3,60.65107,-151.09076,US/Alaska (UTC-9 / UTC-8),"west fork beaver creek, upstream of marathon road",Beaver Creek,STREAM,MAIN,TRUE,TRUE,TBD,FALSE
2022-09-05T01:00:00Z,14.433,beaver_creek_usgs_temp_3,60.65107,-151.09076,US/Alaska (UTC-9 / UTC-8),"west fork beaver creek, upstream of marathon road",Beaver Creek,STREAM,MAIN,TRUE,TRUE,TBD,FALSE
2022-09-05T01:15:00Z,14.337,beaver_creek_usgs_temp_3,60.65107,-151.09076,US/Alaska (UTC-9 / UTC-8),"west fork beaver creek, upstream of marathon road",Beaver Creek,STREAM,MAIN,TRUE,TRUE,TBD,FALSE
2022-09-05T01:30:00Z,14.266,beaver_creek_usgs_temp_3,60.65107,-151.09076,US/Alaska (UTC-9 / UTC-8),"west fork beaver creek, upstream of marathon road",Beaver Creek,STREAM,MAIN,TRUE,TRUE,TBD,FALSE
2022-09-05T01:45:00Z,14.17,beaver_creek_usgs_temp_3,60.65107,-151.09076,US/Alaska (UTC-9 / UTC-8),"west fork beaver creek, upstream of marathon road",Beaver Creek,STREAM,MAIN,TRUE,TRUE,TBD,FALSE
2022-09-05T02:00:00Z,14.098,beaver_creek_usgs_temp_3,60.65107,-151.09076,US/Alaska (UTC-9 / UTC-8),"west fork beaver creek, upstream of marathon road",Beaver Creek,STREAM,MAIN,TRUE,TRUE,TBD,FALSE
2022-09-05T02:15:00Z,14.002,beaver_creek_usgs_temp_3,60.65107,-151.09076,US/Alaska (UTC-9 / UTC-8),"west fork beaver creek, upstream of marathon road",Beaver Creek,STREAM,MAIN,TRUE,TRUE,TBD,FALSE
2022-09-05T02:30:00Z,13.93,beaver_creek_usgs_temp_3,60.65107,-151.09076,US/Alaska (UTC-9 / UTC-8),"west fork beaver creek, upstream of marathon road",Beaver Creek,STREAM,MAIN,TRUE,TRUE,TBD,FALSE
2022-09-05T02:45:00Z,13.834,beaver_creek_usgs_temp_3,60.65107,-151.09076,US/Alaska (UTC-9 / UTC-8),"west fork beaver creek, upstream of marathon road",Beaver Creek,STREAM,MAIN,TRUE,TRUE,TBD,FALSE
2022-09-05T03:00:00Z,13.738,beaver_creek_usgs_temp_3,60.65107,-151.09076,US/Alaska (UTC-9 / UTC-8),"west fork beaver creek, upstream of marathon road",Beaver Creek,STREAM,MAIN,TRUE,TRUE,TBD,FALSE
2022-09-05T03:15:00Z,13.642,beaver_creek_usgs_temp_3,60.65107,-151.09076,US/Alaska (UTC-9 / UTC-8),"west fork beaver creek, upstream of marathon road",Beaver Creek,STREAM,MAIN,TRUE,TRUE,TBD,FALSE
2022-09-05T03:30:00Z,13.546,beaver_creek_usgs_temp_3,60.65107,-151.09076,US/Alaska (UTC-9 / UTC-8),"west fork beaver creek, upstream of marathon road",Beaver Creek,STREAM,MAIN,TRUE,TRUE,TBD,FALSE
2022-09-05T03:45:00Z,13.473,beaver_creek_usgs_temp_3,60.65107,-151.09076,US/Alaska (UTC-9 / UTC-8),"west fork beaver creek, upstream of marathon road",Beaver Creek,STREAM,MAIN,TRUE,TRUE,TBD,FALSE
2022-09-05T04:00:00Z,13.377,beaver_creek_usgs_temp_3,60.65107,-151.09076,US/Alaska (UTC-9 / UTC-8),"west fork beaver creek, upstream of marathon road",Beaver Creek,STREAM,MAIN,TRUE,TRUE,TBD,FALSE
2022-09-05T04:15:00Z,13.281,beaver_creek_usgs_temp_3,60.65107,-151.09076,US/Alaska (UTC-9 / UTC-8),"west fork beaver creek, upstream of marathon road",Beaver Creek,STREAM,MAIN,TRUE,TRUE,TBD,FALSE
2022-09-05T04:30:00Z,13.185,beaver_creek_usgs_temp_3,60.65107,-151.09076,US/Alaska (UTC-9 / UTC-8),"west fork beaver creek, upstream of marathon road",Beaver Creek,STREAM,MAIN,TRUE,TRUE,TBD,FALSE
2022-09-05T04:45:00Z,13.088,beaver_creek_usgs_temp_3,60.65107,-151.09076,US/Alaska (UTC-9 / UTC-8),"west fork beaver creek, upstream of marathon road",Beaver Creek,STREAM,MAIN,TRUE,TRUE,TBD,FALSE
2022-09-05T05:00:00Z,12.992,beaver_creek_usgs_temp_3,60.65107,-151.09076,US/Alaska (UTC-9 / UTC-8),"west fork beaver creek, upstream of marathon road",Beaver Creek,STREAM,MAIN,TRUE,TRUE,TBD,FALSE
2022-09-05T05:15:00Z,12.896,beaver_creek_usgs_temp_3,60.65107,-151.09076,US/Alaska (UTC-9 / UTC-8),"west fork beaver creek, upstream of marathon road",Beaver Creek,STREAM,MAIN,TRUE,TRUE,TBD,FALSE
2022-09-05T05:30:00Z,12.823,beaver_creek_usgs_temp_3,60.65107,-151.09076,US/Alaska (UTC-9 / UTC-8),"west fork beaver creek, upstream of marathon road",Beaver Creek,STREAM,MAIN,TRUE,TRUE,TBD,FALSE
2022-09-05T05:45:00Z,12.703,beaver_creek_usgs_temp_3,60.65107,-151.09076,US/Alaska (UTC-9 / UTC-8),"west fork beaver creek, upstream of marathon road",Beaver Creek,STREAM,MAIN,TRUE,TRUE,TBD,FALSE
2022-09-05T06:00:00Z,12.606,beaver_creek_usgs_temp_3,60.65107,-151.09076,US/Alaska (UTC-9 / UTC-8),"west fork beaver creek, upstream of marathon road",Beaver Creek,STREAM,MAIN,TRUE,TRUE,TBD,FALSE
2022-09-05T06:15:00Z,12.485,beaver_creek_usgs_temp_3,60.65107,-151.09076,US/Alaska (UTC-9 / UTC-8),"west fork beaver creek, upstream of marathon road",Beaver Creek,STREAM,MAIN,TRUE,TRUE,TBD,FALSE
2022-09-05T06:30:00Z,12.413,beaver_creek_usgs_temp_3,60.65107,-151.09076,US/Alaska (UTC-9 / UTC-8),"west fork beaver creek, upstream of marathon road",Beaver Creek,STREAM,MAIN,TRUE,TRUE,TBD,FALSE
2022-09-05T06:45:00Z,12.292,beaver_creek_usgs_temp_3,60.65107,-151.09076,US/Alaska (UTC-9 / UTC-8),"west fork beaver creek, upstream of marathon road",Beaver Creek,STREAM,MAIN,TRUE,TRUE,TBD,FALSE
2022-09-05T07:00:00Z,12.195,beaver_creek_usgs_temp_3,60.65107,-151.09076,US/Alaska (UTC-9 / UTC-8),"west fork beaver creek, upstream of marathon road",Beaver Creek,STREAM,MAIN,TRUE,TRUE,TBD,FALSE
2022-09-05T07:15:00Z,12.098,beaver_creek_usgs_temp_3,60.65107,-151.09076,US/Alaska (UTC-9 / UTC-8),"west fork beaver creek, upstream of marathon road",Beaver Creek,STREAM,MAIN,TRUE,TRUE,TBD,FALSE
2022-09-05T07:30:00Z,12.025,beaver_creek_usgs_temp_3,60.65107,-151.09076,US/Alaska (UTC-9 / UTC-8),"west fork beaver creek, upstream of marathon road",Beaver Creek,STREAM,MAIN,TRUE,TRUE,TBD,FALSE
2022-09-05T07:45:00Z,11.977,beaver_creek_usgs_temp_3,60.65107,-151.09076,US/Alaska (UTC-9 / UTC-8),"west fork beaver creek, upstream of marathon road",Beaver Creek,STREAM,MAIN,TRUE,TRUE,TBD,FALSE
2022-09-05T08:00:00Z,11.904,beaver_creek_usgs_temp_3,60.65107,-151.09076,US/Alaska (UTC-9 / UTC-8),"west fork beaver creek, upstream of marathon road",Beaver Creek,STREAM,MAIN,TRUE,TRUE,TBD,FALSE
2022-09-05T08:15:00Z,11.832,beaver_creek_usgs_temp_3,60.65107,-151.09076,US/Alaska (UTC-9 / UTC-8),"west fork beaver creek, upstream of marathon road",Beaver Creek,STREAM,MAIN,TRUE,TRUE,TBD,FALSE
2022-09-05T08:30:00Z,11.783,beaver_creek_usgs_temp_3,60.65107,-151.09076,US/Alaska (UTC-9 / UTC-8),"west fork beaver creek, upstream of marathon road",Beaver Creek,STREAM,MAIN,TRUE,TRUE,TBD,FALSE
2022-09-05T08:45:00Z,11.71,beaver_creek_usgs_temp_3,60.65107,-151.09076,US/Alaska (UTC-9 / UTC-8),"west fork beaver creek, upstream of marathon road",Beaver Creek,STREAM,MAIN,TRUE,TRUE,TBD,FALSE
2022-09-05T09:00:00Z,11.686,beaver_creek_usgs_temp_3,60.65107,-151.09076,US/Alaska (UTC-9 / UTC-8),"west fork beaver creek, upstream of marathon road",Beaver Creek,STREAM,MAIN,TRUE,TRUE,TBD,FALSE
2022-09-05T09:15:00Z,11.637,beaver_creek_usgs_temp_3,60.65107,-151.09076,US/Alaska (UTC-9 / UTC-8),"west fork beaver creek, upstream of marathon road",Beaver Creek,STREAM,MAIN,TRUE,TRUE,TBD,FALSE
2022-09-05T09:30:00Z,11.589,beaver_creek_usgs_temp_3,60.65107,-151.09076,US/Alaska (UTC-9 / UTC-8),"west fork beaver creek, upstream of marathon road",Beaver Creek,STREAM,MAIN,TRUE,TRUE,TBD,FALSE
2022-09-05T09:45:00Z,11.589,beaver_creek_usgs_temp_3,60.65107,-151.09076,US/Alaska (UTC-9 / UTC-8),"west fork beaver creek, upstream of marathon road",Beaver Creek,STREAM,MAIN,TRUE,TRUE,TBD,FALSE
2022-09-05T10:00:00Z,11.589,beaver_creek_usgs_temp_3,60.65107,-151.09076,US/Alaska (UTC-9 / UTC-8),"west fork beaver creek, upstream of marathon road",Beaver Creek,STREAM,MAIN,TRUE,TRUE,TBD,FALSE
2022-09-05T10:15:00Z,11.637,beaver_creek_usgs_temp_3,60.65107,-151.09076,US/Alaska (UTC-9 / UTC-8),"west fork beaver creek, upstream of marathon road",Beaver Creek,STREAM,MAIN,TRUE,TRUE,TBD,FALSE
2022-09-05T10:30:00Z,11.662,beaver_creek_usgs_temp_3,60.65107,-151.09076,US/Alaska (UTC-9 / UTC-8),"west fork beaver creek, upstream of marathon road",Beaver Creek,STREAM,MAIN,TRUE,TRUE,TBD,FALSE
2022-09-05T10:45:00Z,11.686,beaver_creek_usgs_temp_3,60.65107,-151.09076,US/Alaska (UTC-9 / UTC-8),"west fork beaver creek, upstream of marathon road",Beaver Creek,STREAM,MAIN,TRUE,TRUE,TBD,FALSE
2022-09-05T11:00:00Z,11.734,beaver_creek_usgs_temp_3,60.65107,-151.09076,US/Alaska (UTC-9 / UTC-8),"west fork beaver creek, upstream of marathon road",Beaver Creek,STREAM,MAIN,TRUE,TRUE,TBD,FALSE
2022-09-05T11:15:00Z,11.832,beaver_creek_usgs_temp_3,60.65107,-151.09076,US/Alaska (UTC-9 / UTC-8),"west fork beaver creek, upstream of marathon road",Beaver Creek,STREAM,MAIN,TRUE,TRUE,TBD,FALSE
2022-09-05T11:30:00Z,11.929,beaver_creek_usgs_temp_3,60.65107,-151.09076,US/Alaska (UTC-9 / UTC-8),"west fork beaver creek, upstream of marathon road",Beaver Creek,STREAM,MAIN,TRUE,TRUE,TBD,FALSE
2022-09-05T11:45:00Z,12.025,beaver_creek_usgs_temp_3,60.65107,-151.09076,US/Alaska (UTC-9 / UTC-8),"west fork beaver creek, upstream of marathon road",Beaver Creek,STREAM,MAIN,TRUE,TRUE,TBD,FALSE
2022-09-05T12:00:00Z,12.171,beaver_creek_usgs_temp_3,60.65107,-151.09076,US/Alaska (UTC-9 / UTC-8),"west fork beaver creek, upstream of marathon road",Beaver Creek,STREAM,MAIN,TRUE,TRUE,TBD,FALSE
2022-09-05T12:15:00Z,12.268,beaver_creek_usgs_temp_3,60.65107,-151.09076,US/Alaska (UTC-9 / UTC-8),"west fork beaver creek, upstream of marathon road",Beaver Creek,STREAM,MAIN,TRUE,TRUE,TBD,FALSE
2022-09-05T12:30:00Z,12.413,beaver_creek_usgs_temp_3,60.65107,-151.09076,US/Alaska (UTC-9 / UTC-8),"west fork beaver creek, upstream of marathon road",Beaver Creek,STREAM,MAIN,TRUE,TRUE,TBD,FALSE
2022-09-05T12:45:00Z,12.534,beaver_creek_usgs_temp_3,60.65107,-151.09076,US/Alaska (UTC-9 / UTC-8),"west fork beaver creek, upstream of marathon road",Beaver Creek,STREAM,MAIN,TRUE,TRUE,TBD,FALSE
2022-09-05T13:00:00Z,12.654,beaver_creek_usgs_temp_3,60.65107,-151.09076,US/Alaska (UTC-9 / UTC-8),"west fork beaver creek, upstream of marathon road",Beaver Creek,STREAM,MAIN,TRUE,TRUE,TBD,FALSE
2022-09-05T13:15:00Z,12.799,beaver_creek_usgs_temp_3,60.65107,-151.09076,US/Alaska (UTC-9 / UTC-8),"west fork beaver creek, upstream of marathon road",Beaver Creek,STREAM,MAIN,TRUE,TRUE,TBD,FALSE
2022-09-05T13:30:00Z,12.92,beaver_creek_usgs_temp_3,60.65107,-151.09076,US/Alaska (UTC-9 / UTC-8),"west fork beaver creek, upstream of marathon road",Beaver Creek,STREAM,MAIN,TRUE,TRUE,TBD,FALSE
2022-09-05T13:45:00Z,13.137,beaver_creek_usgs_temp_3,60.65107,-151.09076,US/Alaska (UTC-9 / UTC-8),"west fork beaver creek, upstream of marathon road",Beaver Creek,STREAM,MAIN,TRUE,TRUE,TBD,FALSE
2022-09-05T14:00:00Z,13.377,beaver_creek_usgs_temp_3,60.65107,-151.09076,US/Alaska (UTC-9 / UTC-8),"west fork beaver creek, upstream of marathon road",Beaver Creek,STREAM,MAIN,TRUE,TRUE,TBD,FALSE
2022-09-05T14:15:00Z,13.594,beaver_creek_usgs_temp_3,60.65107,-151.09076,US/Alaska (UTC-9 / UTC-8),"west fork beaver creek, upstream of marathon road",Beaver Creek,STREAM,MAIN,TRUE,TRUE,TBD,FALSE
2022-09-05T14:30:00Z,13.738,beaver_creek_usgs_temp_3,60.65107,-151.09076,US/Alaska (UTC-9 / UTC-8),"west fork beaver creek, upstream of marathon road",Beaver Creek,STREAM,MAIN,TRUE,TRUE,TBD,FALSE
2022-09-05T14:45:00Z,13.906,beaver_creek_usgs_temp_3,60.65107,-151.09076,US/Alaska (UTC-9 / UTC-8),"west fork beaver creek, upstream of marathon road",Beaver Creek,STREAM,MAIN,TRUE,TRUE,TBD,FALSE
2022-09-05T15:00:00Z,14.002,beaver_creek_usgs_temp_3,60.65107,-151.09076,US/Alaska (UTC-9 / UTC-8),"west fork beaver creek, upstream of marathon road",Beaver Creek,STREAM,MAIN,TRUE,TRUE,TBD,FALSE
2022-09-05T15:15:00Z,14.194,beaver_creek_usgs_temp_3,60.65107,-151.09076,US/Alaska (UTC-9 / UTC-8),"west fork beaver creek, upstream of marathon road",Beaver Creek,STREAM,MAIN,TRUE,TRUE,TBD,FALSE
2022-09-05T15:30:00Z,14.242,beaver_creek_usgs_temp_3,60.65107,-151.09076,US/Alaska (UTC-9 / UTC-8),"west fork beaver creek, upstream of marathon road",Beaver Creek,STREAM,MAIN,TRUE,TRUE,TBD,FALSE
2022-09-05T15:45:00Z,14.29,beaver_creek_usgs_temp_3,60.65107,-151.09076,US/Alaska (UTC-9 / UTC-8),"west fork beaver creek, upstream of marathon road",Beaver Creek,STREAM,MAIN,TRUE,TRUE,TBD,FALSE
2022-09-05T16:00:00Z,14.385,beaver_creek_usgs_temp_3,60.65107,-151.09076,US/Alaska (UTC-9 / UTC-8),"west fork beaver creek, upstream of marathon road",Beaver Creek,STREAM,MAIN,TRUE,TRUE,TBD,FALSE
2022-09-05T16:15:00Z,14.577,beaver_creek_usgs_temp_3,60.65107,-151.09076,US/Alaska (UTC-9 / UTC-8),"west fork beaver creek, upstream of marathon road",Beaver Creek,STREAM,MAIN,TRUE,TRUE,TBD,FALSE
2022-09-05T16:30:00Z,14.721,beaver_creek_usgs_temp_3,60.65107,-151.09076,US/Alaska (UTC-9 / UTC-8),"west fork beaver creek, upstream of marathon road",Beaver Creek,STREAM,MAIN,TRUE,TRUE,TBD,FALSE
2022-09-05T16:45:00Z,14.816,beaver_creek_usgs_temp_3,60.65107,-151.09076,US/Alaska (UTC-9 / UTC-8),"west fork beaver creek, upstream of marathon road",Beaver Creek,STREAM,MAIN,TRUE,TRUE,TBD,FALSE
2022-09-05T17:00:00Z,14.96,beaver_creek_usgs_temp_3,60.65107,-151.09076,US/Alaska (UTC-9 / UTC-8),"west fork beaver creek, upstream of marathon road",Beaver Creek,STREAM,MAIN,TRUE,TRUE,TBD,FALSE
2022-09-05T17:15:00Z,15.055,beaver_creek_usgs_temp_3,60.65107,-151.09076,US/Alaska (UTC-9 / UTC-8),"west fork beaver creek, upstream of marathon road",Beaver Creek,STREAM,MAIN,TRUE,TRUE,TBD,FALSE
2022-09-05T17:30:00Z,15.151,beaver_creek_usgs_temp_3,60.65107,-151.09076,US/Alaska (UTC-9 / UTC-8),"west fork beaver creek, upstream of marathon road",Beaver Creek,STREAM,MAIN,TRUE,TRUE,TBD,FALSE
2022-09-05T17:45:00Z,15.223,beaver_creek_usgs_temp_3,60.65107,-151.09076,US/Alaska (UTC-9 / UTC-8),"west fork beaver creek, upstream of marathon road",Beaver Creek,STREAM,MAIN,TRUE,TRUE,TBD,FALSE
2022-09-05T18:00:00Z,15.27,beaver_creek_usgs_temp_3,60.65107,-151.09076,US/Alaska (UTC-9 / UTC-8),"west fork beaver creek, upstream of marathon road",Beaver Creek,STREAM,MAIN,TRUE,TRUE,TBD,FALSE
2022-09-05T18:15:00Z,15.366,beaver_creek_usgs_temp_3,60.65107,-151.09076,US/Alaska (UTC-9 / UTC-8),"west fork beaver creek, upstream of marathon road",Beaver Creek,STREAM,MAIN,TRUE,TRUE,TBD,FALSE
2022-09-05T18:30:00Z,15.461,beaver_creek_usgs_temp_3,60.65107,-151.09076,US/Alaska (UTC-9 / UTC-8),"west fork beaver creek, upstream of marathon road",Beaver Creek,STREAM,MAIN,TRUE,TRUE,TBD,FALSE
2022-09-05T18:45:00Z,15.485,beaver_creek_usgs_temp_3,60.65107,-151.09076,US/Alaska (UTC-9 / UTC-8),"west fork beaver creek, upstream of marathon road",Beaver Creek,STREAM,MAIN,TRUE,TRUE,TBD,FALSE
2022-09-05T19:00:00Z,15.485,beaver_creek_usgs_temp_3,60.65107,-151.09076,US/Alaska (UTC-9 / UTC-8),"west fork beaver creek, upstream of marathon road",Beaver Creek,STREAM,MAIN,TRUE,TRUE,TBD,FALSE
2022-09-05T19:15:00Z,15.509,beaver_creek_usgs_temp_3,60.65107,-151.09076,US/Alaska (UTC-9 / UTC-8),"west fork beaver creek, upstream of marathon road",Beaver Creek,STREAM,MAIN,TRUE,TRUE,TBD,FALSE
2022-09-05T19:30:00Z,15.509,beaver_creek_usgs_temp_3,60.65107,-151.09076,US/Alaska (UTC-9 / UTC-8),"west fork beaver creek, upstream of marathon road",Beaver Creek,STREAM,MAIN,TRUE,TRUE,TBD,FALSE
2022-09-05T19:45:00Z,15.533,beaver_creek_usgs_temp_3,60.65107,-151.09076,US/Alaska (UTC-9 / UTC-8),"west fork beaver creek, upstream of marathon road",Beaver Creek,STREAM,MAIN,TRUE,TRUE,TBD,FALSE
2022-09-05T20:00:00Z,15.509,beaver_creek_usgs_temp_3,60.65107,-151.09076,US/Alaska (UTC-9 / UTC-8),"west fork beaver creek, upstream of marathon road",Beaver Creek,STREAM,MAIN,TRUE,TRUE,TBD,FALSE
2022-09-05T20:15:00Z,15.509,beaver_creek_usgs_temp_3,60.65107,-151.09076,US/Alaska (UTC-9 / UTC-8),"west fork beaver creek, upstream of marathon road",Beaver Creek,STREAM,MAIN,TRUE,TRUE,TBD,FALSE
2022-09-05T20:30:00Z,15.509,beaver_creek_usgs_temp_3,60.65107,-151.09076,US/Alaska (UTC-9 / UTC-8),"west fork beaver creek, upstream of marathon road",Beaver Creek,STREAM,MAIN,TRUE,TRUE,TBD,FALSE
2022-09-05T20:45:00Z,15.509,beaver_creek_usgs_temp_3,60.65107,-151.09076,US/Alaska (UTC-9 / UTC-8),"west fork beaver creek, upstream of marathon road",Beaver Creek,STREAM,MAIN,TRUE,TRUE,TBD,FALSE
2022-09-05T21:00:00Z,15.533,beaver_creek_usgs_temp_3,60.65107,-151.09076,US/Alaska (UTC-9 / UTC-8),"west fork beaver creek, upstream of marathon road",Beaver Creek,STREAM,MAIN,TRUE,TRUE,TBD,FALSE
2022-09-05T21:15:00Z,15.533,beaver_creek_usgs_temp_3,60.65107,-151.09076,US/Alaska (UTC-9 / UTC-8),"west fork beaver creek, upstream of marathon road",Beaver Creek,STREAM,MAIN,TRUE,TRUE,TBD,FALSE
2022-09-05T21:30:00Z,15.533,beaver_creek_usgs_temp_3,60.65107,-151.09076,US/Alaska (UTC-9 / UTC-8),"west fork beaver creek, upstream of marathon road",Beaver Creek,STREAM,MAIN,TRUE,TRUE,TBD,FALSE
2022-09-05T21:45:00Z,15.509,beaver_creek_usgs_temp_3,60.65107,-151.09076,US/Alaska (UTC-9 / UTC-8),"west fork beaver creek, upstream of marathon road",Beaver Creek,STREAM,MAIN,TRUE,TRUE,TBD,FALSE
2022-09-05T22:00:00Z,15.509,beaver_creek_usgs_temp_3,60.65107,-151.09076,US/Alaska (UTC-9 / UTC-8),"west fork beaver creek, upstream of marathon road",Beaver Creek,STREAM,MAIN,TRUE,TRUE,TBD,FALSE
2022-09-05T22:15:00Z,15.485,beaver_creek_usgs_temp_3,60.65107,-151.09076,US/Alaska (UTC-9 / UTC-8),"west fork beaver creek, upstream of marathon road",Beaver Creek,STREAM,MAIN,TRUE,TRUE,TBD,FALSE
2022-09-05T22:30:00Z,15.438,beaver_creek_usgs_temp_3,60.65107,-151.09076,US/Alaska (UTC-9 / UTC-8),"west fork beaver creek, upstream of marathon road",Beaver Creek,STREAM,MAIN,TRUE,TRUE,TBD,FALSE
2022-09-05T22:45:00Z,15.414,beaver_creek_usgs_temp_3,60.65107,-151.09076,US/Alaska (UTC-9 / UTC-8),"west fork beaver creek, upstream of marathon road",Beaver Creek,STREAM,MAIN,TRUE,TRUE,TBD,FALSE
2022-09-05T23:00:00Z,15.366,beaver_creek_usgs_temp_3,60.65107,-151.09076,US/Alaska (UTC-9 / UTC-8),"west fork beaver creek, upstream of marathon road",Beaver Creek,STREAM,MAIN,TRUE,TRUE,TBD,FALSE
2022-09-05T23:15:00Z,15.318,beaver_creek_usgs_temp_3,60.65107,-151.09076,US/Alaska (UTC-9 / UTC-8),"west fork beaver creek, upstream of marathon road",Beaver Creek,STREAM,MAIN,TRUE,TRUE,TBD,FALSE
2022-09-05T23:30:00Z,15.294,beaver_creek_usgs_temp_3,60.65107,-151.09076,US/Alaska (UTC-9 / UTC-8),"west fork beaver creek, upstream of marathon road",Beaver Creek,STREAM,MAIN,TRUE,TRUE,TBD,FALSE
2022-09-05T23:45:00Z,15.247,beaver_creek_usgs_temp_3,60.65107,-151.09076,US/Alaska (UTC-9 / UTC-8),"west fork beaver creek, upstream of marathon road",Beaver Creek,STREAM,MAIN,TRUE,TRUE,TBD,FALSE
2022-09-06T00:00:00Z,15.199,beaver_creek_usgs_temp_3,60.65107,-151.09076,US/Alaska (UTC-9 / UTC-8),"west fork beaver creek, upstream of marathon road",Beaver Creek,STREAM,MAIN,TRUE,TRUE,TBD,FALSE
2022-09-06T00:15:00Z,15.175,beaver_creek_usgs_temp_3,60.65107,-151.09076,US/Alaska (UTC-9 / UTC-8),"west fork beaver creek, upstream of marathon road",Beaver Creek,STREAM,MAIN,TRUE,TRUE,TBD,FALSE
2022-09-06T00:30:00Z,15.127,beaver_creek_usgs_temp_3,60.65107,-151.09076,US/Alaska (UTC-9 / UTC-8),"west fork beaver creek, upstream of marathon road",Beaver Creek,STREAM,MAIN,TRUE,TRUE,TBD,FALSE
2022-09-06T00:45:00Z,15.103,beaver_creek_usgs_temp_3,60.65107,-151.09076,US/Alaska (UTC-9 / UTC-8),"west fork beaver creek, upstream of marathon road",Beaver Creek,STREAM,MAIN,TRUE,TRUE,TBD,FALSE
2022-09-06T01:00:00Z,15.055,beaver_creek_usgs_temp_3,60.65107,-151.09076,US/Alaska (UTC-9 / UTC-8),"west fork beaver creek, upstream of marathon road",Beaver Creek,STREAM,MAIN,TRUE,TRUE,TBD,FALSE
2022-09-06T01:15:00Z,15.031,beaver_creek_usgs_temp_3,60.65107,-151.09076,US/Alaska (UTC-9 / UTC-8),"west fork beaver creek, upstream of marathon road",Beaver Creek,STREAM,MAIN,TRUE,TRUE,TBD,FALSE
2022-09-06T01:30:00Z,14.984,beaver_creek_usgs_temp_3,60.65107,-151.09076,US/Alaska (UTC-9 / UTC-8),"west fork beaver creek, upstream of marathon road",Beaver Creek,STREAM,MAIN,TRUE,TRUE,TBD,FALSE
2022-09-06T01:45:00Z,14.96,beaver_creek_usgs_temp_3,60.65107,-151.09076,US/Alaska (UTC-9 / UTC-8),"west fork beaver creek, upstream of marathon road",Beaver Creek,STREAM,MAIN,TRUE,TRUE,TBD,FALSE
2022-09-06T02:00:00Z,14.912,beaver_creek_usgs_temp_3,60.65107,-151.09076,US/Alaska (UTC-9 / UTC-8),"west fork beaver creek, upstream of marathon road",Beaver Creek,STREAM,MAIN,TRUE,TRUE,TBD,FALSE
2022-09-06T02:15:00Z,14.888,beaver_creek_usgs_temp_3,60.65107,-151.09076,US/Alaska (UTC-9 / UTC-8),"west fork beaver creek, upstream of marathon road",Beaver Creek,STREAM,MAIN,TRUE,TRUE,TBD,FALSE
2022-09-06T02:30:00Z,14.864,beaver_creek_usgs_temp_3,60.65107,-151.09076,US/Alaska (UTC-9 / UTC-8),"west fork beaver creek, upstream of marathon road",Beaver Creek,STREAM,MAIN,TRUE,TRUE,TBD,FALSE
2022-09-06T02:45:00Z,14.816,beaver_creek_usgs_temp_3,60.65107,-151.09076,US/Alaska (UTC-9 / UTC-8),"west fork beaver creek, upstream of marathon road",Beaver Creek,STREAM,MAIN,TRUE,TRUE,TBD,FALSE
2022-09-06T03:00:00Z,14.792,beaver_creek_usgs_temp_3,60.65107,-151.09076,US/Alaska (UTC-9 / UTC-8),"west fork beaver creek, upstream of marathon road",Beaver Creek,STREAM,MAIN,TRUE,TRUE,TBD,FALSE
2022-09-06T03:15:00Z,14.768,beaver_creek_usgs_temp_3,60.65107,-151.09076,US/Alaska (UTC-9 / UTC-8),"west fork beaver creek, upstream of marathon road",Beaver Creek,STREAM,MAIN,TRUE,TRUE,TBD,FALSE
2022-09-06T03:30:00Z,14.697,beaver_creek_usgs_temp_3,60.65107,-151.09076,US/Alaska (UTC-9 / UTC-8),"west fork beaver creek, upstream of marathon road",Beaver Creek,STREAM,MAIN,TRUE,TRUE,TBD,FALSE
2022-09-06T03:45:00Z,14.673,beaver_creek_usgs_temp_3,60.65107,-151.09076,US/Alaska (UTC-9 / UTC-8),"west fork beaver creek, upstream of marathon road",Beaver Creek,STREAM,MAIN,TRUE,TRUE,TBD,FALSE
2022-09-06T04:00:00Z,14.601,beaver_creek_usgs_temp_3,60.65107,-151.09076,US/Alaska (UTC-9 / UTC-8),"west fork beaver creek, upstream of marathon road",Beaver Creek,STREAM,MAIN,TRUE,TRUE,TBD,FALSE
2022-09-06T04:15:00Z,14.577,beaver_creek_usgs_temp_3,60.65107,-151.09076,US/Alaska (UTC-9 / UTC-8),"west fork beaver creek, upstream of marathon road",Beaver Creek,STREAM,MAIN,TRUE,TRUE,TBD,FALSE
2022-09-06T04:30:00Z,14.505,beaver_creek_usgs_temp_3,60.65107,-151.09076,US/Alaska (UTC-9 / UTC-8),"west fork beaver creek, upstream of marathon road",Beaver Creek,STREAM,MAIN,TRUE,TRUE,TBD,FALSE
2022-09-06T04:45:00Z,14.457,beaver_creek_usgs_temp_3,60.65107,-151.09076,US/Alaska (UTC-9 / UTC-8),"west fork beaver creek, upstream of marathon road",Beaver Creek,STREAM,MAIN,TRUE,TRUE,TBD,FALSE
2022-09-06T05:00:00Z,14.409,beaver_creek_usgs_temp_3,60.65107,-151.09076,US/Alaska (UTC-9 / UTC-8),"west fork beaver creek, upstream of marathon road",Beaver Creek,STREAM,MAIN,TRUE,TRUE,TBD,FALSE
2022-09-06T05:15:00Z,14.385,beaver_creek_usgs_temp_3,60.65107,-151.09076,US/Alaska (UTC-9 / UTC-8),"west fork beaver creek, upstream of marathon road",Beaver Creek,STREAM,MAIN,TRUE,TRUE,TBD,FALSE
2022-09-06T05:30:00Z,14.314,beaver_creek_usgs_temp_3,60.65107,-151.09076,US/Alaska (UTC-9 / UTC-8),"west fork beaver creek, upstream of marathon road",Beaver Creek,STREAM,MAIN,TRUE,TRUE,TBD,FALSE
2022-09-06T05:45:00Z,14.266,beaver_creek_usgs_temp_3,60.65107,-151.09076,US/Alaska (UTC-9 / UTC-8),"west fork beaver creek, upstream of marathon road",Beaver Creek,STREAM,MAIN,TRUE,TRUE,TBD,FALSE
2022-09-06T06:00:00Z,14.242,beaver_creek_usgs_temp_3,60.65107,-151.09076,US/Alaska (UTC-9 / UTC-8),"west fork beaver creek, upstream of marathon road",Beaver Creek,STREAM,MAIN,TRUE,TRUE,TBD,FALSE
2022-09-06T06:15:00Z,14.17,beaver_creek_usgs_temp_3,60.65107,-151.09076,US/Alaska (UTC-9 / UTC-8),"west fork beaver creek, upstream of marathon road",Beaver Creek,STREAM,MAIN,TRUE,TRUE,TBD,FALSE
2022-09-06T06:30:00Z,14.098,beaver_creek_usgs_temp_3,60.65107,-151.09076,US/Alaska (UTC-9 / UTC-8),"west fork beaver creek, upstream of marathon road",Beaver Creek,STREAM,MAIN,TRUE,TRUE,TBD,FALSE
2022-09-06T06:45:00Z,14.05,beaver_creek_usgs_temp_3,60.65107,-151.09076,US/Alaska (UTC-9 / UTC-8),"west fork beaver creek, upstream of marathon road",Beaver Creek,STREAM,MAIN,TRUE,TRUE,TBD,FALSE
2022-09-06T07:00:00Z,14.002,beaver_creek_usgs_temp_3,60.65107,-151.09076,US/Alaska (UTC-9 / UTC-8),"west fork beaver creek, upstream of marathon road",Beaver Creek,STREAM,MAIN,TRUE,TRUE,TBD,FALSE
2022-09-06T07:15:00Z,13.93,beaver_creek_usgs_temp_3,60.65107,-151.09076,US/Alaska (UTC-9 / UTC-8),"west fork beaver creek, upstream of marathon road",Beaver Creek,STREAM,MAIN,TRUE,TRUE,TBD,FALSE
2022-09-06T07:30:00Z,13.882,beaver_creek_usgs_temp_3,60.65107,-151.09076,US/Alaska (UTC-9 / UTC-8),"west fork beaver creek, upstream of marathon road",Beaver Creek,STREAM,MAIN,TRUE,TRUE,TBD,FALSE
2022-09-06T07:45:00Z,13.81,beaver_creek_usgs_temp_3,60.65107,-151.09076,US/Alaska (UTC-9 / UTC-8),"west fork beaver creek, upstream of marathon road",Beaver Creek,STREAM,MAIN,TRUE,TRUE,TBD,FALSE
2022-09-06T08:00:00Z,13.762,beaver_creek_usgs_temp_3,60.65107,-151.09076,US/Alaska (UTC-9 / UTC-8),"west fork beaver creek, upstream of marathon road",Beaver Creek,STREAM,MAIN,TRUE,TRUE,TBD,FALSE
2022-09-06T08:15:00Z,13.69,beaver_creek_usgs_temp_3,60.65107,-151.09076,US/Alaska (UTC-9 / UTC-8),"west fork beaver creek, upstream of marathon road",Beaver Creek,STREAM,MAIN,TRUE,TRUE,TBD,FALSE
2022-09-06T08:30:00Z,13.666,beaver_creek_usgs_temp_3,60.65107,-151.09076,US/Alaska (UTC-9 / UTC-8),"west fork beaver creek, upstream of marathon road",Beaver Creek,STREAM,MAIN,TRUE,TRUE,TBD,FALSE
2022-09-06T08:45:00Z,13.618,beaver_creek_usgs_temp_3,60.65107,-151.09076,US/Alaska (UTC-9 / UTC-8),"west fork beaver creek, upstream of marathon road",Beaver Creek,STREAM,MAIN,TRUE,TRUE,TBD,FALSE
2022-09-06T09:00:00Z,13.594,beaver_creek_usgs_temp_3,60.65107,-151.09076,US/Alaska (UTC-9 / UTC-8),"west fork beaver creek, upstream of marathon road",Beaver Creek,STREAM,MAIN,TRUE,TRUE,TBD,FALSE
2022-09-06T09:15:00Z,13.57,beaver_creek_usgs_temp_3,60.65107,-151.09076,US/Alaska (UTC-9 / UTC-8),"west fork beaver creek, upstream of marathon road",Beaver Creek,STREAM,MAIN,TRUE,TRUE,TBD,FALSE
2022-09-06T09:30:00Z,13.522,beaver_creek_usgs_temp_3,60.65107,-151.09076,US/Alaska (UTC-9 / UTC-8),"west fork beaver creek, upstream of marathon road",Beaver Creek,STREAM,MAIN,TRUE,TRUE,TBD,FALSE
2022-09-06T09:45:00Z,13.497,beaver_creek_usgs_temp_3,60.65107,-151.09076,US/Alaska (UTC-9 / UTC-8),"west fork beaver creek, upstream of marathon road",Beaver Creek,STREAM,MAIN,TRUE,TRUE,TBD,FALSE
2022-09-06T10:00:00Z,13.473,beaver_creek_usgs_temp_3,60.65107,-151.09076,US/Alaska (UTC-9 / UTC-8),"west fork beaver creek, upstream of marathon road",Beaver Creek,STREAM,MAIN,TRUE,TRUE,TBD,FALSE
2022-09-06T10:15:00Z,13.473,beaver_creek_usgs_temp_3,60.65107,-151.09076,US/Alaska (UTC-9 / UTC-8),"west fork beaver creek, upstream of marathon road",Beaver Creek,STREAM,MAIN,TRUE,TRUE,TBD,FALSE
2022-09-06T10:30:00Z,13.473,beaver_creek_usgs_temp_3,60.65107,-151.09076,US/Alaska (UTC-9 / UTC-8),"west fork beaver creek, upstream of marathon road",Beaver Creek,STREAM,MAIN,TRUE,TRUE,TBD,FALSE
2022-09-06T10:45:00Z,13.473,beaver_creek_usgs_temp_3,60.65107,-151.09076,US/Alaska (UTC-9 / UTC-8),"west fork beaver creek, upstream of marathon road",Beaver Creek,STREAM,MAIN,TRUE,TRUE,TBD,FALSE
2022-09-06T11:00:00Z,13.473,beaver_creek_usgs_temp_3,60.65107,-151.09076,US/Alaska (UTC-9 / UTC-8),"west fork beaver creek, upstream of marathon road",Beaver Creek,STREAM,MAIN,TRUE,TRUE,TBD,FALSE
2022-09-06T11:15:00Z,13.449,beaver_creek_usgs_temp_3,60.65107,-151.09076,US/Alaska (UTC-9 / UTC-8),"west fork beaver creek, upstream of marathon road",Beaver Creek,STREAM,MAIN,TRUE,TRUE,TBD,FALSE
2022-09-06T11:30:00Z,13.425,beaver_creek_usgs_temp_3,60.65107,-151.09076,US/Alaska (UTC-9 / UTC-8),"west fork beaver creek, upstream of marathon road",Beaver Creek,STREAM,MAIN,TRUE,TRUE,TBD,FALSE
2022-09-06T11:45:00Z,13.425,beaver_creek_usgs_temp_3,60.65107,-151.09076,US/Alaska (UTC-9 / UTC-8),"west fork beaver creek, upstream of marathon road",Beaver Creek,STREAM,MAIN,TRUE,TRUE,TBD,FALSE
2022-09-06T12:00:00Z,13.425,beaver_creek_usgs_temp_3,60.65107,-151.09076,US/Alaska (UTC-9 / UTC-8),"west fork beaver creek, upstream of marathon road",Beaver Creek,STREAM,MAIN,TRUE,TRUE,TBD,FALSE
2022-09-06T12:15:00Z,13.425,beaver_creek_usgs_temp_3,60.65107,-151.09076,US/Alaska (UTC-9 / UTC-8),"west fork beaver creek, upstream of marathon road",Beaver Creek,STREAM,MAIN,TRUE,TRUE,TBD,FALSE
2022-09-06T12:30:00Z,13.425,beaver_creek_usgs_temp_3,60.65107,-151.09076,US/Alaska (UTC-9 / UTC-8),"west fork beaver creek, upstream of marathon road",Beaver Creek,STREAM,MAIN,TRUE,TRUE,TBD,FALSE
2022-09-06T12:45:00Z,13.449,beaver_creek_usgs_temp_3,60.65107,-151.09076,US/Alaska (UTC-9 / UTC-8),"west fork beaver creek, upstream of marathon road",Beaver Creek,STREAM,MAIN,TRUE,TRUE,TBD,FALSE
2022-09-06T13:00:00Z,13.473,beaver_creek_usgs_temp_3,60.65107,-151.09076,US/Alaska (UTC-9 / UTC-8),"west fork beaver creek, upstream of marathon road",Beaver Creek,STREAM,MAIN,TRUE,TRUE,TBD,FALSE
2022-09-06T13:15:00Z,13.473,beaver_creek_usgs_temp_3,60.65107,-151.09076,US/Alaska (UTC-9 / UTC-8),"west fork beaver creek, upstream of marathon road",Beaver Creek,STREAM,MAIN,TRUE,TRUE,TBD,FALSE
2022-09-06T13:30:00Z,13.522,beaver_creek_usgs_temp_3,60.65107,-151.09076,US/Alaska (UTC-9 / UTC-8),"west fork beaver creek, upstream of marathon road",Beaver Creek,STREAM,MAIN,TRUE,TRUE,TBD,FALSE
2022-09-06T13:45:00Z,13.57,beaver_creek_usgs_temp_3,60.65107,-151.09076,US/Alaska (UTC-9 / UTC-8),"west fork beaver creek, upstream of marathon road",Beaver Creek,STREAM,MAIN,TRUE,TRUE,TBD,FALSE
2022-09-06T14:00:00Z,13.594,beaver_creek_usgs_temp_3,60.65107,-151.09076,US/Alaska (UTC-9 / UTC-8),"west fork beaver creek, upstream of marathon road",Beaver Creek,STREAM,MAIN,TRUE,TRUE,TBD,FALSE
2022-09-06T14:15:00Z,13.594,beaver_creek_usgs_temp_3,60.65107,-151.09076,US/Alaska (UTC-9 / UTC-8),"west fork beaver creek, upstream of marathon road",Beaver Creek,STREAM,MAIN,TRUE,TRUE,TBD,FALSE
2022-09-06T14:30:00Z,13.594,beaver_creek_usgs_temp_3,60.65107,-151.09076,US/Alaska (UTC-9 / UTC-8),"west fork beaver creek, upstream of marathon road",Beaver Creek,STREAM,MAIN,TRUE,TRUE,TBD,FALSE
2022-09-06T14:45:00Z,13.714,beaver_creek_usgs_temp_3,60.65107,-151.09076,US/Alaska (UTC-9 / UTC-8),"west fork beaver creek, upstream of marathon road",Beaver Creek,STREAM,MAIN,TRUE,TRUE,TBD,FALSE
2022-09-06T15:00:00Z,13.786,beaver_creek_usgs_temp_3,60.65107,-151.09076,US/Alaska (UTC-9 / UTC-8),"west fork beaver creek, upstream of marathon road",Beaver Creek,STREAM,MAIN,TRUE,TRUE,TBD,FALSE
2022-09-06T15:15:00Z,13.882,beaver_creek_usgs_temp_3,60.65107,-151.09076,US/Alaska (UTC-9 / UTC-8),"west fork beaver creek, upstream of marathon road",Beaver Creek,STREAM,MAIN,TRUE,TRUE,TBD,FALSE
2022-09-06T15:30:00Z,13.978,beaver_creek_usgs_temp_3,60.65107,-151.09076,US/Alaska (UTC-9 / UTC-8),"west fork beaver creek, upstream of marathon road",Beaver Creek,STREAM,MAIN,TRUE,TRUE,TBD,FALSE
2022-09-06T15:45:00Z,14.05,beaver_creek_usgs_temp_3,60.65107,-151.09076,US/Alaska (UTC-9 / UTC-8),"west fork beaver creek, upstream of marathon road",Beaver Creek,STREAM,MAIN,TRUE,TRUE,TBD,FALSE
2022-09-06T16:00:00Z,14.146,beaver_creek_usgs_temp_3,60.65107,-151.09076,US/Alaska (UTC-9 / UTC-8),"west fork beaver creek, upstream of marathon road",Beaver Creek,STREAM,MAIN,TRUE,TRUE,TBD,FALSE
2022-09-06T16:15:00Z,14.194,beaver_creek_usgs_temp_3,60.65107,-151.09076,US/Alaska (UTC-9 / UTC-8),"west fork beaver creek, upstream of marathon road",Beaver Creek,STREAM,MAIN,TRUE,TRUE,TBD,FALSE
2022-09-06T16:30:00Z,14.242,beaver_creek_usgs_temp_3,60.65107,-151.09076,US/Alaska (UTC-9 / UTC-8),"west fork beaver creek, upstream of marathon road",Beaver Creek,STREAM,MAIN,TRUE,TRUE,TBD,FALSE
2022-09-06T16:45:00Z,14.242,beaver_creek_usgs_temp_3,60.65107,-151.09076,US/Alaska (UTC-9 / UTC-8),"west fork beaver creek, upstream of marathon road",Beaver Creek,STREAM,MAIN,TRUE,TRUE,TBD,FALSE
2022-09-06T17:00:00Z,14.29,beaver_creek_usgs_temp_3,60.65107,-151.09076,US/Alaska (UTC-9 / UTC-8),"west fork beaver creek, upstream of marathon road",Beaver Creek,STREAM,MAIN,TRUE,TRUE,TBD,FALSE
2022-09-06T17:15:00Z,14.314,beaver_creek_usgs_temp_3,60.65107,-151.09076,US/Alaska (UTC-9 / UTC-8),"west fork beaver creek, upstream of marathon road",Beaver Creek,STREAM,MAIN,TRUE,TRUE,TBD,FALSE
2022-09-06T17:30:00Z,14.337,beaver_creek_usgs_temp_3,60.65107,-151.09076,US/Alaska (UTC-9 / UTC-8),"west fork beaver creek, upstream of marathon road",Beaver Creek,STREAM,MAIN,TRUE,TRUE,TBD,FALSE
2022-09-06T17:45:00Z,14.361,beaver_creek_usgs_temp_3,60.65107,-151.09076,US/Alaska (UTC-9 / UTC-8),"west fork beaver creek, upstream of marathon road",Beaver Creek,STREAM,MAIN,TRUE,TRUE,TBD,FALSE
2022-09-06T18:00:00Z,14.385,beaver_creek_usgs_temp_3,60.65107,-151.09076,US/Alaska (UTC-9 / UTC-8),"west fork beaver creek, upstream of marathon road",Beaver Creek,STREAM,MAIN,TRUE,TRUE,TBD,FALSE
2022-09-06T18:15:00Z,14.409,beaver_creek_usgs_temp_3,60.65107,-151.09076,US/Alaska (UTC-9 / UTC-8),"west fork beaver creek, upstream of marathon road",Beaver Creek,STREAM,MAIN,TRUE,TRUE,TBD,FALSE
2022-09-06T18:30:00Z,14.433,beaver_creek_usgs_temp_3,60.65107,-151.09076,US/Alaska (UTC-9 / UTC-8),"west fork beaver creek, upstream of marathon road",Beaver Creek,STREAM,MAIN,TRUE,TRUE,TBD,FALSE
2022-09-06T18:45:00Z,14.433,beaver_creek_usgs_temp_3,60.65107,-151.09076,US/Alaska (UTC-9 / UTC-8),"west fork beaver creek, upstream of marathon road",Beaver Creek,STREAM,MAIN,TRUE,TRUE,TBD,FALSE
2022-09-06T19:00:00Z,14.409,beaver_creek_usgs_temp_3,60.65107,-151.09076,US/Alaska (UTC-9 / UTC-8),"west fork beaver creek, upstream of marathon road",Beaver Creek,STREAM,MAIN,TRUE,TRUE,TBD,FALSE
2022-09-06T19:15:00Z,14.409,beaver_creek_usgs_temp_3,60.65107,-151.09076,US/Alaska (UTC-9 / UTC-8),"west fork beaver creek, upstream of marathon road",Beaver Creek,STREAM,MAIN,TRUE,TRUE,TBD,FALSE
2022-09-06T19:30:00Z,14.409,beaver_creek_usgs_temp_3,60.65107,-151.09076,US/Alaska (UTC-9 / UTC-8),"west fork beaver creek, upstream of marathon road",Beaver Creek,STREAM,MAIN,TRUE,TRUE,TBD,FALSE
2022-09-06T19:45:00Z,14.385,beaver_creek_usgs_temp_3,60.65107,-151.09076,US/Alaska (UTC-9 / UTC-8),"west fork beaver creek, upstream of marathon road",Beaver Creek,STREAM,MAIN,TRUE,TRUE,TBD,FALSE
2022-09-06T20:00:00Z,14.361,beaver_creek_usgs_temp_3,60.65107,-151.09076,US/Alaska (UTC-9 / UTC-8),"west fork beaver creek, upstream of marathon road",Beaver Creek,STREAM,MAIN,TRUE,TRUE,TBD,FALSE
2022-09-06T20:15:00Z,14.337,beaver_creek_usgs_temp_3,60.65107,-151.09076,US/Alaska (UTC-9 / UTC-8),"west fork beaver creek, upstream of marathon road",Beaver Creek,STREAM,MAIN,TRUE,TRUE,TBD,FALSE
2022-09-06T20:30:00Z,14.314,beaver_creek_usgs_temp_3,60.65107,-151.09076,US/Alaska (UTC-9 / UTC-8),"west fork beaver creek, upstream of marathon road",Beaver Creek,STREAM,MAIN,TRUE,TRUE,TBD,FALSE
2022-09-06T20:45:00Z,14.29,beaver_creek_usgs_temp_3,60.65107,-151.09076,US/Alaska (UTC-9 / UTC-8),"west fork beaver creek, upstream of marathon road",Beaver Creek,STREAM,MAIN,TRUE,TRUE,TBD,FALSE
2022-09-06T21:00:00Z,14.266,beaver_creek_usgs_temp_3,60.65107,-151.09076,US/Alaska (UTC-9 / UTC-8),"west fork beaver creek, upstream of marathon road",Beaver Creek,STREAM,MAIN,TRUE,TRUE,TBD,FALSE
2022-09-06T21:15:00Z,14.218,beaver_creek_usgs_temp_3,60.65107,-151.09076,US/Alaska (UTC-9 / UTC-8),"west fork beaver creek, upstream of marathon road",Beaver Creek,STREAM,MAIN,TRUE,TRUE,TBD,FALSE
2022-09-06T21:30:00Z,14.194,beaver_creek_usgs_temp_3,60.65107,-151.09076,US/Alaska (UTC-9 / UTC-8),"west fork beaver creek, upstream of marathon road",Beaver Creek,STREAM,MAIN,TRUE,TRUE,TBD,FALSE
2022-09-06T21:45:00Z,14.146,beaver_creek_usgs_temp_3,60.65107,-151.09076,US/Alaska (UTC-9 / UTC-8),"west fork beaver creek, upstream of marathon road",Beaver Creek,STREAM,MAIN,TRUE,TRUE,TBD,FALSE
2022-09-06T22:00:00Z,14.122,beaver_creek_usgs_temp_3,60.65107,-151.09076,US/Alaska (UTC-9 / UTC-8),"west fork beaver creek, upstream of marathon road",Beaver Creek,STREAM,MAIN,TRUE,TRUE,TBD,FALSE
2022-09-06T22:15:00Z,14.074,beaver_creek_usgs_temp_3,60.65107,-151.09076,US/Alaska (UTC-9 / UTC-8),"west fork beaver creek, upstream of marathon road",Beaver Creek,STREAM,MAIN,TRUE,TRUE,TBD,FALSE
2022-09-06T22:30:00Z,14.026,beaver_creek_usgs_temp_3,60.65107,-151.09076,US/Alaska (UTC-9 / UTC-8),"west fork beaver creek, upstream of marathon road",Beaver Creek,STREAM,MAIN,TRUE,TRUE,TBD,FALSE
2022-09-06T22:45:00Z,13.978,beaver_creek_usgs_temp_3,60.65107,-151.09076,US/Alaska (UTC-9 / UTC-8),"west fork beaver creek, upstream of marathon road",Beaver Creek,STREAM,MAIN,TRUE,TRUE,TBD,FALSE
2022-09-06T23:00:00Z,13.93,beaver_creek_usgs_temp_3,60.65107,-151.09076,US/Alaska (UTC-9 / UTC-8),"west fork beaver creek, upstream of marathon road",Beaver Creek,STREAM,MAIN,TRUE,TRUE,TBD,FALSE
2022-09-06T23:15:00Z,13.882,beaver_creek_usgs_temp_3,60.65107,-151.09076,US/Alaska (UTC-9 / UTC-8),"west fork beaver creek, upstream of marathon road",Beaver Creek,STREAM,MAIN,TRUE,TRUE,TBD,FALSE
2022-09-06T23:30:00Z,13.834,beaver_creek_usgs_temp_3,60.65107,-151.09076,US/Alaska (UTC-9 / UTC-8),"west fork beaver creek, upstream of marathon road",Beaver Creek,STREAM,MAIN,TRUE,TRUE,TBD,FALSE
2022-09-06T23:45:00Z,13.81,beaver_creek_usgs_temp_3,60.65107,-151.09076,US/Alaska (UTC-9 / UTC-8),"west fork beaver creek, upstream of marathon road",Beaver Creek,STREAM,MAIN,TRUE,TRUE,TBD,FALSE
2022-09-07T00:00:00Z,13.762,beaver_creek_usgs_temp_3,60.65107,-151.09076,US/Alaska (UTC-9 / UTC-8),"west fork beaver creek, upstream of marathon road",Beaver Creek,STREAM,MAIN,TRUE,TRUE,TBD,FALSE
2022-09-07T00:15:00Z,13.714,beaver_creek_usgs_temp_3,60.65107,-151.09076,US/Alaska (UTC-9 / UTC-8),"west fork beaver creek, upstream of marathon road",Beaver Creek,STREAM,MAIN,TRUE,TRUE,TBD,FALSE
2022-09-07T00:30:00Z,13.69,beaver_creek_usgs_temp_3,60.65107,-151.09076,US/Alaska (UTC-9 / UTC-8),"west fork beaver creek, upstream of marathon road",Beaver Creek,STREAM,MAIN,TRUE,TRUE,TBD,FALSE
2022-09-07T00:45:00Z,13.618,beaver_creek_usgs_temp_3,60.65107,-151.09076,US/Alaska (UTC-9 / UTC-8),"west fork beaver creek, upstream of marathon road",Beaver Creek,STREAM,MAIN,TRUE,TRUE,TBD,FALSE
2022-09-07T01:00:00Z,13.57,beaver_creek_usgs_temp_3,60.65107,-151.09076,US/Alaska (UTC-9 / UTC-8),"west fork beaver creek, upstream of marathon road",Beaver Creek,STREAM,MAIN,TRUE,TRUE,TBD,FALSE
2022-09-07T01:15:00Z,13.497,beaver_creek_usgs_temp_3,60.65107,-151.09076,US/Alaska (UTC-9 / UTC-8),"west fork beaver creek, upstream of marathon road",Beaver Creek,STREAM,MAIN,TRUE,TRUE,TBD,FALSE
2022-09-07T01:30:00Z,13.449,beaver_creek_usgs_temp_3,60.65107,-151.09076,US/Alaska (UTC-9 / UTC-8),"west fork beaver creek, upstream of marathon road",Beaver Creek,STREAM,MAIN,TRUE,TRUE,TBD,FALSE
2022-09-07T01:45:00Z,13.377,beaver_creek_usgs_temp_3,60.65107,-151.09076,US/Alaska (UTC-9 / UTC-8),"west fork beaver creek, upstream of marathon road",Beaver Creek,STREAM,MAIN,TRUE,TRUE,TBD,FALSE
2022-09-07T02:00:00Z,13.353,beaver_creek_usgs_temp_3,60.65107,-151.09076,US/Alaska (UTC-9 / UTC-8),"west fork beaver creek, upstream of marathon road",Beaver Creek,STREAM,MAIN,TRUE,TRUE,TBD,FALSE
2022-09-07T02:15:00Z,13.305,beaver_creek_usgs_temp_3,60.65107,-151.09076,US/Alaska (UTC-9 / UTC-8),"west fork beaver creek, upstream of marathon road",Beaver Creek,STREAM,MAIN,TRUE,TRUE,TBD,FALSE
2022-09-07T02:30:00Z,13.281,beaver_creek_usgs_temp_3,60.65107,-151.09076,US/Alaska (UTC-9 / UTC-8),"west fork beaver creek, upstream of marathon road",Beaver Creek,STREAM,MAIN,TRUE,TRUE,TBD,FALSE
2022-09-07T02:45:00Z,13.209,beaver_creek_usgs_temp_3,60.65107,-151.09076,US/Alaska (UTC-9 / UTC-8),"west fork beaver creek, upstream of marathon road",Beaver Creek,STREAM,MAIN,TRUE,TRUE,TBD,FALSE
2022-09-07T03:00:00Z,13.161,beaver_creek_usgs_temp_3,60.65107,-151.09076,US/Alaska (UTC-9 / UTC-8),"west fork beaver creek, upstream of marathon road",Beaver Creek,STREAM,MAIN,TRUE,TRUE,TBD,FALSE
2022-09-07T03:15:00Z,13.112,beaver_creek_usgs_temp_3,60.65107,-151.09076,US/Alaska (UTC-9 / UTC-8),"west fork beaver creek, upstream of marathon road",Beaver Creek,STREAM,MAIN,TRUE,TRUE,TBD,FALSE
2022-09-07T03:30:00Z,13.04,beaver_creek_usgs_temp_3,60.65107,-151.09076,US/Alaska (UTC-9 / UTC-8),"west fork beaver creek, upstream of marathon road",Beaver Creek,STREAM,MAIN,TRUE,TRUE,TBD,FALSE
2022-09-07T03:45:00Z,12.968,beaver_creek_usgs_temp_3,60.65107,-151.09076,US/Alaska (UTC-9 / UTC-8),"west fork beaver creek, upstream of marathon road",Beaver Creek,STREAM,MAIN,TRUE,TRUE,TBD,FALSE
2022-09-07T04:00:00Z,12.92,beaver_creek_usgs_temp_3,60.65107,-151.09076,US/Alaska (UTC-9 / UTC-8),"west fork beaver creek, upstream of marathon road",Beaver Creek,STREAM,MAIN,TRUE,TRUE,TBD,FALSE
2022-09-07T04:15:00Z,12.847,beaver_creek_usgs_temp_3,60.65107,-151.09076,US/Alaska (UTC-9 / UTC-8),"west fork beaver creek, upstream of marathon road",Beaver Creek,STREAM,MAIN,TRUE,TRUE,TBD,FALSE
2022-09-07T04:30:00Z,12.799,beaver_creek_usgs_temp_3,60.65107,-151.09076,US/Alaska (UTC-9 / UTC-8),"west fork beaver creek, upstream of marathon road",Beaver Creek,STREAM,MAIN,TRUE,TRUE,TBD,FALSE
2022-09-07T04:45:00Z,12.727,beaver_creek_usgs_temp_3,60.65107,-151.09076,US/Alaska (UTC-9 / UTC-8),"west fork beaver creek, upstream of marathon road",Beaver Creek,STREAM,MAIN,TRUE,TRUE,TBD,FALSE
2022-09-07T05:00:00Z,12.678,beaver_creek_usgs_temp_3,60.65107,-151.09076,US/Alaska (UTC-9 / UTC-8),"west fork beaver creek, upstream of marathon road",Beaver Creek,STREAM,MAIN,TRUE,TRUE,TBD,FALSE
2022-09-07T05:15:00Z,12.63,beaver_creek_usgs_temp_3,60.65107,-151.09076,US/Alaska (UTC-9 / UTC-8),"west fork beaver creek, upstream of marathon road",Beaver Creek,STREAM,MAIN,TRUE,TRUE,TBD,FALSE
2022-09-07T05:30:00Z,12.582,beaver_creek_usgs_temp_3,60.65107,-151.09076,US/Alaska (UTC-9 / UTC-8),"west fork beaver creek, upstream of marathon road",Beaver Creek,STREAM,MAIN,TRUE,TRUE,TBD,FALSE
2022-09-07T05:45:00Z,12.558,beaver_creek_usgs_temp_3,60.65107,-151.09076,US/Alaska (UTC-9 / UTC-8),"west fork beaver creek, upstream of marathon road",Beaver Creek,STREAM,MAIN,TRUE,TRUE,TBD,FALSE
2022-09-07T06:00:00Z,12.509,beaver_creek_usgs_temp_3,60.65107,-151.09076,US/Alaska (UTC-9 / UTC-8),"west fork beaver creek, upstream of marathon road",Beaver Creek,STREAM,MAIN,TRUE,TRUE,TBD,FALSE
2022-09-07T06:15:00Z,12.461,beaver_creek_usgs_temp_3,60.65107,-151.09076,US/Alaska (UTC-9 / UTC-8),"west fork beaver creek, upstream of marathon road",Beaver Creek,STREAM,MAIN,TRUE,TRUE,TBD,FALSE
2022-09-07T06:30:00Z,12.413,beaver_creek_usgs_temp_3,60.65107,-151.09076,US/Alaska (UTC-9 / UTC-8),"west fork beaver creek, upstream of marathon road",Beaver Creek,STREAM,MAIN,TRUE,TRUE,TBD,FALSE
2022-09-07T06:45:00Z,12.389,beaver_creek_usgs_temp_3,60.65107,-151.09076,US/Alaska (UTC-9 / UTC-8),"west fork beaver creek, upstream of marathon road",Beaver Creek,STREAM,MAIN,TRUE,TRUE,TBD,FALSE
2022-09-07T07:00:00Z,12.34,beaver_creek_usgs_temp_3,60.65107,-151.09076,US/Alaska (UTC-9 / UTC-8),"west fork beaver creek, upstream of marathon road",Beaver Creek,STREAM,MAIN,TRUE,TRUE,TBD,FALSE
2022-09-07T07:15:00Z,12.292,beaver_creek_usgs_temp_3,60.65107,-151.09076,US/Alaska (UTC-9 / UTC-8),"west fork beaver creek, upstream of marathon road",Beaver Creek,STREAM,MAIN,TRUE,TRUE,TBD,FALSE
2022-09-07T07:30:00Z,12.243,beaver_creek_usgs_temp_3,60.65107,-151.09076,US/Alaska (UTC-9 / UTC-8),"west fork beaver creek, upstream of marathon road",Beaver Creek,STREAM,MAIN,TRUE,TRUE,TBD,FALSE
2022-09-07T07:45:00Z,12.219,beaver_creek_usgs_temp_3,60.65107,-151.09076,US/Alaska (UTC-9 / UTC-8),"west fork beaver creek, upstream of marathon road",Beaver Creek,STREAM,MAIN,TRUE,TRUE,TBD,FALSE
2022-09-07T08:00:00Z,12.171,beaver_creek_usgs_temp_3,60.65107,-151.09076,US/Alaska (UTC-9 / UTC-8),"west fork beaver creek, upstream of marathon road",Beaver Creek,STREAM,MAIN,TRUE,TRUE,TBD,FALSE
2022-09-07T08:15:00Z,12.147,beaver_creek_usgs_temp_3,60.65107,-151.09076,US/Alaska (UTC-9 / UTC-8),"west fork beaver creek, upstream of marathon road",Beaver Creek,STREAM,MAIN,TRUE,TRUE,TBD,FALSE
2022-09-07T08:30:00Z,12.098,beaver_creek_usgs_temp_3,60.65107,-151.09076,US/Alaska (UTC-9 / UTC-8),"west fork beaver creek, upstream of marathon road",Beaver Creek,STREAM,MAIN,TRUE,TRUE,TBD,FALSE
2022-09-07T08:45:00Z,12.074,beaver_creek_usgs_temp_3,60.65107,-151.09076,US/Alaska (UTC-9 / UTC-8),"west fork beaver creek, upstream of marathon road",Beaver Creek,STREAM,MAIN,TRUE,TRUE,TBD,FALSE
2022-09-07T09:00:00Z,12.074,beaver_creek_usgs_temp_3,60.65107,-151.09076,US/Alaska (UTC-9 / UTC-8),"west fork beaver creek, upstream of marathon road",Beaver Creek,STREAM,MAIN,TRUE,TRUE,TBD,FALSE
2022-09-07T09:15:00Z,12.05,beaver_creek_usgs_temp_3,60.65107,-151.09076,US/Alaska (UTC-9 / UTC-8),"west fork beaver creek, upstream of marathon road",Beaver Creek,STREAM,MAIN,TRUE,TRUE,TBD,FALSE
2022-09-07T09:30:00Z,12.05,beaver_creek_usgs_temp_3,60.65107,-151.09076,US/Alaska (UTC-9 / UTC-8),"west fork beaver creek, upstream of marathon road",Beaver Creek,STREAM,MAIN,TRUE,TRUE,TBD,FALSE
2022-09-07T09:45:00Z,12.05,beaver_creek_usgs_temp_3,60.65107,-151.09076,US/Alaska (UTC-9 / UTC-8),"west fork beaver creek, upstream of marathon road",Beaver Creek,STREAM,MAIN,TRUE,TRUE,TBD,FALSE
2022-09-07T10:00:00Z,12.05,beaver_creek_usgs_temp_3,60.65107,-151.09076,US/Alaska (UTC-9 / UTC-8),"west fork beaver creek, upstream of marathon road",Beaver Creek,STREAM,MAIN,TRUE,TRUE,TBD,FALSE
2022-09-07T10:15:00Z,12.074,beaver_creek_usgs_temp_3,60.65107,-151.09076,US/Alaska (UTC-9 / UTC-8),"west fork beaver creek, upstream of marathon road",Beaver Creek,STREAM,MAIN,TRUE,TRUE,TBD,FALSE
2022-09-07T10:30:00Z,12.098,beaver_creek_usgs_temp_3,60.65107,-151.09076,US/Alaska (UTC-9 / UTC-8),"west fork beaver creek, upstream of marathon road",Beaver Creek,STREAM,MAIN,TRUE,TRUE,TBD,FALSE
2022-09-07T10:45:00Z,12.122,beaver_creek_usgs_temp_3,60.65107,-151.09076,US/Alaska (UTC-9 / UTC-8),"west fork beaver creek, upstream of marathon road",Beaver Creek,STREAM,MAIN,TRUE,TRUE,TBD,FALSE
2022-09-07T11:00:00Z,12.195,beaver_creek_usgs_temp_3,60.65107,-151.09076,US/Alaska (UTC-9 / UTC-8),"west fork beaver creek, upstream of marathon road",Beaver Creek,STREAM,MAIN,TRUE,TRUE,TBD,FALSE
2022-09-07T11:15:00Z,12.243,beaver_creek_usgs_temp_3,60.65107,-151.09076,US/Alaska (UTC-9 / UTC-8),"west fork beaver creek, upstream of marathon road",Beaver Creek,STREAM,MAIN,TRUE,TRUE,TBD,FALSE
2022-09-07T11:30:00Z,12.268,beaver_creek_usgs_temp_3,60.65107,-151.09076,US/Alaska (UTC-9 / UTC-8),"west fork beaver creek, upstream of marathon road",Beaver Creek,STREAM,MAIN,TRUE,TRUE,TBD,FALSE
2022-09-07T11:45:00Z,12.34,beaver_creek_usgs_temp_3,60.65107,-151.09076,US/Alaska (UTC-9 / UTC-8),"west fork beaver creek, upstream of marathon road",Beaver Creek,STREAM,MAIN,TRUE,TRUE,TBD,FALSE
2022-09-07T12:00:00Z,12.389,beaver_creek_usgs_temp_3,60.65107,-151.09076,US/Alaska (UTC-9 / UTC-8),"west fork beaver creek, upstream of marathon road",Beaver Creek,STREAM,MAIN,TRUE,TRUE,TBD,FALSE
2022-09-07T12:15:00Z,12.461,beaver_creek_usgs_temp_3,60.65107,-151.09076,US/Alaska (UTC-9 / UTC-8),"west fork beaver creek, upstream of marathon road",Beaver Creek,STREAM,MAIN,TRUE,TRUE,TBD,FALSE
2022-09-07T12:30:00Z,12.509,beaver_creek_usgs_temp_3,60.65107,-151.09076,US/Alaska (UTC-9 / UTC-8),"west fork beaver creek, upstream of marathon road",Beaver Creek,STREAM,MAIN,TRUE,TRUE,TBD,FALSE
2022-09-07T12:45:00Z,12.606,beaver_creek_usgs_temp_3,60.65107,-151.09076,US/Alaska (UTC-9 / UTC-8),"west fork beaver creek, upstream of marathon road",Beaver Creek,STREAM,MAIN,TRUE,TRUE,TBD,FALSE
2022-09-07T13:00:00Z,12.654,beaver_creek_usgs_temp_3,60.65107,-151.09076,US/Alaska (UTC-9 / UTC-8),"west fork beaver creek, upstream of marathon road",Beaver Creek,STREAM,MAIN,TRUE,TRUE,TBD,FALSE
2022-09-07T13:15:00Z,12.727,beaver_creek_usgs_temp_3,60.65107,-151.09076,US/Alaska (UTC-9 / UTC-8),"west fork beaver creek, upstream of marathon road",Beaver Creek,STREAM,MAIN,TRUE,TRUE,TBD,FALSE
2022-09-07T13:30:00Z,12.775,beaver_creek_usgs_temp_3,60.65107,-151.09076,US/Alaska (UTC-9 / UTC-8),"west fork beaver creek, upstream of marathon road",Beaver Creek,STREAM,MAIN,TRUE,TRUE,TBD,FALSE
2022-09-07T13:45:00Z,12.823,beaver_creek_usgs_temp_3,60.65107,-151.09076,US/Alaska (UTC-9 / UTC-8),"west fork beaver creek, upstream of marathon road",Beaver Creek,STREAM,MAIN,TRUE,TRUE,TBD,FALSE
2022-09-07T14:00:00Z,12.847,beaver_creek_usgs_temp_3,60.65107,-151.09076,US/Alaska (UTC-9 / UTC-8),"west fork beaver creek, upstream of marathon road",Beaver Creek,STREAM,MAIN,TRUE,TRUE,TBD,FALSE
2022-09-07T14:15:00Z,12.871,beaver_creek_usgs_temp_3,60.65107,-151.09076,US/Alaska (UTC-9 / UTC-8),"west fork beaver creek, upstream of marathon road",Beaver Creek,STREAM,MAIN,TRUE,TRUE,TBD,FALSE
2022-09-07T14:30:00Z,12.896,beaver_creek_usgs_temp_3,60.65107,-151.09076,US/Alaska (UTC-9 / UTC-8),"west fork beaver creek, upstream of marathon road",Beaver Creek,STREAM,MAIN,TRUE,TRUE,TBD,FALSE
2022-09-07T14:45:00Z,12.944,beaver_creek_usgs_temp_3,60.65107,-151.09076,US/Alaska (UTC-9 / UTC-8),"west fork beaver creek, upstream of marathon road",Beaver Creek,STREAM,MAIN,TRUE,TRUE,TBD,FALSE
2022-09-07T15:00:00Z,12.992,beaver_creek_usgs_temp_3,60.65107,-151.09076,US/Alaska (UTC-9 / UTC-8),"west fork beaver creek, upstream of marathon road",Beaver Creek,STREAM,MAIN,TRUE,TRUE,TBD,FALSE
2022-09-07T15:15:00Z,13.04,beaver_creek_usgs_temp_3,60.65107,-151.09076,US/Alaska (UTC-9 / UTC-8),"west fork beaver creek, upstream of marathon road",Beaver Creek,STREAM,MAIN,TRUE,TRUE,TBD,FALSE
2022-09-07T15:30:00Z,13.088,beaver_creek_usgs_temp_3,60.65107,-151.09076,US/Alaska (UTC-9 / UTC-8),"west fork beaver creek, upstream of marathon road",Beaver Creek,STREAM,MAIN,TRUE,TRUE,TBD,FALSE
2022-09-07T15:45:00Z,13.112,beaver_creek_usgs_temp_3,60.65107,-151.09076,US/Alaska (UTC-9 / UTC-8),"west fork beaver creek, upstream of marathon road",Beaver Creek,STREAM,MAIN,TRUE,TRUE,TBD,FALSE
2022-09-07T16:00:00Z,13.137,beaver_creek_usgs_temp_3,60.65107,-151.09076,US/Alaska (UTC-9 / UTC-8),"west fork beaver creek, upstream of marathon road",Beaver Creek,STREAM,MAIN,TRUE,TRUE,TBD,FALSE
2022-09-07T16:15:00Z,13.185,beaver_creek_usgs_temp_3,60.65107,-151.09076,US/Alaska (UTC-9 / UTC-8),"west fork beaver creek, upstream of marathon road",Beaver Creek,STREAM,MAIN,TRUE,TRUE,TBD,FALSE
2022-09-07T16:30:00Z,13.209,beaver_creek_usgs_temp_3,60.65107,-151.09076,US/Alaska (UTC-9 / UTC-8),"west fork beaver creek, upstream of marathon road",Beaver Creek,STREAM,MAIN,TRUE,TRUE,TBD,FALSE
2022-09-07T16:45:00Z,13.233,beaver_creek_usgs_temp_3,60.65107,-151.09076,US/Alaska (UTC-9 / UTC-8),"west fork beaver creek, upstream of marathon road",Beaver Creek,STREAM,MAIN,TRUE,TRUE,TBD,FALSE
2022-09-07T17:00:00Z,13.233,beaver_creek_usgs_temp_3,60.65107,-151.09076,US/Alaska (UTC-9 / UTC-8),"west fork beaver creek, upstream of marathon road",Beaver Creek,STREAM,MAIN,TRUE,TRUE,TBD,FALSE
2022-09-07T17:15:00Z,13.257,beaver_creek_usgs_temp_3,60.65107,-151.09076,US/Alaska (UTC-9 / UTC-8),"west fork beaver creek, upstream of marathon road",Beaver Creek,STREAM,MAIN,TRUE,TRUE,TBD,FALSE
2022-09-07T17:30:00Z,13.257,beaver_creek_usgs_temp_3,60.65107,-151.09076,US/Alaska (UTC-9 / UTC-8),"west fork beaver creek, upstream of marathon road",Beaver Creek,STREAM,MAIN,TRUE,TRUE,TBD,FALSE
2022-09-07T17:45:00Z,13.257,beaver_creek_usgs_temp_3,60.65107,-151.09076,US/Alaska (UTC-9 / UTC-8),"west fork beaver creek, upstream of marathon road",Beaver Creek,STREAM,MAIN,TRUE,TRUE,TBD,FALSE
2022-09-07T18:00:00Z,13.281,beaver_creek_usgs_temp_3,60.65107,-151.09076,US/Alaska (UTC-9 / UTC-8),"west fork beaver creek, upstream of marathon road",Beaver Creek,STREAM,MAIN,TRUE,TRUE,TBD,FALSE
2022-09-07T18:15:00Z,13.281,beaver_creek_usgs_temp_3,60.65107,-151.09076,US/Alaska (UTC-9 / UTC-8),"west fork beaver creek, upstream of marathon road",Beaver Creek,STREAM,MAIN,TRUE,TRUE,TBD,FALSE
2022-09-07T18:30:00Z,13.281,beaver_creek_usgs_temp_3,60.65107,-151.09076,US/Alaska (UTC-9 / UTC-8),"west fork beaver creek, upstream of marathon road",Beaver Creek,STREAM,MAIN,TRUE,TRUE,TBD,FALSE
2022-09-07T18:45:00Z,13.305,beaver_creek_usgs_temp_3,60.65107,-151.09076,US/Alaska (UTC-9 / UTC-8),"west fork beaver creek, upstream of marathon road",Beaver Creek,STREAM,MAIN,TRUE,TRUE,TBD,FALSE
2022-09-07T19:00:00Z,13.305,beaver_creek_usgs_temp_3,60.65107,-151.09076,US/Alaska (UTC-9 / UTC-8),"west fork beaver creek, upstream of marathon road",Beaver Creek,STREAM,MAIN,TRUE,TRUE,TBD,FALSE
2022-09-07T19:15:00Z,13.281,beaver_creek_usgs_temp_3,60.65107,-151.09076,US/Alaska (UTC-9 / UTC-8),"west fork beaver creek, upstream of marathon road",Beaver Creek,STREAM,MAIN,TRUE,TRUE,TBD,FALSE
2022-09-07T19:30:00Z,13.281,beaver_creek_usgs_temp_3,60.65107,-151.09076,US/Alaska (UTC-9 / UTC-8),"west fork beaver creek, upstream of marathon road",Beaver Creek,STREAM,MAIN,TRUE,TRUE,TBD,FALSE
2022-09-07T19:45:00Z,13.257,beaver_creek_usgs_temp_3,60.65107,-151.09076,US/Alaska (UTC-9 / UTC-8),"west fork beaver creek, upstream of marathon road",Beaver Creek,STREAM,MAIN,TRUE,TRUE,TBD,FALSE
2022-09-07T20:00:00Z,13.233,beaver_creek_usgs_temp_3,60.65107,-151.09076,US/Alaska (UTC-9 / UTC-8),"west fork beaver creek, upstream of marathon road",Beaver Creek,STREAM,MAIN,TRUE,TRUE,TBD,FALSE
2022-09-07T20:15:00Z,13.233,beaver_creek_usgs_temp_3,60.65107,-151.09076,US/Alaska (UTC-9 / UTC-8),"west fork beaver creek, upstream of marathon road",Beaver Creek,STREAM,MAIN,TRUE,TRUE,TBD,FALSE
2022-09-07T20:30:00Z,13.209,beaver_creek_usgs_temp_3,60.65107,-151.09076,US/Alaska (UTC-9 / UTC-8),"west fork beaver creek, upstream of marathon road",Beaver Creek,STREAM,MAIN,TRUE,TRUE,TBD,FALSE
2022-09-07T20:45:00Z,13.185,beaver_creek_usgs_temp_3,60.65107,-151.09076,US/Alaska (UTC-9 / UTC-8),"west fork beaver creek, upstream of marathon road",Beaver Creek,STREAM,MAIN,TRUE,TRUE,TBD,FALSE
2022-09-07T21:00:00Z,13.185,beaver_creek_usgs_temp_3,60.65107,-151.09076,US/Alaska (UTC-9 / UTC-8),"west fork beaver creek, upstream of marathon road",Beaver Creek,STREAM,MAIN,TRUE,TRUE,TBD,FALSE
2022-09-07T21:15:00Z,13.161,beaver_creek_usgs_temp_3,60.65107,-151.09076,US/Alaska (UTC-9 / UTC-8),"west fork beaver creek, upstream of marathon road",Beaver Creek,STREAM,MAIN,TRUE,TRUE,TBD,FALSE
2022-09-07T21:30:00Z,13.137,beaver_creek_usgs_temp_3,60.65107,-151.09076,US/Alaska (UTC-9 / UTC-8),"west fork beaver creek, upstream of marathon road",Beaver Creek,STREAM,MAIN,TRUE,TRUE,TBD,FALSE
2022-09-07T21:45:00Z,13.137,beaver_creek_usgs_temp_3,60.65107,-151.09076,US/Alaska (UTC-9 / UTC-8),"west fork beaver creek, upstream of marathon road",Beaver Creek,STREAM,MAIN,TRUE,TRUE,TBD,FALSE
2022-09-07T22:00:00Z,13.088,beaver_creek_usgs_temp_3,60.65107,-151.09076,US/Alaska (UTC-9 / UTC-8),"west fork beaver creek, upstream of marathon road",Beaver Creek,STREAM,MAIN,TRUE,TRUE,TBD,FALSE
2022-09-07T22:15:00Z,13.088,beaver_creek_usgs_temp_3,60.65107,-151.09076,US/Alaska (UTC-9 / UTC-8),"west fork beaver creek, upstream of marathon road",Beaver Creek,STREAM,MAIN,TRUE,TRUE,TBD,FALSE
2022-09-07T22:30:00Z,13.064,beaver_creek_usgs_temp_3,60.65107,-151.09076,US/Alaska (UTC-9 / UTC-8),"west fork beaver creek, upstream of marathon road",Beaver Creek,STREAM,MAIN,TRUE,TRUE,TBD,FALSE
2022-09-07T22:45:00Z,13.04,beaver_creek_usgs_temp_3,60.65107,-151.09076,US/Alaska (UTC-9 / UTC-8),"west fork beaver creek, upstream of marathon road",Beaver Creek,STREAM,MAIN,TRUE,TRUE,TBD,FALSE
2022-09-07T23:00:00Z,13.016,beaver_creek_usgs_temp_3,60.65107,-151.09076,US/Alaska (UTC-9 / UTC-8),"west fork beaver creek, upstream of marathon road",Beaver Creek,STREAM,MAIN,TRUE,TRUE,TBD,FALSE
2022-09-07T23:15:00Z,12.992,beaver_creek_usgs_temp_3,60.65107,-151.09076,US/Alaska (UTC-9 / UTC-8),"west fork beaver creek, upstream of marathon road",Beaver Creek,STREAM,MAIN,TRUE,TRUE,TBD,FALSE
2022-09-07T23:30:00Z,12.968,beaver_creek_usgs_temp_3,60.65107,-151.09076,US/Alaska (UTC-9 / UTC-8),"west fork beaver creek, upstream of marathon road",Beaver Creek,STREAM,MAIN,TRUE,TRUE,TBD,FALSE
2022-09-07T23:45:00Z,12.968,beaver_creek_usgs_temp_3,60.65107,-151.09076,US/Alaska (UTC-9 / UTC-8),"west fork beaver creek, upstream of marathon road",Beaver Creek,STREAM,MAIN,TRUE,TRUE,TBD,FALSE
2022-09-08T00:00:00Z,12.944,beaver_creek_usgs_temp_3,60.65107,-151.09076,US/Alaska (UTC-9 / UTC-8),"west fork beaver creek, upstream of marathon road",Beaver Creek,STREAM,MAIN,TRUE,TRUE,TBD,FALSE
2022-09-08T00:15:00Z,12.896,beaver_creek_usgs_temp_3,60.65107,-151.09076,US/Alaska (UTC-9 / UTC-8),"west fork beaver creek, upstream of marathon road",Beaver Creek,STREAM,MAIN,TRUE,TRUE,TBD,FALSE
2022-09-08T00:30:00Z,12.896,beaver_creek_usgs_temp_3,60.65107,-151.09076,US/Alaska (UTC-9 / UTC-8),"west fork beaver creek, upstream of marathon road",Beaver Creek,STREAM,MAIN,TRUE,TRUE,TBD,FALSE
2022-09-08T00:45:00Z,12.847,beaver_creek_usgs_temp_3,60.65107,-151.09076,US/Alaska (UTC-9 / UTC-8),"west fork beaver creek, upstream of marathon road",Beaver Creek,STREAM,MAIN,TRUE,TRUE,TBD,FALSE
2022-09-08T01:00:00Z,12.823,beaver_creek_usgs_temp_3,60.65107,-151.09076,US/Alaska (UTC-9 / UTC-8),"west fork beaver creek, upstream of marathon road",Beaver Creek,STREAM,MAIN,TRUE,TRUE,TBD,FALSE
2022-09-08T01:15:00Z,12.799,beaver_creek_usgs_temp_3,60.65107,-151.09076,US/Alaska (UTC-9 / UTC-8),"west fork beaver creek, upstream of marathon road",Beaver Creek,STREAM,MAIN,TRUE,TRUE,TBD,FALSE
2022-09-08T01:30:00Z,12.775,beaver_creek_usgs_temp_3,60.65107,-151.09076,US/Alaska (UTC-9 / UTC-8),"west fork beaver creek, upstream of marathon road",Beaver Creek,STREAM,MAIN,TRUE,TRUE,TBD,FALSE
2022-09-08T01:45:00Z,12.751,beaver_creek_usgs_temp_3,60.65107,-151.09076,US/Alaska (UTC-9 / UTC-8),"west fork beaver creek, upstream of marathon road",Beaver Creek,STREAM,MAIN,TRUE,TRUE,TBD,FALSE
2022-09-08T02:00:00Z,12.751,beaver_creek_usgs_temp_3,60.65107,-151.09076,US/Alaska (UTC-9 / UTC-8),"west fork beaver creek, upstream of marathon road",Beaver Creek,STREAM,MAIN,TRUE,TRUE,TBD,FALSE
2022-09-08T02:15:00Z,12.703,beaver_creek_usgs_temp_3,60.65107,-151.09076,US/Alaska (UTC-9 / UTC-8),"west fork beaver creek, upstream of marathon road",Beaver Creek,STREAM,MAIN,TRUE,TRUE,TBD,FALSE
2022-09-08T02:30:00Z,12.654,beaver_creek_usgs_temp_3,60.65107,-151.09076,US/Alaska (UTC-9 / UTC-8),"west fork beaver creek, upstream of marathon road",Beaver Creek,STREAM,MAIN,TRUE,TRUE,TBD,FALSE
2022-09-08T02:45:00Z,12.654,beaver_creek_usgs_temp_3,60.65107,-151.09076,US/Alaska (UTC-9 / UTC-8),"west fork beaver creek, upstream of marathon road",Beaver Creek,STREAM,MAIN,TRUE,TRUE,TBD,FALSE
2022-09-08T03:00:00Z,12.606,beaver_creek_usgs_temp_3,60.65107,-151.09076,US/Alaska (UTC-9 / UTC-8),"west fork beaver creek, upstream of marathon road",Beaver Creek,STREAM,MAIN,TRUE,TRUE,TBD,FALSE
2022-09-08T03:15:00Z,12.582,beaver_creek_usgs_temp_3,60.65107,-151.09076,US/Alaska (UTC-9 / UTC-8),"west fork beaver creek, upstream of marathon road",Beaver Creek,STREAM,MAIN,TRUE,TRUE,TBD,FALSE
2022-09-08T03:30:00Z,12.558,beaver_creek_usgs_temp_3,60.65107,-151.09076,US/Alaska (UTC-9 / UTC-8),"west fork beaver creek, upstream of marathon road",Beaver Creek,STREAM,MAIN,TRUE,TRUE,TBD,FALSE
2022-09-08T03:45:00Z,12.534,beaver_creek_usgs_temp_3,60.65107,-151.09076,US/Alaska (UTC-9 / UTC-8),"west fork beaver creek, upstream of marathon road",Beaver Creek,STREAM,MAIN,TRUE,TRUE,TBD,FALSE
2022-09-08T04:00:00Z,12.509,beaver_creek_usgs_temp_3,60.65107,-151.09076,US/Alaska (UTC-9 / UTC-8),"west fork beaver creek, upstream of marathon road",Beaver Creek,STREAM,MAIN,TRUE,TRUE,TBD,FALSE
2022-09-08T04:15:00Z,12.461,beaver_creek_usgs_temp_3,60.65107,-151.09076,US/Alaska (UTC-9 / UTC-8),"west fork beaver creek, upstream of marathon road",Beaver Creek,STREAM,MAIN,TRUE,TRUE,TBD,FALSE
2022-09-08T04:30:00Z,12.437,beaver_creek_usgs_temp_3,60.65107,-151.09076,US/Alaska (UTC-9 / UTC-8),"west fork beaver creek, upstream of marathon road",Beaver Creek,STREAM,MAIN,TRUE,TRUE,TBD,FALSE
2022-09-08T04:45:00Z,12.413,beaver_creek_usgs_temp_3,60.65107,-151.09076,US/Alaska (UTC-9 / UTC-8),"west fork beaver creek, upstream of marathon road",Beaver Creek,STREAM,MAIN,TRUE,TRUE,TBD,FALSE
2022-09-08T05:00:00Z,12.389,beaver_creek_usgs_temp_3,60.65107,-151.09076,US/Alaska (UTC-9 / UTC-8),"west fork beaver creek, upstream of marathon road",Beaver Creek,STREAM,MAIN,TRUE,TRUE,TBD,FALSE
2022-09-08T05:15:00Z,12.364,beaver_creek_usgs_temp_3,60.65107,-151.09076,US/Alaska (UTC-9 / UTC-8),"west fork beaver creek, upstream of marathon road",Beaver Creek,STREAM,MAIN,TRUE,TRUE,TBD,FALSE
2022-09-08T05:30:00Z,12.316,beaver_creek_usgs_temp_3,60.65107,-151.09076,US/Alaska (UTC-9 / UTC-8),"west fork beaver creek, upstream of marathon road",Beaver Creek,STREAM,MAIN,TRUE,TRUE,TBD,FALSE
2022-09-08T05:45:00Z,12.292,beaver_creek_usgs_temp_3,60.65107,-151.09076,US/Alaska (UTC-9 / UTC-8),"west fork beaver creek, upstream of marathon road",Beaver Creek,STREAM,MAIN,TRUE,TRUE,TBD,FALSE
2022-09-08T06:00:00Z,12.268,beaver_creek_usgs_temp_3,60.65107,-151.09076,US/Alaska (UTC-9 / UTC-8),"west fork beaver creek, upstream of marathon road",Beaver Creek,STREAM,MAIN,TRUE,TRUE,TBD,FALSE
2022-09-08T06:15:00Z,12.219,beaver_creek_usgs_temp_3,60.65107,-151.09076,US/Alaska (UTC-9 / UTC-8),"west fork beaver creek, upstream of marathon road",Beaver Creek,STREAM,MAIN,TRUE,TRUE,TBD,FALSE
2022-09-08T06:30:00Z,12.195,beaver_creek_usgs_temp_3,60.65107,-151.09076,US/Alaska (UTC-9 / UTC-8),"west fork beaver creek, upstream of marathon road",Beaver Creek,STREAM,MAIN,TRUE,TRUE,TBD,FALSE
2022-09-08T06:45:00Z,12.171,beaver_creek_usgs_temp_3,60.65107,-151.09076,US/Alaska (UTC-9 / UTC-8),"west fork beaver creek, upstream of marathon road",Beaver Creek,STREAM,MAIN,TRUE,TRUE,TBD,FALSE
2022-09-08T07:00:00Z,12.147,beaver_creek_usgs_temp_3,60.65107,-151.09076,US/Alaska (UTC-9 / UTC-8),"west fork beaver creek, upstream of marathon road",Beaver Creek,STREAM,MAIN,TRUE,TRUE,TBD,FALSE
2022-09-08T07:15:00Z,12.122,beaver_creek_usgs_temp_3,60.65107,-151.09076,US/Alaska (UTC-9 / UTC-8),"west fork beaver creek, upstream of marathon road",Beaver Creek,STREAM,MAIN,TRUE,TRUE,TBD,FALSE
2022-09-08T07:30:00Z,12.098,beaver_creek_usgs_temp_3,60.65107,-151.09076,US/Alaska (UTC-9 / UTC-8),"west fork beaver creek, upstream of marathon road",Beaver Creek,STREAM,MAIN,TRUE,TRUE,TBD,FALSE
2022-09-08T07:45:00Z,12.05,beaver_creek_usgs_temp_3,60.65107,-151.09076,US/Alaska (UTC-9 / UTC-8),"west fork beaver creek, upstream of marathon road",Beaver Creek,STREAM,MAIN,TRUE,TRUE,TBD,FALSE
2022-09-08T08:00:00Z,12.025,beaver_creek_usgs_temp_3,60.65107,-151.09076,US/Alaska (UTC-9 / UTC-8),"west fork beaver creek, upstream of marathon road",Beaver Creek,STREAM,MAIN,TRUE,TRUE,TBD,FALSE
2022-09-08T08:15:00Z,12.025,beaver_creek_usgs_temp_3,60.65107,-151.09076,US/Alaska (UTC-9 / UTC-8),"west fork beaver creek, upstream of marathon road",Beaver Creek,STREAM,MAIN,TRUE,TRUE,TBD,FALSE
2022-09-08T08:30:00Z,12.001,beaver_creek_usgs_temp_3,60.65107,-151.09076,US/Alaska (UTC-9 / UTC-8),"west fork beaver creek, upstream of marathon road",Beaver Creek,STREAM,MAIN,TRUE,TRUE,TBD,FALSE
2022-09-08T08:45:00Z,12.001,beaver_creek_usgs_temp_3,60.65107,-151.09076,US/Alaska (UTC-9 / UTC-8),"west fork beaver creek, upstream of marathon road",Beaver Creek,STREAM,MAIN,TRUE,TRUE,TBD,FALSE
2022-09-08T09:00:00Z,11.977,beaver_creek_usgs_temp_3,60.65107,-151.09076,US/Alaska (UTC-9 / UTC-8),"west fork beaver creek, upstream of marathon road",Beaver Creek,STREAM,MAIN,TRUE,TRUE,TBD,FALSE
2022-09-08T09:15:00Z,11.977,beaver_creek_usgs_temp_3,60.65107,-151.09076,US/Alaska (UTC-9 / UTC-8),"west fork beaver creek, upstream of marathon road",Beaver Creek,STREAM,MAIN,TRUE,TRUE,TBD,FALSE
2022-09-08T09:30:00Z,11.953,beaver_creek_usgs_temp_3,60.65107,-151.09076,US/Alaska (UTC-9 / UTC-8),"west fork beaver creek, upstream of marathon road",Beaver Creek,STREAM,MAIN,TRUE,TRUE,TBD,FALSE
2022-09-08T09:45:00Z,11.929,beaver_creek_usgs_temp_3,60.65107,-151.09076,US/Alaska (UTC-9 / UTC-8),"west fork beaver creek, upstream of marathon road",Beaver Creek,STREAM,MAIN,TRUE,TRUE,TBD,FALSE
2022-09-08T10:00:00Z,11.929,beaver_creek_usgs_temp_3,60.65107,-151.09076,US/Alaska (UTC-9 / UTC-8),"west fork beaver creek, upstream of marathon road",Beaver Creek,STREAM,MAIN,TRUE,TRUE,TBD,FALSE
2022-09-08T10:15:00Z,11.929,beaver_creek_usgs_temp_3,60.65107,-151.09076,US/Alaska (UTC-9 / UTC-8),"west fork beaver creek, upstream of marathon road",Beaver Creek,STREAM,MAIN,TRUE,TRUE,TBD,FALSE
2022-09-08T10:30:00Z,11.929,beaver_creek_usgs_temp_3,60.65107,-151.09076,US/Alaska (UTC-9 / UTC-8),"west fork beaver creek, upstream of marathon road",Beaver Creek,STREAM,MAIN,TRUE,TRUE,TBD,FALSE
2022-09-08T10:45:00Z,11.929,beaver_creek_usgs_temp_3,60.65107,-151.09076,US/Alaska (UTC-9 / UTC-8),"west fork beaver creek, upstream of marathon road",Beaver Creek,STREAM,MAIN,TRUE,TRUE,TBD,FALSE
2022-09-08T11:00:00Z,11.929,beaver_creek_usgs_temp_3,60.65107,-151.09076,US/Alaska (UTC-9 / UTC-8),"west fork beaver creek, upstream of marathon road",Beaver Creek,STREAM,MAIN,TRUE,TRUE,TBD,FALSE
2022-09-08T11:15:00Z,11.929,beaver_creek_usgs_temp_3,60.65107,-151.09076,US/Alaska (UTC-9 / UTC-8),"west fork beaver creek, upstream of marathon road",Beaver Creek,STREAM,MAIN,TRUE,TRUE,TBD,FALSE
2022-09-08T11:30:00Z,11.953,beaver_creek_usgs_temp_3,60.65107,-151.09076,US/Alaska (UTC-9 / UTC-8),"west fork beaver creek, upstream of marathon road",Beaver Creek,STREAM,MAIN,TRUE,TRUE,TBD,FALSE
2022-09-08T11:45:00Z,11.977,beaver_creek_usgs_temp_3,60.65107,-151.09076,US/Alaska (UTC-9 / UTC-8),"west fork beaver creek, upstream of marathon road",Beaver Creek,STREAM,MAIN,TRUE,TRUE,TBD,FALSE
2022-09-08T12:00:00Z,11.977,beaver_creek_usgs_temp_3,60.65107,-151.09076,US/Alaska (UTC-9 / UTC-8),"west fork beaver creek, upstream of marathon road",Beaver Creek,STREAM,MAIN,TRUE,TRUE,TBD,FALSE
2022-09-08T12:15:00Z,11.977,beaver_creek_usgs_temp_3,60.65107,-151.09076,US/Alaska (UTC-9 / UTC-8),"west fork beaver creek, upstream of marathon road",Beaver Creek,STREAM,MAIN,TRUE,TRUE,TBD,FALSE
2022-09-08T12:30:00Z,12.001,beaver_creek_usgs_temp_3,60.65107,-151.09076,US/Alaska (UTC-9 / UTC-8),"west fork beaver creek, upstream of marathon road",Beaver Creek,STREAM,MAIN,TRUE,TRUE,TBD,FALSE
2022-09-08T12:45:00Z,12.001,beaver_creek_usgs_temp_3,60.65107,-151.09076,US/Alaska (UTC-9 / UTC-8),"west fork beaver creek, upstream of marathon road",Beaver Creek,STREAM,MAIN,TRUE,TRUE,TBD,FALSE
2022-09-08T13:00:00Z,12.001,beaver_creek_usgs_temp_3,60.65107,-151.09076,US/Alaska (UTC-9 / UTC-8),"west fork beaver creek, upstream of marathon road",Beaver Creek,STREAM,MAIN,TRUE,TRUE,TBD,FALSE
2022-09-08T13:15:00Z,12.025,beaver_creek_usgs_temp_3,60.65107,-151.09076,US/Alaska (UTC-9 / UTC-8),"west fork beaver creek, upstream of marathon road",Beaver Creek,STREAM,MAIN,TRUE,TRUE,TBD,FALSE
2022-09-08T13:30:00Z,12.05,beaver_creek_usgs_temp_3,60.65107,-151.09076,US/Alaska (UTC-9 / UTC-8),"west fork beaver creek, upstream of marathon road",Beaver Creek,STREAM,MAIN,TRUE,TRUE,TBD,FALSE
2022-09-08T13:45:00Z,12.098,beaver_creek_usgs_temp_3,60.65107,-151.09076,US/Alaska (UTC-9 / UTC-8),"west fork beaver creek, upstream of marathon road",Beaver Creek,STREAM,MAIN,TRUE,TRUE,TBD,FALSE
2022-09-08T14:00:00Z,12.195,beaver_creek_usgs_temp_3,60.65107,-151.09076,US/Alaska (UTC-9 / UTC-8),"west fork beaver creek, upstream of marathon road",Beaver Creek,STREAM,MAIN,TRUE,TRUE,TBD,FALSE
2022-09-08T14:15:00Z,12.243,beaver_creek_usgs_temp_3,60.65107,-151.09076,US/Alaska (UTC-9 / UTC-8),"west fork beaver creek, upstream of marathon road",Beaver Creek,STREAM,MAIN,TRUE,TRUE,TBD,FALSE
2022-09-08T14:30:00Z,12.268,beaver_creek_usgs_temp_3,60.65107,-151.09076,US/Alaska (UTC-9 / UTC-8),"west fork beaver creek, upstream of marathon road",Beaver Creek,STREAM,MAIN,TRUE,TRUE,TBD,FALSE
2022-09-08T14:45:00Z,12.34,beaver_creek_usgs_temp_3,60.65107,-151.09076,US/Alaska (UTC-9 / UTC-8),"west fork beaver creek, upstream of marathon road",Beaver Creek,STREAM,MAIN,TRUE,TRUE,TBD,FALSE
2022-09-08T15:00:00Z,12.364,beaver_creek_usgs_temp_3,60.65107,-151.09076,US/Alaska (UTC-9 / UTC-8),"west fork beaver creek, upstream of marathon road",Beaver Creek,STREAM,MAIN,TRUE,TRUE,TBD,FALSE
2022-09-08T15:15:00Z,12.389,beaver_creek_usgs_temp_3,60.65107,-151.09076,US/Alaska (UTC-9 / UTC-8),"west fork beaver creek, upstream of marathon road",Beaver Creek,STREAM,MAIN,TRUE,TRUE,TBD,FALSE
2022-09-08T15:30:00Z,12.413,beaver_creek_usgs_temp_3,60.65107,-151.09076,US/Alaska (UTC-9 / UTC-8),"west fork beaver creek, upstream of marathon road",Beaver Creek,STREAM,MAIN,TRUE,TRUE,TBD,FALSE
2022-09-08T15:45:00Z,12.413,beaver_creek_usgs_temp_3,60.65107,-151.09076,US/Alaska (UTC-9 / UTC-8),"west fork beaver creek, upstream of marathon road",Beaver Creek,STREAM,MAIN,TRUE,TRUE,TBD,FALSE
2022-09-08T16:00:00Z,12.437,beaver_creek_usgs_temp_3,60.65107,-151.09076,US/Alaska (UTC-9 / UTC-8),"west fork beaver creek, upstream of marathon road",Beaver Creek,STREAM,MAIN,TRUE,TRUE,TBD,FALSE
2022-09-08T16:15:00Z,12.461,beaver_creek_usgs_temp_3,60.65107,-151.09076,US/Alaska (UTC-9 / UTC-8),"west fork beaver creek, upstream of marathon road",Beaver Creek,STREAM,MAIN,TRUE,TRUE,TBD,FALSE
2022-09-08T16:30:00Z,12.509,beaver_creek_usgs_temp_3,60.65107,-151.09076,US/Alaska (UTC-9 / UTC-8),"west fork beaver creek, upstream of marathon road",Beaver Creek,STREAM,MAIN,TRUE,TRUE,TBD,FALSE
2022-09-08T16:45:00Z,12.509,beaver_creek_usgs_temp_3,60.65107,-151.09076,US/Alaska (UTC-9 / UTC-8),"west fork beaver creek, upstream of marathon road",Beaver Creek,STREAM,MAIN,TRUE,TRUE,TBD,FALSE
2022-09-08T17:00:00Z,12.558,beaver_creek_usgs_temp_3,60.65107,-151.09076,US/Alaska (UTC-9 / UTC-8),"west fork beaver creek, upstream of marathon road",Beaver Creek,STREAM,MAIN,TRUE,TRUE,TBD,FALSE
2022-09-08T17:15:00Z,12.606,beaver_creek_usgs_temp_3,60.65107,-151.09076,US/Alaska (UTC-9 / UTC-8),"west fork beaver creek, upstream of marathon road",Beaver Creek,STREAM,MAIN,TRUE,TRUE,TBD,FALSE
2022-09-08T17:30:00Z,12.654,beaver_creek_usgs_temp_3,60.65107,-151.09076,US/Alaska (UTC-9 / UTC-8),"west fork beaver creek, upstream of marathon road",Beaver Creek,STREAM,MAIN,TRUE,TRUE,TBD,FALSE
2022-09-08T17:45:00Z,12.678,beaver_creek_usgs_temp_3,60.65107,-151.09076,US/Alaska (UTC-9 / UTC-8),"west fork beaver creek, upstream of marathon road",Beaver Creek,STREAM,MAIN,TRUE,TRUE,TBD,FALSE
2022-09-08T18:00:00Z,12.703,beaver_creek_usgs_temp_3,60.65107,-151.09076,US/Alaska (UTC-9 / UTC-8),"west fork beaver creek, upstream of marathon road",Beaver Creek,STREAM,MAIN,TRUE,TRUE,TBD,FALSE
2022-09-08T18:15:00Z,12.727,beaver_creek_usgs_temp_3,60.65107,-151.09076,US/Alaska (UTC-9 / UTC-8),"west fork beaver creek, upstream of marathon road",Beaver Creek,STREAM,MAIN,TRUE,TRUE,TBD,FALSE
2022-09-08T18:30:00Z,12.751,beaver_creek_usgs_temp_3,60.65107,-151.09076,US/Alaska (UTC-9 / UTC-8),"west fork beaver creek, upstream of marathon road",Beaver Creek,STREAM,MAIN,TRUE,TRUE,TBD,FALSE
2022-09-08T18:45:00Z,12.751,beaver_creek_usgs_temp_3,60.65107,-151.09076,US/Alaska (UTC-9 / UTC-8),"west fork beaver creek, upstream of marathon road",Beaver Creek,STREAM,MAIN,TRUE,TRUE,TBD,FALSE
2022-09-08T19:00:00Z,12.775,beaver_creek_usgs_temp_3,60.65107,-151.09076,US/Alaska (UTC-9 / UTC-8),"west fork beaver creek, upstream of marathon road",Beaver Creek,STREAM,MAIN,TRUE,TRUE,TBD,FALSE
2022-09-08T19:15:00Z,12.775,beaver_creek_usgs_temp_3,60.65107,-151.09076,US/Alaska (UTC-9 / UTC-8),"west fork beaver creek, upstream of marathon road",Beaver Creek,STREAM,MAIN,TRUE,TRUE,TBD,FALSE
2022-09-08T19:30:00Z,12.775,beaver_creek_usgs_temp_3,60.65107,-151.09076,US/Alaska (UTC-9 / UTC-8),"west fork beaver creek, upstream of marathon road",Beaver Creek,STREAM,MAIN,TRUE,TRUE,TBD,FALSE
2022-09-08T19:45:00Z,12.751,beaver_creek_usgs_temp_3,60.65107,-151.09076,US/Alaska (UTC-9 / UTC-8),"west fork beaver creek, upstream of marathon road",Beaver Creek,STREAM,MAIN,TRUE,TRUE,TBD,FALSE
2022-09-08T20:00:00Z,12.751,beaver_creek_usgs_temp_3,60.65107,-151.09076,US/Alaska (UTC-9 / UTC-8),"west fork beaver creek, upstream of marathon road",Beaver Creek,STREAM,MAIN,TRUE,TRUE,TBD,FALSE
2022-09-08T20:15:00Z,12.751,beaver_creek_usgs_temp_3,60.65107,-151.09076,US/Alaska (UTC-9 / UTC-8),"west fork beaver creek, upstream of marathon road",Beaver Creek,STREAM,MAIN,TRUE,TRUE,TBD,FALSE
2022-09-08T20:30:00Z,12.751,beaver_creek_usgs_temp_3,60.65107,-151.09076,US/Alaska (UTC-9 / UTC-8),"west fork beaver creek, upstream of marathon road",Beaver Creek,STREAM,MAIN,TRUE,TRUE,TBD,FALSE
2022-09-08T20:45:00Z,12.703,beaver_creek_usgs_temp_3,60.65107,-151.09076,US/Alaska (UTC-9 / UTC-8),"west fork beaver creek, upstream of marathon road",Beaver Creek,STREAM,MAIN,TRUE,TRUE,TBD,FALSE
2022-09-08T21:00:00Z,12.654,beaver_creek_usgs_temp_3,60.65107,-151.09076,US/Alaska (UTC-9 / UTC-8),"west fork beaver creek, upstream of marathon road",Beaver Creek,STREAM,MAIN,TRUE,TRUE,TBD,FALSE
2022-09-08T21:15:00Z,12.606,beaver_creek_usgs_temp_3,60.65107,-151.09076,US/Alaska (UTC-9 / UTC-8),"west fork beaver creek, upstream of marathon road",Beaver Creek,STREAM,MAIN,TRUE,TRUE,TBD,FALSE
2022-09-08T21:30:00Z,12.558,beaver_creek_usgs_temp_3,60.65107,-151.09076,US/Alaska (UTC-9 / UTC-8),"west fork beaver creek, upstream of marathon road",Beaver Creek,STREAM,MAIN,TRUE,TRUE,TBD,FALSE
2022-09-08T21:45:00Z,12.485,beaver_creek_usgs_temp_3,60.65107,-151.09076,US/Alaska (UTC-9 / UTC-8),"west fork beaver creek, upstream of marathon road",Beaver Creek,STREAM,MAIN,TRUE,TRUE,TBD,FALSE
2022-09-08T22:00:00Z,12.413,beaver_creek_usgs_temp_3,60.65107,-151.09076,US/Alaska (UTC-9 / UTC-8),"west fork beaver creek, upstream of marathon road",Beaver Creek,STREAM,MAIN,TRUE,TRUE,TBD,FALSE
2022-09-08T22:15:00Z,12.364,beaver_creek_usgs_temp_3,60.65107,-151.09076,US/Alaska (UTC-9 / UTC-8),"west fork beaver creek, upstream of marathon road",Beaver Creek,STREAM,MAIN,TRUE,TRUE,TBD,FALSE
2022-09-08T22:30:00Z,12.316,beaver_creek_usgs_temp_3,60.65107,-151.09076,US/Alaska (UTC-9 / UTC-8),"west fork beaver creek, upstream of marathon road",Beaver Creek,STREAM,MAIN,TRUE,TRUE,TBD,FALSE
2022-09-08T22:45:00Z,12.268,beaver_creek_usgs_temp_3,60.65107,-151.09076,US/Alaska (UTC-9 / UTC-8),"west fork beaver creek, upstream of marathon road",Beaver Creek,STREAM,MAIN,TRUE,TRUE,TBD,FALSE
2022-09-08T23:00:00Z,12.195,beaver_creek_usgs_temp_3,60.65107,-151.09076,US/Alaska (UTC-9 / UTC-8),"west fork beaver creek, upstream of marathon road",Beaver Creek,STREAM,MAIN,TRUE,TRUE,TBD,FALSE
2022-09-08T23:15:00Z,12.147,beaver_creek_usgs_temp_3,60.65107,-151.09076,US/Alaska (UTC-9 / UTC-8),"west fork beaver creek, upstream of marathon road",Beaver Creek,STREAM,MAIN,TRUE,TRUE,TBD,FALSE
2022-09-08T23:30:00Z,12.098,beaver_creek_usgs_temp_3,60.65107,-151.09076,US/Alaska (UTC-9 / UTC-8),"west fork beaver creek, upstream of marathon road",Beaver Creek,STREAM,MAIN,TRUE,TRUE,TBD,FALSE
2022-09-08T23:45:00Z,12.05,beaver_creek_usgs_temp_3,60.65107,-151.09076,US/Alaska (UTC-9 / UTC-8),"west fork beaver creek, upstream of marathon road",Beaver Creek,STREAM,MAIN,TRUE,TRUE,TBD,FALSE
2022-09-09T00:00:00Z,12.001,beaver_creek_usgs_temp_3,60.65107,-151.09076,US/Alaska (UTC-9 / UTC-8),"west fork beaver creek, upstream of marathon road",Beaver Creek,STREAM,MAIN,TRUE,TRUE,TBD,FALSE
2022-09-09T00:15:00Z,11.929,beaver_creek_usgs_temp_3,60.65107,-151.09076,US/Alaska (UTC-9 / UTC-8),"west fork beaver creek, upstream of marathon road",Beaver Creek,STREAM,MAIN,TRUE,TRUE,TBD,FALSE
2022-09-09T00:30:00Z,11.88,beaver_creek_usgs_temp_3,60.65107,-151.09076,US/Alaska (UTC-9 / UTC-8),"west fork beaver creek, upstream of marathon road",Beaver Creek,STREAM,MAIN,TRUE,TRUE,TBD,FALSE
2022-09-09T00:45:00Z,11.807,beaver_creek_usgs_temp_3,60.65107,-151.09076,US/Alaska (UTC-9 / UTC-8),"west fork beaver creek, upstream of marathon road",Beaver Creek,STREAM,MAIN,TRUE,TRUE,TBD,FALSE
2022-09-09T01:00:00Z,11.783,beaver_creek_usgs_temp_3,60.65107,-151.09076,US/Alaska (UTC-9 / UTC-8),"west fork beaver creek, upstream of marathon road",Beaver Creek,STREAM,MAIN,TRUE,TRUE,TBD,FALSE
2022-09-09T01:15:00Z,11.71,beaver_creek_usgs_temp_3,60.65107,-151.09076,US/Alaska (UTC-9 / UTC-8),"west fork beaver creek, upstream of marathon road",Beaver Creek,STREAM,MAIN,TRUE,TRUE,TBD,FALSE
2022-09-09T01:30:00Z,11.662,beaver_creek_usgs_temp_3,60.65107,-151.09076,US/Alaska (UTC-9 / UTC-8),"west fork beaver creek, upstream of marathon road",Beaver Creek,STREAM,MAIN,TRUE,TRUE,TBD,FALSE
2022-09-09T01:45:00Z,11.589,beaver_creek_usgs_temp_3,60.65107,-151.09076,US/Alaska (UTC-9 / UTC-8),"west fork beaver creek, upstream of marathon road",Beaver Creek,STREAM,MAIN,TRUE,TRUE,TBD,FALSE
2022-09-09T02:00:00Z,11.54,beaver_creek_usgs_temp_3,60.65107,-151.09076,US/Alaska (UTC-9 / UTC-8),"west fork beaver creek, upstream of marathon road",Beaver Creek,STREAM,MAIN,TRUE,TRUE,TBD,FALSE
2022-09-09T02:15:00Z,11.492,beaver_creek_usgs_temp_3,60.65107,-151.09076,US/Alaska (UTC-9 / UTC-8),"west fork beaver creek, upstream of marathon road",Beaver Creek,STREAM,MAIN,TRUE,TRUE,TBD,FALSE
2022-09-09T02:30:00Z,11.467,beaver_creek_usgs_temp_3,60.65107,-151.09076,US/Alaska (UTC-9 / UTC-8),"west fork beaver creek, upstream of marathon road",Beaver Creek,STREAM,MAIN,TRUE,TRUE,TBD,FALSE
2022-09-09T02:45:00Z,11.419,beaver_creek_usgs_temp_3,60.65107,-151.09076,US/Alaska (UTC-9 / UTC-8),"west fork beaver creek, upstream of marathon road",Beaver Creek,STREAM,MAIN,TRUE,TRUE,TBD,FALSE
2022-09-09T03:00:00Z,11.37,beaver_creek_usgs_temp_3,60.65107,-151.09076,US/Alaska (UTC-9 / UTC-8),"west fork beaver creek, upstream of marathon road",Beaver Creek,STREAM,MAIN,TRUE,TRUE,TBD,FALSE
2022-09-09T03:15:00Z,11.321,beaver_creek_usgs_temp_3,60.65107,-151.09076,US/Alaska (UTC-9 / UTC-8),"west fork beaver creek, upstream of marathon road",Beaver Creek,STREAM,MAIN,TRUE,TRUE,TBD,FALSE
2022-09-09T03:30:00Z,11.273,beaver_creek_usgs_temp_3,60.65107,-151.09076,US/Alaska (UTC-9 / UTC-8),"west fork beaver creek, upstream of marathon road",Beaver Creek,STREAM,MAIN,TRUE,TRUE,TBD,FALSE
2022-09-09T03:45:00Z,11.224,beaver_creek_usgs_temp_3,60.65107,-151.09076,US/Alaska (UTC-9 / UTC-8),"west fork beaver creek, upstream of marathon road",Beaver Creek,STREAM,MAIN,TRUE,TRUE,TBD,FALSE
2022-09-09T04:00:00Z,11.2,beaver_creek_usgs_temp_3,60.65107,-151.09076,US/Alaska (UTC-9 / UTC-8),"west fork beaver creek, upstream of marathon road",Beaver Creek,STREAM,MAIN,TRUE,TRUE,TBD,FALSE
2022-09-09T04:15:00Z,11.151,beaver_creek_usgs_temp_3,60.65107,-151.09076,US/Alaska (UTC-9 / UTC-8),"west fork beaver creek, upstream of marathon road",Beaver Creek,STREAM,MAIN,TRUE,TRUE,TBD,FALSE
2022-09-09T04:30:00Z,11.102,beaver_creek_usgs_temp_3,60.65107,-151.09076,US/Alaska (UTC-9 / UTC-8),"west fork beaver creek, upstream of marathon road",Beaver Creek,STREAM,MAIN,TRUE,TRUE,TBD,FALSE
2022-09-09T04:45:00Z,11.053,beaver_creek_usgs_temp_3,60.65107,-151.09076,US/Alaska (UTC-9 / UTC-8),"west fork beaver creek, upstream of marathon road",Beaver Creek,STREAM,MAIN,TRUE,TRUE,TBD,FALSE
2022-09-09T05:00:00Z,10.98,beaver_creek_usgs_temp_3,60.65107,-151.09076,US/Alaska (UTC-9 / UTC-8),"west fork beaver creek, upstream of marathon road",Beaver Creek,STREAM,MAIN,TRUE,TRUE,TBD,FALSE
2022-09-09T05:15:00Z,10.932,beaver_creek_usgs_temp_3,60.65107,-151.09076,US/Alaska (UTC-9 / UTC-8),"west fork beaver creek, upstream of marathon road",Beaver Creek,STREAM,MAIN,TRUE,TRUE,TBD,FALSE
2022-09-09T05:30:00Z,10.858,beaver_creek_usgs_temp_3,60.65107,-151.09076,US/Alaska (UTC-9 / UTC-8),"west fork beaver creek, upstream of marathon road",Beaver Creek,STREAM,MAIN,TRUE,TRUE,TBD,FALSE
2022-09-09T05:45:00Z,10.81,beaver_creek_usgs_temp_3,60.65107,-151.09076,US/Alaska (UTC-9 / UTC-8),"west fork beaver creek, upstream of marathon road",Beaver Creek,STREAM,MAIN,TRUE,TRUE,TBD,FALSE
2022-09-09T06:00:00Z,10.761,beaver_creek_usgs_temp_3,60.65107,-151.09076,US/Alaska (UTC-9 / UTC-8),"west fork beaver creek, upstream of marathon road",Beaver Creek,STREAM,MAIN,TRUE,TRUE,TBD,FALSE
2022-09-09T06:15:00Z,10.712,beaver_creek_usgs_temp_3,60.65107,-151.09076,US/Alaska (UTC-9 / UTC-8),"west fork beaver creek, upstream of marathon road",Beaver Creek,STREAM,MAIN,TRUE,TRUE,TBD,FALSE
2022-09-09T06:30:00Z,10.638,beaver_creek_usgs_temp_3,60.65107,-151.09076,US/Alaska (UTC-9 / UTC-8),"west fork beaver creek, upstream of marathon road",Beaver Creek,STREAM,MAIN,TRUE,TRUE,TBD,FALSE
2022-09-09T06:45:00Z,10.565,beaver_creek_usgs_temp_3,60.65107,-151.09076,US/Alaska (UTC-9 / UTC-8),"west fork beaver creek, upstream of marathon road",Beaver Creek,STREAM,MAIN,TRUE,TRUE,TBD,FALSE
2022-09-09T07:00:00Z,10.516,beaver_creek_usgs_temp_3,60.65107,-151.09076,US/Alaska (UTC-9 / UTC-8),"west fork beaver creek, upstream of marathon road",Beaver Creek,STREAM,MAIN,TRUE,TRUE,TBD,FALSE
2022-09-09T07:15:00Z,10.492,beaver_creek_usgs_temp_3,60.65107,-151.09076,US/Alaska (UTC-9 / UTC-8),"west fork beaver creek, upstream of marathon road",Beaver Creek,STREAM,MAIN,TRUE,TRUE,TBD,FALSE
2022-09-09T07:30:00Z,10.443,beaver_creek_usgs_temp_3,60.65107,-151.09076,US/Alaska (UTC-9 / UTC-8),"west fork beaver creek, upstream of marathon road",Beaver Creek,STREAM,MAIN,TRUE,TRUE,TBD,FALSE
2022-09-09T07:45:00Z,10.394,beaver_creek_usgs_temp_3,60.65107,-151.09076,US/Alaska (UTC-9 / UTC-8),"west fork beaver creek, upstream of marathon road",Beaver Creek,STREAM,MAIN,TRUE,TRUE,TBD,FALSE
2022-09-09T08:00:00Z,10.345,beaver_creek_usgs_temp_3,60.65107,-151.09076,US/Alaska (UTC-9 / UTC-8),"west fork beaver creek, upstream of marathon road",Beaver Creek,STREAM,MAIN,TRUE,TRUE,TBD,FALSE
2022-09-09T08:15:00Z,10.32,beaver_creek_usgs_temp_3,60.65107,-151.09076,US/Alaska (UTC-9 / UTC-8),"west fork beaver creek, upstream of marathon road",Beaver Creek,STREAM,MAIN,TRUE,TRUE,TBD,FALSE
2022-09-09T08:30:00Z,10.271,beaver_creek_usgs_temp_3,60.65107,-151.09076,US/Alaska (UTC-9 / UTC-8),"west fork beaver creek, upstream of marathon road",Beaver Creek,STREAM,MAIN,TRUE,TRUE,TBD,FALSE
2022-09-09T08:45:00Z,10.247,beaver_creek_usgs_temp_3,60.65107,-151.09076,US/Alaska (UTC-9 / UTC-8),"west fork beaver creek, upstream of marathon road",Beaver Creek,STREAM,MAIN,TRUE,TRUE,TBD,FALSE
2022-09-09T09:00:00Z,10.222,beaver_creek_usgs_temp_3,60.65107,-151.09076,US/Alaska (UTC-9 / UTC-8),"west fork beaver creek, upstream of marathon road",Beaver Creek,STREAM,MAIN,TRUE,TRUE,TBD,FALSE
2022-09-09T09:15:00Z,10.173,beaver_creek_usgs_temp_3,60.65107,-151.09076,US/Alaska (UTC-9 / UTC-8),"west fork beaver creek, upstream of marathon road",Beaver Creek,STREAM,MAIN,TRUE,TRUE,TBD,FALSE
2022-09-09T09:30:00Z,10.149,beaver_creek_usgs_temp_3,60.65107,-151.09076,US/Alaska (UTC-9 / UTC-8),"west fork beaver creek, upstream of marathon road",Beaver Creek,STREAM,MAIN,TRUE,TRUE,TBD,FALSE
2022-09-09T09:45:00Z,10.149,beaver_creek_usgs_temp_3,60.65107,-151.09076,US/Alaska (UTC-9 / UTC-8),"west fork beaver creek, upstream of marathon road",Beaver Creek,STREAM,MAIN,TRUE,TRUE,TBD,FALSE
2022-09-09T10:00:00Z,10.173,beaver_creek_usgs_temp_3,60.65107,-151.09076,US/Alaska (UTC-9 / UTC-8),"west fork beaver creek, upstream of marathon road",Beaver Creek,STREAM,MAIN,TRUE,TRUE,TBD,FALSE
2022-09-09T10:15:00Z,10.173,beaver_creek_usgs_temp_3,60.65107,-151.09076,US/Alaska (UTC-9 / UTC-8),"west fork beaver creek, upstream of marathon road",Beaver Creek,STREAM,MAIN,TRUE,TRUE,TBD,FALSE
2022-09-09T10:30:00Z,10.173,beaver_creek_usgs_temp_3,60.65107,-151.09076,US/Alaska (UTC-9 / UTC-8),"west fork beaver creek, upstream of marathon road",Beaver Creek,STREAM,MAIN,TRUE,TRUE,TBD,FALSE
2022-09-09T10:45:00Z,10.198,beaver_creek_usgs_temp_3,60.65107,-151.09076,US/Alaska (UTC-9 / UTC-8),"west fork beaver creek, upstream of marathon road",Beaver Creek,STREAM,MAIN,TRUE,TRUE,TBD,FALSE
2022-09-09T11:00:00Z,10.222,beaver_creek_usgs_temp_3,60.65107,-151.09076,US/Alaska (UTC-9 / UTC-8),"west fork beaver creek, upstream of marathon road",Beaver Creek,STREAM,MAIN,TRUE,TRUE,TBD,FALSE
2022-09-09T11:15:00Z,10.271,beaver_creek_usgs_temp_3,60.65107,-151.09076,US/Alaska (UTC-9 / UTC-8),"west fork beaver creek, upstream of marathon road",Beaver Creek,STREAM,MAIN,TRUE,TRUE,TBD,FALSE
2022-09-09T11:30:00Z,10.271,beaver_creek_usgs_temp_3,60.65107,-151.09076,US/Alaska (UTC-9 / UTC-8),"west fork beaver creek, upstream of marathon road",Beaver Creek,STREAM,MAIN,TRUE,TRUE,TBD,FALSE
2022-09-09T11:45:00Z,10.271,beaver_creek_usgs_temp_3,60.65107,-151.09076,US/Alaska (UTC-9 / UTC-8),"west fork beaver creek, upstream of marathon road",Beaver Creek,STREAM,MAIN,TRUE,TRUE,TBD,FALSE
2022-09-09T12:00:00Z,10.271,beaver_creek_usgs_temp_3,60.65107,-151.09076,US/Alaska (UTC-9 / UTC-8),"west fork beaver creek, upstream of marathon road",Beaver Creek,STREAM,MAIN,TRUE,TRUE,TBD,FALSE
2022-09-09T12:15:00Z,10.271,beaver_creek_usgs_temp_3,60.65107,-151.09076,US/Alaska (UTC-9 / UTC-8),"west fork beaver creek, upstream of marathon road",Beaver Creek,STREAM,MAIN,TRUE,TRUE,TBD,FALSE
2022-09-09T12:30:00Z,10.296,beaver_creek_usgs_temp_3,60.65107,-151.09076,US/Alaska (UTC-9 / UTC-8),"west fork beaver creek, upstream of marathon road",Beaver Creek,STREAM,MAIN,TRUE,TRUE,TBD,FALSE
2022-09-09T12:45:00Z,10.32,beaver_creek_usgs_temp_3,60.65107,-151.09076,US/Alaska (UTC-9 / UTC-8),"west fork beaver creek, upstream of marathon road",Beaver Creek,STREAM,MAIN,TRUE,TRUE,TBD,FALSE
2022-09-09T13:00:00Z,10.345,beaver_creek_usgs_temp_3,60.65107,-151.09076,US/Alaska (UTC-9 / UTC-8),"west fork beaver creek, upstream of marathon road",Beaver Creek,STREAM,MAIN,TRUE,TRUE,TBD,FALSE
2022-09-09T13:15:00Z,10.369,beaver_creek_usgs_temp_3,60.65107,-151.09076,US/Alaska (UTC-9 / UTC-8),"west fork beaver creek, upstream of marathon road",Beaver Creek,STREAM,MAIN,TRUE,TRUE,TBD,FALSE
2022-09-09T13:30:00Z,10.418,beaver_creek_usgs_temp_3,60.65107,-151.09076,US/Alaska (UTC-9 / UTC-8),"west fork beaver creek, upstream of marathon road",Beaver Creek,STREAM,MAIN,TRUE,TRUE,TBD,FALSE
2022-09-09T13:45:00Z,10.467,beaver_creek_usgs_temp_3,60.65107,-151.09076,US/Alaska (UTC-9 / UTC-8),"west fork beaver creek, upstream of marathon road",Beaver Creek,STREAM,MAIN,TRUE,TRUE,TBD,FALSE
2022-09-09T14:00:00Z,10.541,beaver_creek_usgs_temp_3,60.65107,-151.09076,US/Alaska (UTC-9 / UTC-8),"west fork beaver creek, upstream of marathon road",Beaver Creek,STREAM,MAIN,TRUE,TRUE,TBD,FALSE
2022-09-09T14:15:00Z,10.663,beaver_creek_usgs_temp_3,60.65107,-151.09076,US/Alaska (UTC-9 / UTC-8),"west fork beaver creek, upstream of marathon road",Beaver Creek,STREAM,MAIN,TRUE,TRUE,TBD,FALSE
2022-09-09T14:30:00Z,10.761,beaver_creek_usgs_temp_3,60.65107,-151.09076,US/Alaska (UTC-9 / UTC-8),"west fork beaver creek, upstream of marathon road",Beaver Creek,STREAM,MAIN,TRUE,TRUE,TBD,FALSE
2022-09-09T14:45:00Z,10.834,beaver_creek_usgs_temp_3,60.65107,-151.09076,US/Alaska (UTC-9 / UTC-8),"west fork beaver creek, upstream of marathon road",Beaver Creek,STREAM,MAIN,TRUE,TRUE,TBD,FALSE
2022-09-09T15:00:00Z,10.858,beaver_creek_usgs_temp_3,60.65107,-151.09076,US/Alaska (UTC-9 / UTC-8),"west fork beaver creek, upstream of marathon road",Beaver Creek,STREAM,MAIN,TRUE,TRUE,TBD,FALSE
2022-09-09T15:15:00Z,10.858,beaver_creek_usgs_temp_3,60.65107,-151.09076,US/Alaska (UTC-9 / UTC-8),"west fork beaver creek, upstream of marathon road",Beaver Creek,STREAM,MAIN,TRUE,TRUE,TBD,FALSE
2022-09-09T15:30:00Z,10.907,beaver_creek_usgs_temp_3,60.65107,-151.09076,US/Alaska (UTC-9 / UTC-8),"west fork beaver creek, upstream of marathon road",Beaver Creek,STREAM,MAIN,TRUE,TRUE,TBD,FALSE
2022-09-09T15:45:00Z,10.956,beaver_creek_usgs_temp_3,60.65107,-151.09076,US/Alaska (UTC-9 / UTC-8),"west fork beaver creek, upstream of marathon road",Beaver Creek,STREAM,MAIN,TRUE,TRUE,TBD,FALSE
2022-09-09T16:00:00Z,10.956,beaver_creek_usgs_temp_3,60.65107,-151.09076,US/Alaska (UTC-9 / UTC-8),"west fork beaver creek, upstream of marathon road",Beaver Creek,STREAM,MAIN,TRUE,TRUE,TBD,FALSE
2022-09-09T16:15:00Z,10.98,beaver_creek_usgs_temp_3,60.65107,-151.09076,US/Alaska (UTC-9 / UTC-8),"west fork beaver creek, upstream of marathon road",Beaver Creek,STREAM,MAIN,TRUE,TRUE,TBD,FALSE
2022-09-09T16:30:00Z,10.98,beaver_creek_usgs_temp_3,60.65107,-151.09076,US/Alaska (UTC-9 / UTC-8),"west fork beaver creek, upstream of marathon road",Beaver Creek,STREAM,MAIN,TRUE,TRUE,TBD,FALSE
2022-09-09T16:45:00Z,11.005,beaver_creek_usgs_temp_3,60.65107,-151.09076,US/Alaska (UTC-9 / UTC-8),"west fork beaver creek, upstream of marathon road",Beaver Creek,STREAM,MAIN,TRUE,TRUE,TBD,FALSE
2022-09-09T17:00:00Z,11.078,beaver_creek_usgs_temp_3,60.65107,-151.09076,US/Alaska (UTC-9 / UTC-8),"west fork beaver creek, upstream of marathon road",Beaver Creek,STREAM,MAIN,TRUE,TRUE,TBD,FALSE
2022-09-09T17:15:00Z,11.151,beaver_creek_usgs_temp_3,60.65107,-151.09076,US/Alaska (UTC-9 / UTC-8),"west fork beaver creek, upstream of marathon road",Beaver Creek,STREAM,MAIN,TRUE,TRUE,TBD,FALSE
2022-09-09T17:30:00Z,11.151,beaver_creek_usgs_temp_3,60.65107,-151.09076,US/Alaska (UTC-9 / UTC-8),"west fork beaver creek, upstream of marathon road",Beaver Creek,STREAM,MAIN,TRUE,TRUE,TBD,FALSE
2022-09-09T17:45:00Z,11.2,beaver_creek_usgs_temp_3,60.65107,-151.09076,US/Alaska (UTC-9 / UTC-8),"west fork beaver creek, upstream of marathon road",Beaver Creek,STREAM,MAIN,TRUE,TRUE,TBD,FALSE
2022-09-09T18:00:00Z,11.2,beaver_creek_usgs_temp_3,60.65107,-151.09076,US/Alaska (UTC-9 / UTC-8),"west fork beaver creek, upstream of marathon road",Beaver Creek,STREAM,MAIN,TRUE,TRUE,TBD,FALSE
2022-09-09T18:15:00Z,11.175,beaver_creek_usgs_temp_3,60.65107,-151.09076,US/Alaska (UTC-9 / UTC-8),"west fork beaver creek, upstream of marathon road",Beaver Creek,STREAM,MAIN,TRUE,TRUE,TBD,FALSE
2022-09-09T18:30:00Z,11.175,beaver_creek_usgs_temp_3,60.65107,-151.09076,US/Alaska (UTC-9 / UTC-8),"west fork beaver creek, upstream of marathon road",Beaver Creek,STREAM,MAIN,TRUE,TRUE,TBD,FALSE
2022-09-09T18:45:00Z,11.151,beaver_creek_usgs_temp_3,60.65107,-151.09076,US/Alaska (UTC-9 / UTC-8),"west fork beaver creek, upstream of marathon road",Beaver Creek,STREAM,MAIN,TRUE,TRUE,TBD,FALSE
2022-09-09T19:00:00Z,11.151,beaver_creek_usgs_temp_3,60.65107,-151.09076,US/Alaska (UTC-9 / UTC-8),"west fork beaver creek, upstream of marathon road",Beaver Creek,STREAM,MAIN,TRUE,TRUE,TBD,FALSE
2022-09-09T19:15:00Z,11.151,beaver_creek_usgs_temp_3,60.65107,-151.09076,US/Alaska (UTC-9 / UTC-8),"west fork beaver creek, upstream of marathon road",Beaver Creek,STREAM,MAIN,TRUE,TRUE,TBD,FALSE
2022-09-09T19:30:00Z,11.151,beaver_creek_usgs_temp_3,60.65107,-151.09076,US/Alaska (UTC-9 / UTC-8),"west fork beaver creek, upstream of marathon road",Beaver Creek,STREAM,MAIN,TRUE,TRUE,TBD,FALSE
2022-09-09T19:45:00Z,11.127,beaver_creek_usgs_temp_3,60.65107,-151.09076,US/Alaska (UTC-9 / UTC-8),"west fork beaver creek, upstream of marathon road",Beaver Creek,STREAM,MAIN,TRUE,TRUE,TBD,FALSE
2022-09-09T20:00:00Z,11.078,beaver_creek_usgs_temp_3,60.65107,-151.09076,US/Alaska (UTC-9 / UTC-8),"west fork beaver creek, upstream of marathon road",Beaver Creek,STREAM,MAIN,TRUE,TRUE,TBD,FALSE
2022-09-09T20:15:00Z,11.053,beaver_creek_usgs_temp_3,60.65107,-151.09076,US/Alaska (UTC-9 / UTC-8),"west fork beaver creek, upstream of marathon road",Beaver Creek,STREAM,MAIN,TRUE,TRUE,TBD,FALSE
2022-09-09T20:30:00Z,11.005,beaver_creek_usgs_temp_3,60.65107,-151.09076,US/Alaska (UTC-9 / UTC-8),"west fork beaver creek, upstream of marathon road",Beaver Creek,STREAM,MAIN,TRUE,TRUE,TBD,FALSE
2022-09-09T20:45:00Z,10.956,beaver_creek_usgs_temp_3,60.65107,-151.09076,US/Alaska (UTC-9 / UTC-8),"west fork beaver creek, upstream of marathon road",Beaver Creek,STREAM,MAIN,TRUE,TRUE,TBD,FALSE
2022-09-09T21:00:00Z,10.932,beaver_creek_usgs_temp_3,60.65107,-151.09076,US/Alaska (UTC-9 / UTC-8),"west fork beaver creek, upstream of marathon road",Beaver Creek,STREAM,MAIN,TRUE,TRUE,TBD,FALSE
2022-09-09T21:15:00Z,10.858,beaver_creek_usgs_temp_3,60.65107,-151.09076,US/Alaska (UTC-9 / UTC-8),"west fork beaver creek, upstream of marathon road",Beaver Creek,STREAM,MAIN,TRUE,TRUE,TBD,FALSE
2022-09-09T21:30:00Z,10.81,beaver_creek_usgs_temp_3,60.65107,-151.09076,US/Alaska (UTC-9 / UTC-8),"west fork beaver creek, upstream of marathon road",Beaver Creek,STREAM,MAIN,TRUE,TRUE,TBD,FALSE
2022-09-09T21:45:00Z,10.761,beaver_creek_usgs_temp_3,60.65107,-151.09076,US/Alaska (UTC-9 / UTC-8),"west fork beaver creek, upstream of marathon road",Beaver Creek,STREAM,MAIN,TRUE,TRUE,TBD,FALSE
2022-09-09T22:00:00Z,10.712,beaver_creek_usgs_temp_3,60.65107,-151.09076,US/Alaska (UTC-9 / UTC-8),"west fork beaver creek, upstream of marathon road",Beaver Creek,STREAM,MAIN,TRUE,TRUE,TBD,FALSE
2022-09-09T22:15:00Z,10.663,beaver_creek_usgs_temp_3,60.65107,-151.09076,US/Alaska (UTC-9 / UTC-8),"west fork beaver creek, upstream of marathon road",Beaver Creek,STREAM,MAIN,TRUE,TRUE,TBD,FALSE
2022-09-09T22:30:00Z,10.59,beaver_creek_usgs_temp_3,60.65107,-151.09076,US/Alaska (UTC-9 / UTC-8),"west fork beaver creek, upstream of marathon road",Beaver Creek,STREAM,MAIN,TRUE,TRUE,TBD,FALSE
2022-09-09T22:45:00Z,10.541,beaver_creek_usgs_temp_3,60.65107,-151.09076,US/Alaska (UTC-9 / UTC-8),"west fork beaver creek, upstream of marathon road",Beaver Creek,STREAM,MAIN,TRUE,TRUE,TBD,FALSE
2022-09-09T23:00:00Z,10.492,beaver_creek_usgs_temp_3,60.65107,-151.09076,US/Alaska (UTC-9 / UTC-8),"west fork beaver creek, upstream of marathon road",Beaver Creek,STREAM,MAIN,TRUE,TRUE,TBD,FALSE
2022-09-09T23:15:00Z,10.418,beaver_creek_usgs_temp_3,60.65107,-151.09076,US/Alaska (UTC-9 / UTC-8),"west fork beaver creek, upstream of marathon road",Beaver Creek,STREAM,MAIN,TRUE,TRUE,TBD,FALSE
2022-09-09T23:30:00Z,10.345,beaver_creek_usgs_temp_3,60.65107,-151.09076,US/Alaska (UTC-9 / UTC-8),"west fork beaver creek, upstream of marathon road",Beaver Creek,STREAM,MAIN,TRUE,TRUE,TBD,FALSE
2022-09-09T23:45:00Z,10.296,beaver_creek_usgs_temp_3,60.65107,-151.09076,US/Alaska (UTC-9 / UTC-8),"west fork beaver creek, upstream of marathon road",Beaver Creek,STREAM,MAIN,TRUE,TRUE,TBD,FALSE
2022-09-10T00:00:00Z,10.222,beaver_creek_usgs_temp_3,60.65107,-151.09076,US/Alaska (UTC-9 / UTC-8),"west fork beaver creek, upstream of marathon road",Beaver Creek,STREAM,MAIN,TRUE,TRUE,TBD,FALSE
2022-09-10T00:15:00Z,10.149,beaver_creek_usgs_temp_3,60.65107,-151.09076,US/Alaska (UTC-9 / UTC-8),"west fork beaver creek, upstream of marathon road",Beaver Creek,STREAM,MAIN,TRUE,TRUE,TBD,FALSE
2022-09-10T00:30:00Z,10.1,beaver_creek_usgs_temp_3,60.65107,-151.09076,US/Alaska (UTC-9 / UTC-8),"west fork beaver creek, upstream of marathon road",Beaver Creek,STREAM,MAIN,TRUE,TRUE,TBD,FALSE
2022-09-10T00:45:00Z,10.026,beaver_creek_usgs_temp_3,60.65107,-151.09076,US/Alaska (UTC-9 / UTC-8),"west fork beaver creek, upstream of marathon road",Beaver Creek,STREAM,MAIN,TRUE,TRUE,TBD,FALSE
2022-09-10T01:00:00Z,9.977,beaver_creek_usgs_temp_3,60.65107,-151.09076,US/Alaska (UTC-9 / UTC-8),"west fork beaver creek, upstream of marathon road",Beaver Creek,STREAM,MAIN,TRUE,TRUE,TBD,FALSE
2022-09-10T01:15:00Z,9.903,beaver_creek_usgs_temp_3,60.65107,-151.09076,US/Alaska (UTC-9 / UTC-8),"west fork beaver creek, upstream of marathon road",Beaver Creek,STREAM,MAIN,TRUE,TRUE,TBD,FALSE
2022-09-10T01:30:00Z,9.854,beaver_creek_usgs_temp_3,60.65107,-151.09076,US/Alaska (UTC-9 / UTC-8),"west fork beaver creek, upstream of marathon road",Beaver Creek,STREAM,MAIN,TRUE,TRUE,TBD,FALSE
2022-09-10T01:45:00Z,9.78,beaver_creek_usgs_temp_3,60.65107,-151.09076,US/Alaska (UTC-9 / UTC-8),"west fork beaver creek, upstream of marathon road",Beaver Creek,STREAM,MAIN,TRUE,TRUE,TBD,FALSE
2022-09-10T02:00:00Z,9.731,beaver_creek_usgs_temp_3,60.65107,-151.09076,US/Alaska (UTC-9 / UTC-8),"west fork beaver creek, upstream of marathon road",Beaver Creek,STREAM,MAIN,TRUE,TRUE,TBD,FALSE
2022-09-10T02:15:00Z,9.682,beaver_creek_usgs_temp_3,60.65107,-151.09076,US/Alaska (UTC-9 / UTC-8),"west fork beaver creek, upstream of marathon road",Beaver Creek,STREAM,MAIN,TRUE,TRUE,TBD,FALSE
2022-09-10T02:30:00Z,9.632,beaver_creek_usgs_temp_3,60.65107,-151.09076,US/Alaska (UTC-9 / UTC-8),"west fork beaver creek, upstream of marathon road",Beaver Creek,STREAM,MAIN,TRUE,TRUE,TBD,FALSE
2022-09-10T02:45:00Z,9.583,beaver_creek_usgs_temp_3,60.65107,-151.09076,US/Alaska (UTC-9 / UTC-8),"west fork beaver creek, upstream of marathon road",Beaver Creek,STREAM,MAIN,TRUE,TRUE,TBD,FALSE
2022-09-10T03:00:00Z,9.534,beaver_creek_usgs_temp_3,60.65107,-151.09076,US/Alaska (UTC-9 / UTC-8),"west fork beaver creek, upstream of marathon road",Beaver Creek,STREAM,MAIN,TRUE,TRUE,TBD,FALSE
2022-09-10T03:15:00Z,9.46,beaver_creek_usgs_temp_3,60.65107,-151.09076,US/Alaska (UTC-9 / UTC-8),"west fork beaver creek, upstream of marathon road",Beaver Creek,STREAM,MAIN,TRUE,TRUE,TBD,FALSE
2022-09-10T03:30:00Z,9.41,beaver_creek_usgs_temp_3,60.65107,-151.09076,US/Alaska (UTC-9 / UTC-8),"west fork beaver creek, upstream of marathon road",Beaver Creek,STREAM,MAIN,TRUE,TRUE,TBD,FALSE
2022-09-10T03:45:00Z,9.361,beaver_creek_usgs_temp_3,60.65107,-151.09076,US/Alaska (UTC-9 / UTC-8),"west fork beaver creek, upstream of marathon road",Beaver Creek,STREAM,MAIN,TRUE,TRUE,TBD,FALSE
2022-09-10T04:00:00Z,9.312,beaver_creek_usgs_temp_3,60.65107,-151.09076,US/Alaska (UTC-9 / UTC-8),"west fork beaver creek, upstream of marathon road",Beaver Creek,STREAM,MAIN,TRUE,TRUE,TBD,FALSE
2022-09-10T04:15:00Z,9.262,beaver_creek_usgs_temp_3,60.65107,-151.09076,US/Alaska (UTC-9 / UTC-8),"west fork beaver creek, upstream of marathon road",Beaver Creek,STREAM,MAIN,TRUE,TRUE,TBD,FALSE
2022-09-10T04:30:00Z,9.213,beaver_creek_usgs_temp_3,60.65107,-151.09076,US/Alaska (UTC-9 / UTC-8),"west fork beaver creek, upstream of marathon road",Beaver Creek,STREAM,MAIN,TRUE,TRUE,TBD,FALSE
2022-09-10T04:45:00Z,9.163,beaver_creek_usgs_temp_3,60.65107,-151.09076,US/Alaska (UTC-9 / UTC-8),"west fork beaver creek, upstream of marathon road",Beaver Creek,STREAM,MAIN,TRUE,TRUE,TBD,FALSE
2022-09-10T05:00:00Z,9.114,beaver_creek_usgs_temp_3,60.65107,-151.09076,US/Alaska (UTC-9 / UTC-8),"west fork beaver creek, upstream of marathon road",Beaver Creek,STREAM,MAIN,TRUE,TRUE,TBD,FALSE
2022-09-10T05:15:00Z,9.064,beaver_creek_usgs_temp_3,60.65107,-151.09076,US/Alaska (UTC-9 / UTC-8),"west fork beaver creek, upstream of marathon road",Beaver Creek,STREAM,MAIN,TRUE,TRUE,TBD,FALSE
2022-09-10T05:30:00Z,9.015,beaver_creek_usgs_temp_3,60.65107,-151.09076,US/Alaska (UTC-9 / UTC-8),"west fork beaver creek, upstream of marathon road",Beaver Creek,STREAM,MAIN,TRUE,TRUE,TBD,FALSE
2022-09-10T05:45:00Z,8.965,beaver_creek_usgs_temp_3,60.65107,-151.09076,US/Alaska (UTC-9 / UTC-8),"west fork beaver creek, upstream of marathon road",Beaver Creek,STREAM,MAIN,TRUE,TRUE,TBD,FALSE
2022-09-10T06:00:00Z,8.916,beaver_creek_usgs_temp_3,60.65107,-151.09076,US/Alaska (UTC-9 / UTC-8),"west fork beaver creek, upstream of marathon road",Beaver Creek,STREAM,MAIN,TRUE,TRUE,TBD,FALSE
2022-09-10T06:15:00Z,8.866,beaver_creek_usgs_temp_3,60.65107,-151.09076,US/Alaska (UTC-9 / UTC-8),"west fork beaver creek, upstream of marathon road",Beaver Creek,STREAM,MAIN,TRUE,TRUE,TBD,FALSE
2022-09-10T06:30:00Z,8.817,beaver_creek_usgs_temp_3,60.65107,-151.09076,US/Alaska (UTC-9 / UTC-8),"west fork beaver creek, upstream of marathon road",Beaver Creek,STREAM,MAIN,TRUE,TRUE,TBD,FALSE
2022-09-10T06:45:00Z,8.767,beaver_creek_usgs_temp_3,60.65107,-151.09076,US/Alaska (UTC-9 / UTC-8),"west fork beaver creek, upstream of marathon road",Beaver Creek,STREAM,MAIN,TRUE,TRUE,TBD,FALSE
2022-09-10T07:00:00Z,8.717,beaver_creek_usgs_temp_3,60.65107,-151.09076,US/Alaska (UTC-9 / UTC-8),"west fork beaver creek, upstream of marathon road",Beaver Creek,STREAM,MAIN,TRUE,TRUE,TBD,FALSE
2022-09-10T07:15:00Z,8.668,beaver_creek_usgs_temp_3,60.65107,-151.09076,US/Alaska (UTC-9 / UTC-8),"west fork beaver creek, upstream of marathon road",Beaver Creek,STREAM,MAIN,TRUE,TRUE,TBD,FALSE
2022-09-10T07:30:00Z,8.618,beaver_creek_usgs_temp_3,60.65107,-151.09076,US/Alaska (UTC-9 / UTC-8),"west fork beaver creek, upstream of marathon road",Beaver Creek,STREAM,MAIN,TRUE,TRUE,TBD,FALSE
2022-09-10T07:45:00Z,8.568,beaver_creek_usgs_temp_3,60.65107,-151.09076,US/Alaska (UTC-9 / UTC-8),"west fork beaver creek, upstream of marathon road",Beaver Creek,STREAM,MAIN,TRUE,TRUE,TBD,FALSE
2022-09-10T08:00:00Z,8.519,beaver_creek_usgs_temp_3,60.65107,-151.09076,US/Alaska (UTC-9 / UTC-8),"west fork beaver creek, upstream of marathon road",Beaver Creek,STREAM,MAIN,TRUE,TRUE,TBD,FALSE
2022-09-10T08:15:00Z,8.494,beaver_creek_usgs_temp_3,60.65107,-151.09076,US/Alaska (UTC-9 / UTC-8),"west fork beaver creek, upstream of marathon road",Beaver Creek,STREAM,MAIN,TRUE,TRUE,TBD,FALSE
2022-09-10T08:30:00Z,8.444,beaver_creek_usgs_temp_3,60.65107,-151.09076,US/Alaska (UTC-9 / UTC-8),"west fork beaver creek, upstream of marathon road",Beaver Creek,STREAM,MAIN,TRUE,TRUE,TBD,FALSE
2022-09-10T08:45:00Z,8.419,beaver_creek_usgs_temp_3,60.65107,-151.09076,US/Alaska (UTC-9 / UTC-8),"west fork beaver creek, upstream of marathon road",Beaver Creek,STREAM,MAIN,TRUE,TRUE,TBD,FALSE
2022-09-10T09:00:00Z,8.394,beaver_creek_usgs_temp_3,60.65107,-151.09076,US/Alaska (UTC-9 / UTC-8),"west fork beaver creek, upstream of marathon road",Beaver Creek,STREAM,MAIN,TRUE,TRUE,TBD,FALSE
2022-09-10T09:15:00Z,8.394,beaver_creek_usgs_temp_3,60.65107,-151.09076,US/Alaska (UTC-9 / UTC-8),"west fork beaver creek, upstream of marathon road",Beaver Creek,STREAM,MAIN,TRUE,TRUE,TBD,FALSE
2022-09-10T09:30:00Z,8.394,beaver_creek_usgs_temp_3,60.65107,-151.09076,US/Alaska (UTC-9 / UTC-8),"west fork beaver creek, upstream of marathon road",Beaver Creek,STREAM,MAIN,TRUE,TRUE,TBD,FALSE
2022-09-10T09:45:00Z,8.394,beaver_creek_usgs_temp_3,60.65107,-151.09076,US/Alaska (UTC-9 / UTC-8),"west fork beaver creek, upstream of marathon road",Beaver Creek,STREAM,MAIN,TRUE,TRUE,TBD,FALSE
2022-09-10T10:00:00Z,8.444,beaver_creek_usgs_temp_3,60.65107,-151.09076,US/Alaska (UTC-9 / UTC-8),"west fork beaver creek, upstream of marathon road",Beaver Creek,STREAM,MAIN,TRUE,TRUE,TBD,FALSE
2022-09-10T10:15:00Z,8.469,beaver_creek_usgs_temp_3,60.65107,-151.09076,US/Alaska (UTC-9 / UTC-8),"west fork beaver creek, upstream of marathon road",Beaver Creek,STREAM,MAIN,TRUE,TRUE,TBD,FALSE
2022-09-10T10:30:00Z,8.519,beaver_creek_usgs_temp_3,60.65107,-151.09076,US/Alaska (UTC-9 / UTC-8),"west fork beaver creek, upstream of marathon road",Beaver Creek,STREAM,MAIN,TRUE,TRUE,TBD,FALSE
2022-09-10T10:45:00Z,8.568,beaver_creek_usgs_temp_3,60.65107,-151.09076,US/Alaska (UTC-9 / UTC-8),"west fork beaver creek, upstream of marathon road",Beaver Creek,STREAM,MAIN,TRUE,TRUE,TBD,FALSE
2022-09-10T11:00:00Z,8.643,beaver_creek_usgs_temp_3,60.65107,-151.09076,US/Alaska (UTC-9 / UTC-8),"west fork beaver creek, upstream of marathon road",Beaver Creek,STREAM,MAIN,TRUE,TRUE,TBD,FALSE
2022-09-10T11:15:00Z,8.717,beaver_creek_usgs_temp_3,60.65107,-151.09076,US/Alaska (UTC-9 / UTC-8),"west fork beaver creek, upstream of marathon road",Beaver Creek,STREAM,MAIN,TRUE,TRUE,TBD,FALSE
2022-09-10T11:30:00Z,8.792,beaver_creek_usgs_temp_3,60.65107,-151.09076,US/Alaska (UTC-9 / UTC-8),"west fork beaver creek, upstream of marathon road",Beaver Creek,STREAM,MAIN,TRUE,TRUE,TBD,FALSE
2022-09-10T11:45:00Z,8.866,beaver_creek_usgs_temp_3,60.65107,-151.09076,US/Alaska (UTC-9 / UTC-8),"west fork beaver creek, upstream of marathon road",Beaver Creek,STREAM,MAIN,TRUE,TRUE,TBD,FALSE
2022-09-10T12:00:00Z,8.941,beaver_creek_usgs_temp_3,60.65107,-151.09076,US/Alaska (UTC-9 / UTC-8),"west fork beaver creek, upstream of marathon road",Beaver Creek,STREAM,MAIN,TRUE,TRUE,TBD,FALSE
2022-09-10T12:15:00Z,9.04,beaver_creek_usgs_temp_3,60.65107,-151.09076,US/Alaska (UTC-9 / UTC-8),"west fork beaver creek, upstream of marathon road",Beaver Creek,STREAM,MAIN,TRUE,TRUE,TBD,FALSE
2022-09-10T12:30:00Z,9.188,beaver_creek_usgs_temp_3,60.65107,-151.09076,US/Alaska (UTC-9 / UTC-8),"west fork beaver creek, upstream of marathon road",Beaver Creek,STREAM,MAIN,TRUE,TRUE,TBD,FALSE
2022-09-10T12:45:00Z,9.361,beaver_creek_usgs_temp_3,60.65107,-151.09076,US/Alaska (UTC-9 / UTC-8),"west fork beaver creek, upstream of marathon road",Beaver Creek,STREAM,MAIN,TRUE,TRUE,TBD,FALSE
2022-09-10T13:00:00Z,9.534,beaver_creek_usgs_temp_3,60.65107,-151.09076,US/Alaska (UTC-9 / UTC-8),"west fork beaver creek, upstream of marathon road",Beaver Creek,STREAM,MAIN,TRUE,TRUE,TBD,FALSE
2022-09-10T13:15:00Z,9.632,beaver_creek_usgs_temp_3,60.65107,-151.09076,US/Alaska (UTC-9 / UTC-8),"west fork beaver creek, upstream of marathon road",Beaver Creek,STREAM,MAIN,TRUE,TRUE,TBD,FALSE
2022-09-10T13:30:00Z,9.829,beaver_creek_usgs_temp_3,60.65107,-151.09076,US/Alaska (UTC-9 / UTC-8),"west fork beaver creek, upstream of marathon road",Beaver Creek,STREAM,MAIN,TRUE,TRUE,TBD,FALSE
2022-09-10T13:45:00Z,10.026,beaver_creek_usgs_temp_3,60.65107,-151.09076,US/Alaska (UTC-9 / UTC-8),"west fork beaver creek, upstream of marathon road",Beaver Creek,STREAM,MAIN,TRUE,TRUE,TBD,FALSE
2022-09-10T14:00:00Z,10.198,beaver_creek_usgs_temp_3,60.65107,-151.09076,US/Alaska (UTC-9 / UTC-8),"west fork beaver creek, upstream of marathon road",Beaver Creek,STREAM,MAIN,TRUE,TRUE,TBD,FALSE
2022-09-10T14:15:00Z,10.369,beaver_creek_usgs_temp_3,60.65107,-151.09076,US/Alaska (UTC-9 / UTC-8),"west fork beaver creek, upstream of marathon road",Beaver Creek,STREAM,MAIN,TRUE,TRUE,TBD,FALSE
2022-09-10T14:30:00Z,10.565,beaver_creek_usgs_temp_3,60.65107,-151.09076,US/Alaska (UTC-9 / UTC-8),"west fork beaver creek, upstream of marathon road",Beaver Creek,STREAM,MAIN,TRUE,TRUE,TBD,FALSE
2022-09-10T14:45:00Z,10.736,beaver_creek_usgs_temp_3,60.65107,-151.09076,US/Alaska (UTC-9 / UTC-8),"west fork beaver creek, upstream of marathon road",Beaver Creek,STREAM,MAIN,TRUE,TRUE,TBD,FALSE
2022-09-10T15:00:00Z,10.907,beaver_creek_usgs_temp_3,60.65107,-151.09076,US/Alaska (UTC-9 / UTC-8),"west fork beaver creek, upstream of marathon road",Beaver Creek,STREAM,MAIN,TRUE,TRUE,TBD,FALSE
2022-09-10T15:15:00Z,11.005,beaver_creek_usgs_temp_3,60.65107,-151.09076,US/Alaska (UTC-9 / UTC-8),"west fork beaver creek, upstream of marathon road",Beaver Creek,STREAM,MAIN,TRUE,TRUE,TBD,FALSE
2022-09-10T15:30:00Z,11.2,beaver_creek_usgs_temp_3,60.65107,-151.09076,US/Alaska (UTC-9 / UTC-8),"west fork beaver creek, upstream of marathon road",Beaver Creek,STREAM,MAIN,TRUE,TRUE,TBD,FALSE
2022-09-10T15:45:00Z,11.37,beaver_creek_usgs_temp_3,60.65107,-151.09076,US/Alaska (UTC-9 / UTC-8),"west fork beaver creek, upstream of marathon road",Beaver Creek,STREAM,MAIN,TRUE,TRUE,TBD,FALSE
2022-09-10T16:00:00Z,11.492,beaver_creek_usgs_temp_3,60.65107,-151.09076,US/Alaska (UTC-9 / UTC-8),"west fork beaver creek, upstream of marathon road",Beaver Creek,STREAM,MAIN,TRUE,TRUE,TBD,FALSE
2022-09-10T16:15:00Z,11.662,beaver_creek_usgs_temp_3,60.65107,-151.09076,US/Alaska (UTC-9 / UTC-8),"west fork beaver creek, upstream of marathon road",Beaver Creek,STREAM,MAIN,TRUE,TRUE,TBD,FALSE
2022-09-10T16:30:00Z,11.832,beaver_creek_usgs_temp_3,60.65107,-151.09076,US/Alaska (UTC-9 / UTC-8),"west fork beaver creek, upstream of marathon road",Beaver Creek,STREAM,MAIN,TRUE,TRUE,TBD,FALSE
2022-09-10T16:45:00Z,11.929,beaver_creek_usgs_temp_3,60.65107,-151.09076,US/Alaska (UTC-9 / UTC-8),"west fork beaver creek, upstream of marathon road",Beaver Creek,STREAM,MAIN,TRUE,TRUE,TBD,FALSE
2022-09-10T17:00:00Z,11.977,beaver_creek_usgs_temp_3,60.65107,-151.09076,US/Alaska (UTC-9 / UTC-8),"west fork beaver creek, upstream of marathon road",Beaver Creek,STREAM,MAIN,TRUE,TRUE,TBD,FALSE
2022-09-10T17:15:00Z,12.025,beaver_creek_usgs_temp_3,60.65107,-151.09076,US/Alaska (UTC-9 / UTC-8),"west fork beaver creek, upstream of marathon road",Beaver Creek,STREAM,MAIN,TRUE,TRUE,TBD,FALSE
2022-09-10T17:30:00Z,12.122,beaver_creek_usgs_temp_3,60.65107,-151.09076,US/Alaska (UTC-9 / UTC-8),"west fork beaver creek, upstream of marathon road",Beaver Creek,STREAM,MAIN,TRUE,TRUE,TBD,FALSE
2022-09-10T17:45:00Z,12.171,beaver_creek_usgs_temp_3,60.65107,-151.09076,US/Alaska (UTC-9 / UTC-8),"west fork beaver creek, upstream of marathon road",Beaver Creek,STREAM,MAIN,TRUE,TRUE,TBD,FALSE
2022-09-10T18:00:00Z,12.219,beaver_creek_usgs_temp_3,60.65107,-151.09076,US/Alaska (UTC-9 / UTC-8),"west fork beaver creek, upstream of marathon road",Beaver Creek,STREAM,MAIN,TRUE,TRUE,TBD,FALSE
2022-09-10T18:15:00Z,12.243,beaver_creek_usgs_temp_3,60.65107,-151.09076,US/Alaska (UTC-9 / UTC-8),"west fork beaver creek, upstream of marathon road",Beaver Creek,STREAM,MAIN,TRUE,TRUE,TBD,FALSE
2022-09-10T18:30:00Z,12.268,beaver_creek_usgs_temp_3,60.65107,-151.09076,US/Alaska (UTC-9 / UTC-8),"west fork beaver creek, upstream of marathon road",Beaver Creek,STREAM,MAIN,TRUE,TRUE,TBD,FALSE
2022-09-10T18:45:00Z,12.316,beaver_creek_usgs_temp_3,60.65107,-151.09076,US/Alaska (UTC-9 / UTC-8),"west fork beaver creek, upstream of marathon road",Beaver Creek,STREAM,MAIN,TRUE,TRUE,TBD,FALSE
2022-09-10T19:00:00Z,12.34,beaver_creek_usgs_temp_3,60.65107,-151.09076,US/Alaska (UTC-9 / UTC-8),"west fork beaver creek, upstream of marathon road",Beaver Creek,STREAM,MAIN,TRUE,TRUE,TBD,FALSE
2022-09-10T19:15:00Z,12.364,beaver_creek_usgs_temp_3,60.65107,-151.09076,US/Alaska (UTC-9 / UTC-8),"west fork beaver creek, upstream of marathon road",Beaver Creek,STREAM,MAIN,TRUE,TRUE,TBD,FALSE
2022-09-10T19:30:00Z,12.389,beaver_creek_usgs_temp_3,60.65107,-151.09076,US/Alaska (UTC-9 / UTC-8),"west fork beaver creek, upstream of marathon road",Beaver Creek,STREAM,MAIN,TRUE,TRUE,TBD,FALSE
2022-09-10T19:45:00Z,12.389,beaver_creek_usgs_temp_3,60.65107,-151.09076,US/Alaska (UTC-9 / UTC-8),"west fork beaver creek, upstream of marathon road",Beaver Creek,STREAM,MAIN,TRUE,TRUE,TBD,FALSE
2022-09-10T20:00:00Z,12.389,beaver_creek_usgs_temp_3,60.65107,-151.09076,US/Alaska (UTC-9 / UTC-8),"west fork beaver creek, upstream of marathon road",Beaver Creek,STREAM,MAIN,TRUE,TRUE,TBD,FALSE
2022-09-10T20:15:00Z,12.389,beaver_creek_usgs_temp_3,60.65107,-151.09076,US/Alaska (UTC-9 / UTC-8),"west fork beaver creek, upstream of marathon road",Beaver Creek,STREAM,MAIN,TRUE,TRUE,TBD,FALSE
2022-09-10T20:30:00Z,12.364,beaver_creek_usgs_temp_3,60.65107,-151.09076,US/Alaska (UTC-9 / UTC-8),"west fork beaver creek, upstream of marathon road",Beaver Creek,STREAM,MAIN,TRUE,TRUE,TBD,FALSE
2022-09-10T20:45:00Z,12.34,beaver_creek_usgs_temp_3,60.65107,-151.09076,US/Alaska (UTC-9 / UTC-8),"west fork beaver creek, upstream of marathon road",Beaver Creek,STREAM,MAIN,TRUE,TRUE,TBD,FALSE
2022-09-10T21:00:00Z,12.34,beaver_creek_usgs_temp_3,60.65107,-151.09076,US/Alaska (UTC-9 / UTC-8),"west fork beaver creek, upstream of marathon road",Beaver Creek,STREAM,MAIN,TRUE,TRUE,TBD,FALSE
2022-09-10T21:15:00Z,12.316,beaver_creek_usgs_temp_3,60.65107,-151.09076,US/Alaska (UTC-9 / UTC-8),"west fork beaver creek, upstream of marathon road",Beaver Creek,STREAM,MAIN,TRUE,TRUE,TBD,FALSE
2022-09-10T21:30:00Z,12.292,beaver_creek_usgs_temp_3,60.65107,-151.09076,US/Alaska (UTC-9 / UTC-8),"west fork beaver creek, upstream of marathon road",Beaver Creek,STREAM,MAIN,TRUE,TRUE,TBD,FALSE
2022-09-10T21:45:00Z,12.268,beaver_creek_usgs_temp_3,60.65107,-151.09076,US/Alaska (UTC-9 / UTC-8),"west fork beaver creek, upstream of marathon road",Beaver Creek,STREAM,MAIN,TRUE,TRUE,TBD,FALSE
2022-09-10T22:00:00Z,12.243,beaver_creek_usgs_temp_3,60.65107,-151.09076,US/Alaska (UTC-9 / UTC-8),"west fork beaver creek, upstream of marathon road",Beaver Creek,STREAM,MAIN,TRUE,TRUE,TBD,FALSE
2022-09-10T22:15:00Z,12.243,beaver_creek_usgs_temp_3,60.65107,-151.09076,US/Alaska (UTC-9 / UTC-8),"west fork beaver creek, upstream of marathon road",Beaver Creek,STREAM,MAIN,TRUE,TRUE,TBD,FALSE
2022-09-10T22:30:00Z,12.219,beaver_creek_usgs_temp_3,60.65107,-151.09076,US/Alaska (UTC-9 / UTC-8),"west fork beaver creek, upstream of marathon road",Beaver Creek,STREAM,MAIN,TRUE,TRUE,TBD,FALSE
2022-09-10T22:45:00Z,12.195,beaver_creek_usgs_temp_3,60.65107,-151.09076,US/Alaska (UTC-9 / UTC-8),"west fork beaver creek, upstream of marathon road",Beaver Creek,STREAM,MAIN,TRUE,TRUE,TBD,FALSE
2022-09-10T23:00:00Z,12.195,beaver_creek_usgs_temp_3,60.65107,-151.09076,US/Alaska (UTC-9 / UTC-8),"west fork beaver creek, upstream of marathon road",Beaver Creek,STREAM,MAIN,TRUE,TRUE,TBD,FALSE
2022-09-10T23:15:00Z,12.171,beaver_creek_usgs_temp_3,60.65107,-151.09076,US/Alaska (UTC-9 / UTC-8),"west fork beaver creek, upstream of marathon road",Beaver Creek,STREAM,MAIN,TRUE,TRUE,TBD,FALSE
2022-09-10T23:30:00Z,12.171,beaver_creek_usgs_temp_3,60.65107,-151.09076,US/Alaska (UTC-9 / UTC-8),"west fork beaver creek, upstream of marathon road",Beaver Creek,STREAM,MAIN,TRUE,TRUE,TBD,FALSE
2022-09-10T23:45:00Z,12.147,beaver_creek_usgs_temp_3,60.65107,-151.09076,US/Alaska (UTC-9 / UTC-8),"west fork beaver creek, upstream of marathon road",Beaver Creek,STREAM,MAIN,TRUE,TRUE,TBD,FALSE
2022-09-11T00:00:00Z,12.147,beaver_creek_usgs_temp_3,60.65107,-151.09076,US/Alaska (UTC-9 / UTC-8),"west fork beaver creek, upstream of marathon road",Beaver Creek,STREAM,MAIN,TRUE,TRUE,TBD,FALSE
2022-09-11T00:15:00Z,12.122,beaver_creek_usgs_temp_3,60.65107,-151.09076,US/Alaska (UTC-9 / UTC-8),"west fork beaver creek, upstream of marathon road",Beaver Creek,STREAM,MAIN,TRUE,TRUE,TBD,FALSE
2022-09-11T00:30:00Z,12.122,beaver_creek_usgs_temp_3,60.65107,-151.09076,US/Alaska (UTC-9 / UTC-8),"west fork beaver creek, upstream of marathon road",Beaver Creek,STREAM,MAIN,TRUE,TRUE,TBD,FALSE
2022-09-11T00:45:00Z,12.122,beaver_creek_usgs_temp_3,60.65107,-151.09076,US/Alaska (UTC-9 / UTC-8),"west fork beaver creek, upstream of marathon road",Beaver Creek,STREAM,MAIN,TRUE,TRUE,TBD,FALSE
2022-09-11T01:00:00Z,12.122,beaver_creek_usgs_temp_3,60.65107,-151.09076,US/Alaska (UTC-9 / UTC-8),"west fork beaver creek, upstream of marathon road",Beaver Creek,STREAM,MAIN,TRUE,TRUE,TBD,FALSE
2022-09-11T01:15:00Z,12.122,beaver_creek_usgs_temp_3,60.65107,-151.09076,US/Alaska (UTC-9 / UTC-8),"west fork beaver creek, upstream of marathon road",Beaver Creek,STREAM,MAIN,TRUE,TRUE,TBD,FALSE
2022-09-11T01:30:00Z,12.122,beaver_creek_usgs_temp_3,60.65107,-151.09076,US/Alaska (UTC-9 / UTC-8),"west fork beaver creek, upstream of marathon road",Beaver Creek,STREAM,MAIN,TRUE,TRUE,TBD,FALSE
2022-09-11T01:45:00Z,12.122,beaver_creek_usgs_temp_3,60.65107,-151.09076,US/Alaska (UTC-9 / UTC-8),"west fork beaver creek, upstream of marathon road",Beaver Creek,STREAM,MAIN,TRUE,TRUE,TBD,FALSE
2022-09-11T02:00:00Z,12.098,beaver_creek_usgs_temp_3,60.65107,-151.09076,US/Alaska (UTC-9 / UTC-8),"west fork beaver creek, upstream of marathon road",Beaver Creek,STREAM,MAIN,TRUE,TRUE,TBD,FALSE
2022-09-11T02:15:00Z,12.098,beaver_creek_usgs_temp_3,60.65107,-151.09076,US/Alaska (UTC-9 / UTC-8),"west fork beaver creek, upstream of marathon road",Beaver Creek,STREAM,MAIN,TRUE,TRUE,TBD,FALSE
2022-09-11T02:30:00Z,12.074,beaver_creek_usgs_temp_3,60.65107,-151.09076,US/Alaska (UTC-9 / UTC-8),"west fork beaver creek, upstream of marathon road",Beaver Creek,STREAM,MAIN,TRUE,TRUE,TBD,FALSE
2022-09-11T02:45:00Z,12.074,beaver_creek_usgs_temp_3,60.65107,-151.09076,US/Alaska (UTC-9 / UTC-8),"west fork beaver creek, upstream of marathon road",Beaver Creek,STREAM,MAIN,TRUE,TRUE,TBD,FALSE
2022-09-11T03:00:00Z,12.05,beaver_creek_usgs_temp_3,60.65107,-151.09076,US/Alaska (UTC-9 / UTC-8),"west fork beaver creek, upstream of marathon road",Beaver Creek,STREAM,MAIN,TRUE,TRUE,TBD,FALSE
2022-09-11T03:15:00Z,12.05,beaver_creek_usgs_temp_3,60.65107,-151.09076,US/Alaska (UTC-9 / UTC-8),"west fork beaver creek, upstream of marathon road",Beaver Creek,STREAM,MAIN,TRUE,TRUE,TBD,FALSE
2022-09-11T03:30:00Z,12.025,beaver_creek_usgs_temp_3,60.65107,-151.09076,US/Alaska (UTC-9 / UTC-8),"west fork beaver creek, upstream of marathon road",Beaver Creek,STREAM,MAIN,TRUE,TRUE,TBD,FALSE
2022-09-11T03:45:00Z,12.001,beaver_creek_usgs_temp_3,60.65107,-151.09076,US/Alaska (UTC-9 / UTC-8),"west fork beaver creek, upstream of marathon road",Beaver Creek,STREAM,MAIN,TRUE,TRUE,TBD,FALSE
2022-09-11T04:00:00Z,12.001,beaver_creek_usgs_temp_3,60.65107,-151.09076,US/Alaska (UTC-9 / UTC-8),"west fork beaver creek, upstream of marathon road",Beaver Creek,STREAM,MAIN,TRUE,TRUE,TBD,FALSE
2022-09-11T04:15:00Z,11.977,beaver_creek_usgs_temp_3,60.65107,-151.09076,US/Alaska (UTC-9 / UTC-8),"west fork beaver creek, upstream of marathon road",Beaver Creek,STREAM,MAIN,TRUE,TRUE,TBD,FALSE
2022-09-11T04:30:00Z,11.953,beaver_creek_usgs_temp_3,60.65107,-151.09076,US/Alaska (UTC-9 / UTC-8),"west fork beaver creek, upstream of marathon road",Beaver Creek,STREAM,MAIN,TRUE,TRUE,TBD,FALSE
2022-09-11T04:45:00Z,11.929,beaver_creek_usgs_temp_3,60.65107,-151.09076,US/Alaska (UTC-9 / UTC-8),"west fork beaver creek, upstream of marathon road",Beaver Creek,STREAM,MAIN,TRUE,TRUE,TBD,FALSE
2022-09-11T05:00:00Z,11.904,beaver_creek_usgs_temp_3,60.65107,-151.09076,US/Alaska (UTC-9 / UTC-8),"west fork beaver creek, upstream of marathon road",Beaver Creek,STREAM,MAIN,TRUE,TRUE,TBD,FALSE
2022-09-11T05:15:00Z,11.88,beaver_creek_usgs_temp_3,60.65107,-151.09076,US/Alaska (UTC-9 / UTC-8),"west fork beaver creek, upstream of marathon road",Beaver Creek,STREAM,MAIN,TRUE,TRUE,TBD,FALSE
2022-09-11T05:30:00Z,11.856,beaver_creek_usgs_temp_3,60.65107,-151.09076,US/Alaska (UTC-9 / UTC-8),"west fork beaver creek, upstream of marathon road",Beaver Creek,STREAM,MAIN,TRUE,TRUE,TBD,FALSE
2022-09-11T05:45:00Z,11.832,beaver_creek_usgs_temp_3,60.65107,-151.09076,US/Alaska (UTC-9 / UTC-8),"west fork beaver creek, upstream of marathon road",Beaver Creek,STREAM,MAIN,TRUE,TRUE,TBD,FALSE
2022-09-11T06:00:00Z,11.807,beaver_creek_usgs_temp_3,60.65107,-151.09076,US/Alaska (UTC-9 / UTC-8),"west fork beaver creek, upstream of marathon road",Beaver Creek,STREAM,MAIN,TRUE,TRUE,TBD,FALSE
2022-09-11T06:15:00Z,11.783,beaver_creek_usgs_temp_3,60.65107,-151.09076,US/Alaska (UTC-9 / UTC-8),"west fork beaver creek, upstream of marathon road",Beaver Creek,STREAM,MAIN,TRUE,TRUE,TBD,FALSE
2022-09-11T06:30:00Z,11.734,beaver_creek_usgs_temp_3,60.65107,-151.09076,US/Alaska (UTC-9 / UTC-8),"west fork beaver creek, upstream of marathon road",Beaver Creek,STREAM,MAIN,TRUE,TRUE,TBD,FALSE
2022-09-11T06:45:00Z,11.71,beaver_creek_usgs_temp_3,60.65107,-151.09076,US/Alaska (UTC-9 / UTC-8),"west fork beaver creek, upstream of marathon road",Beaver Creek,STREAM,MAIN,TRUE,TRUE,TBD,FALSE
2022-09-11T07:00:00Z,11.686,beaver_creek_usgs_temp_3,60.65107,-151.09076,US/Alaska (UTC-9 / UTC-8),"west fork beaver creek, upstream of marathon road",Beaver Creek,STREAM,MAIN,TRUE,TRUE,TBD,FALSE
2022-09-11T07:15:00Z,11.662,beaver_creek_usgs_temp_3,60.65107,-151.09076,US/Alaska (UTC-9 / UTC-8),"west fork beaver creek, upstream of marathon road",Beaver Creek,STREAM,MAIN,TRUE,TRUE,TBD,FALSE
2022-09-11T07:30:00Z,11.637,beaver_creek_usgs_temp_3,60.65107,-151.09076,US/Alaska (UTC-9 / UTC-8),"west fork beaver creek, upstream of marathon road",Beaver Creek,STREAM,MAIN,TRUE,TRUE,TBD,FALSE
2022-09-11T07:45:00Z,11.589,beaver_creek_usgs_temp_3,60.65107,-151.09076,US/Alaska (UTC-9 / UTC-8),"west fork beaver creek, upstream of marathon road",Beaver Creek,STREAM,MAIN,TRUE,TRUE,TBD,FALSE
2022-09-11T08:00:00Z,11.565,beaver_creek_usgs_temp_3,60.65107,-151.09076,US/Alaska (UTC-9 / UTC-8),"west fork beaver creek, upstream of marathon road",Beaver Creek,STREAM,MAIN,TRUE,TRUE,TBD,FALSE
2022-09-11T08:15:00Z,11.54,beaver_creek_usgs_temp_3,60.65107,-151.09076,US/Alaska (UTC-9 / UTC-8),"west fork beaver creek, upstream of marathon road",Beaver Creek,STREAM,MAIN,TRUE,TRUE,TBD,FALSE
2022-09-11T08:30:00Z,11.516,beaver_creek_usgs_temp_3,60.65107,-151.09076,US/Alaska (UTC-9 / UTC-8),"west fork beaver creek, upstream of marathon road",Beaver Creek,STREAM,MAIN,TRUE,TRUE,TBD,FALSE
2022-09-11T08:45:00Z,11.492,beaver_creek_usgs_temp_3,60.65107,-151.09076,US/Alaska (UTC-9 / UTC-8),"west fork beaver creek, upstream of marathon road",Beaver Creek,STREAM,MAIN,TRUE,TRUE,TBD,FALSE
2022-09-11T09:00:00Z,11.492,beaver_creek_usgs_temp_3,60.65107,-151.09076,US/Alaska (UTC-9 / UTC-8),"west fork beaver creek, upstream of marathon road",Beaver Creek,STREAM,MAIN,TRUE,TRUE,TBD,FALSE
2022-09-11T09:15:00Z,11.467,beaver_creek_usgs_temp_3,60.65107,-151.09076,US/Alaska (UTC-9 / UTC-8),"west fork beaver creek, upstream of marathon road",Beaver Creek,STREAM,MAIN,TRUE,TRUE,TBD,FALSE
2022-09-11T09:30:00Z,11.443,beaver_creek_usgs_temp_3,60.65107,-151.09076,US/Alaska (UTC-9 / UTC-8),"west fork beaver creek, upstream of marathon road",Beaver Creek,STREAM,MAIN,TRUE,TRUE,TBD,FALSE
2022-09-11T09:45:00Z,11.443,beaver_creek_usgs_temp_3,60.65107,-151.09076,US/Alaska (UTC-9 / UTC-8),"west fork beaver creek, upstream of marathon road",Beaver Creek,STREAM,MAIN,TRUE,TRUE,TBD,FALSE
2022-09-11T10:00:00Z,11.443,beaver_creek_usgs_temp_3,60.65107,-151.09076,US/Alaska (UTC-9 / UTC-8),"west fork beaver creek, upstream of marathon road",Beaver Creek,STREAM,MAIN,TRUE,TRUE,TBD,FALSE
2022-09-11T10:15:00Z,11.467,beaver_creek_usgs_temp_3,60.65107,-151.09076,US/Alaska (UTC-9 / UTC-8),"west fork beaver creek, upstream of marathon road",Beaver Creek,STREAM,MAIN,TRUE,TRUE,TBD,FALSE
2022-09-11T10:30:00Z,11.492,beaver_creek_usgs_temp_3,60.65107,-151.09076,US/Alaska (UTC-9 / UTC-8),"west fork beaver creek, upstream of marathon road",Beaver Creek,STREAM,MAIN,TRUE,TRUE,TBD,FALSE
2022-09-11T10:45:00Z,11.492,beaver_creek_usgs_temp_3,60.65107,-151.09076,US/Alaska (UTC-9 / UTC-8),"west fork beaver creek, upstream of marathon road",Beaver Creek,STREAM,MAIN,TRUE,TRUE,TBD,FALSE
2022-09-11T11:00:00Z,11.492,beaver_creek_usgs_temp_3,60.65107,-151.09076,US/Alaska (UTC-9 / UTC-8),"west fork beaver creek, upstream of marathon road",Beaver Creek,STREAM,MAIN,TRUE,TRUE,TBD,FALSE
2022-09-11T11:15:00Z,11.492,beaver_creek_usgs_temp_3,60.65107,-151.09076,US/Alaska (UTC-9 / UTC-8),"west fork beaver creek, upstream of marathon road",Beaver Creek,STREAM,MAIN,TRUE,TRUE,TBD,FALSE
2022-09-11T11:30:00Z,11.492,beaver_creek_usgs_temp_3,60.65107,-151.09076,US/Alaska (UTC-9 / UTC-8),"west fork beaver creek, upstream of marathon road",Beaver Creek,STREAM,MAIN,TRUE,TRUE,TBD,FALSE
2022-09-11T11:45:00Z,11.516,beaver_creek_usgs_temp_3,60.65107,-151.09076,US/Alaska (UTC-9 / UTC-8),"west fork beaver creek, upstream of marathon road",Beaver Creek,STREAM,MAIN,TRUE,TRUE,TBD,FALSE
2022-09-11T12:00:00Z,11.54,beaver_creek_usgs_temp_3,60.65107,-151.09076,US/Alaska (UTC-9 / UTC-8),"west fork beaver creek, upstream of marathon road",Beaver Creek,STREAM,MAIN,TRUE,TRUE,TBD,FALSE
2022-09-11T12:15:00Z,11.589,beaver_creek_usgs_temp_3,60.65107,-151.09076,US/Alaska (UTC-9 / UTC-8),"west fork beaver creek, upstream of marathon road",Beaver Creek,STREAM,MAIN,TRUE,TRUE,TBD,FALSE
2022-09-11T12:30:00Z,11.613,beaver_creek_usgs_temp_3,60.65107,-151.09076,US/Alaska (UTC-9 / UTC-8),"west fork beaver creek, upstream of marathon road",Beaver Creek,STREAM,MAIN,TRUE,TRUE,TBD,FALSE
2022-09-11T12:45:00Z,11.686,beaver_creek_usgs_temp_3,60.65107,-151.09076,US/Alaska (UTC-9 / UTC-8),"west fork beaver creek, upstream of marathon road",Beaver Creek,STREAM,MAIN,TRUE,TRUE,TBD,FALSE
2022-09-11T13:00:00Z,11.71,beaver_creek_usgs_temp_3,60.65107,-151.09076,US/Alaska (UTC-9 / UTC-8),"west fork beaver creek, upstream of marathon road",Beaver Creek,STREAM,MAIN,TRUE,TRUE,TBD,FALSE
2022-09-11T13:15:00Z,11.734,beaver_creek_usgs_temp_3,60.65107,-151.09076,US/Alaska (UTC-9 / UTC-8),"west fork beaver creek, upstream of marathon road",Beaver Creek,STREAM,MAIN,TRUE,TRUE,TBD,FALSE
2022-09-11T13:30:00Z,11.783,beaver_creek_usgs_temp_3,60.65107,-151.09076,US/Alaska (UTC-9 / UTC-8),"west fork beaver creek, upstream of marathon road",Beaver Creek,STREAM,MAIN,TRUE,TRUE,TBD,FALSE
2022-09-11T13:45:00Z,11.832,beaver_creek_usgs_temp_3,60.65107,-151.09076,US/Alaska (UTC-9 / UTC-8),"west fork beaver creek, upstream of marathon road",Beaver Creek,STREAM,MAIN,TRUE,TRUE,TBD,FALSE
2022-09-11T14:00:00Z,11.88,beaver_creek_usgs_temp_3,60.65107,-151.09076,US/Alaska (UTC-9 / UTC-8),"west fork beaver creek, upstream of marathon road",Beaver Creek,STREAM,MAIN,TRUE,TRUE,TBD,FALSE
2022-09-11T14:15:00Z,11.929,beaver_creek_usgs_temp_3,60.65107,-151.09076,US/Alaska (UTC-9 / UTC-8),"west fork beaver creek, upstream of marathon road",Beaver Creek,STREAM,MAIN,TRUE,TRUE,TBD,FALSE
2022-09-11T14:30:00Z,11.953,beaver_creek_usgs_temp_3,60.65107,-151.09076,US/Alaska (UTC-9 / UTC-8),"west fork beaver creek, upstream of marathon road",Beaver Creek,STREAM,MAIN,TRUE,TRUE,TBD,FALSE
2022-09-11T14:45:00Z,11.977,beaver_creek_usgs_temp_3,60.65107,-151.09076,US/Alaska (UTC-9 / UTC-8),"west fork beaver creek, upstream of marathon road",Beaver Creek,STREAM,MAIN,TRUE,TRUE,TBD,FALSE
2022-09-11T15:00:00Z,12.001,beaver_creek_usgs_temp_3,60.65107,-151.09076,US/Alaska (UTC-9 / UTC-8),"west fork beaver creek, upstream of marathon road",Beaver Creek,STREAM,MAIN,TRUE,TRUE,TBD,FALSE
2022-09-11T15:15:00Z,12.074,beaver_creek_usgs_temp_3,60.65107,-151.09076,US/Alaska (UTC-9 / UTC-8),"west fork beaver creek, upstream of marathon road",Beaver Creek,STREAM,MAIN,TRUE,TRUE,TBD,FALSE
2022-09-11T15:30:00Z,12.147,beaver_creek_usgs_temp_3,60.65107,-151.09076,US/Alaska (UTC-9 / UTC-8),"west fork beaver creek, upstream of marathon road",Beaver Creek,STREAM,MAIN,TRUE,TRUE,TBD,FALSE
2022-09-11T15:45:00Z,12.171,beaver_creek_usgs_temp_3,60.65107,-151.09076,US/Alaska (UTC-9 / UTC-8),"west fork beaver creek, upstream of marathon road",Beaver Creek,STREAM,MAIN,TRUE,TRUE,TBD,FALSE
2022-09-11T16:00:00Z,12.243,beaver_creek_usgs_temp_3,60.65107,-151.09076,US/Alaska (UTC-9 / UTC-8),"west fork beaver creek, upstream of marathon road",Beaver Creek,STREAM,MAIN,TRUE,TRUE,TBD,FALSE
2022-09-11T16:15:00Z,12.316,beaver_creek_usgs_temp_3,60.65107,-151.09076,US/Alaska (UTC-9 / UTC-8),"west fork beaver creek, upstream of marathon road",Beaver Creek,STREAM,MAIN,TRUE,TRUE,TBD,FALSE
2022-09-11T16:30:00Z,12.389,beaver_creek_usgs_temp_3,60.65107,-151.09076,US/Alaska (UTC-9 / UTC-8),"west fork beaver creek, upstream of marathon road",Beaver Creek,STREAM,MAIN,TRUE,TRUE,TBD,FALSE
2022-09-11T16:45:00Z,12.461,beaver_creek_usgs_temp_3,60.65107,-151.09076,US/Alaska (UTC-9 / UTC-8),"west fork beaver creek, upstream of marathon road",Beaver Creek,STREAM,MAIN,TRUE,TRUE,TBD,FALSE
2022-09-11T17:00:00Z,12.485,beaver_creek_usgs_temp_3,60.65107,-151.09076,US/Alaska (UTC-9 / UTC-8),"west fork beaver creek, upstream of marathon road",Beaver Creek,STREAM,MAIN,TRUE,TRUE,TBD,FALSE
2022-09-11T17:15:00Z,12.534,beaver_creek_usgs_temp_3,60.65107,-151.09076,US/Alaska (UTC-9 / UTC-8),"west fork beaver creek, upstream of marathon road",Beaver Creek,STREAM,MAIN,TRUE,TRUE,TBD,FALSE
2022-09-11T17:30:00Z,12.558,beaver_creek_usgs_temp_3,60.65107,-151.09076,US/Alaska (UTC-9 / UTC-8),"west fork beaver creek, upstream of marathon road",Beaver Creek,STREAM,MAIN,TRUE,TRUE,TBD,FALSE
2022-09-11T17:45:00Z,12.582,beaver_creek_usgs_temp_3,60.65107,-151.09076,US/Alaska (UTC-9 / UTC-8),"west fork beaver creek, upstream of marathon road",Beaver Creek,STREAM,MAIN,TRUE,TRUE,TBD,FALSE
2022-09-11T18:00:00Z,12.606,beaver_creek_usgs_temp_3,60.65107,-151.09076,US/Alaska (UTC-9 / UTC-8),"west fork beaver creek, upstream of marathon road",Beaver Creek,STREAM,MAIN,TRUE,TRUE,TBD,FALSE
2022-09-11T18:15:00Z,12.63,beaver_creek_usgs_temp_3,60.65107,-151.09076,US/Alaska (UTC-9 / UTC-8),"west fork beaver creek, upstream of marathon road",Beaver Creek,STREAM,MAIN,TRUE,TRUE,TBD,FALSE
2022-09-11T18:30:00Z,12.63,beaver_creek_usgs_temp_3,60.65107,-151.09076,US/Alaska (UTC-9 / UTC-8),"west fork beaver creek, upstream of marathon road",Beaver Creek,STREAM,MAIN,TRUE,TRUE,TBD,FALSE
2022-09-11T18:45:00Z,12.654,beaver_creek_usgs_temp_3,60.65107,-151.09076,US/Alaska (UTC-9 / UTC-8),"west fork beaver creek, upstream of marathon road",Beaver Creek,STREAM,MAIN,TRUE,TRUE,TBD,FALSE
2022-09-11T19:00:00Z,12.654,beaver_creek_usgs_temp_3,60.65107,-151.09076,US/Alaska (UTC-9 / UTC-8),"west fork beaver creek, upstream of marathon road",Beaver Creek,STREAM,MAIN,TRUE,TRUE,TBD,FALSE
2022-09-11T19:15:00Z,12.654,beaver_creek_usgs_temp_3,60.65107,-151.09076,US/Alaska (UTC-9 / UTC-8),"west fork beaver creek, upstream of marathon road",Beaver Creek,STREAM,MAIN,TRUE,TRUE,TBD,FALSE
2022-09-11T19:30:00Z,12.654,beaver_creek_usgs_temp_3,60.65107,-151.09076,US/Alaska (UTC-9 / UTC-8),"west fork beaver creek, upstream of marathon road",Beaver Creek,STREAM,MAIN,TRUE,TRUE,TBD,FALSE
2022-09-11T19:45:00Z,12.654,beaver_creek_usgs_temp_3,60.65107,-151.09076,US/Alaska (UTC-9 / UTC-8),"west fork beaver creek, upstream of marathon road",Beaver Creek,STREAM,MAIN,TRUE,TRUE,TBD,FALSE
2022-09-11T20:00:00Z,12.654,beaver_creek_usgs_temp_3,60.65107,-151.09076,US/Alaska (UTC-9 / UTC-8),"west fork beaver creek, upstream of marathon road",Beaver Creek,STREAM,MAIN,TRUE,TRUE,TBD,FALSE
2022-09-11T20:15:00Z,12.654,beaver_creek_usgs_temp_3,60.65107,-151.09076,US/Alaska (UTC-9 / UTC-8),"west fork beaver creek, upstream of marathon road",Beaver Creek,STREAM,MAIN,TRUE,TRUE,TBD,FALSE
2022-09-11T20:30:00Z,12.63,beaver_creek_usgs_temp_3,60.65107,-151.09076,US/Alaska (UTC-9 / UTC-8),"west fork beaver creek, upstream of marathon road",Beaver Creek,STREAM,MAIN,TRUE,TRUE,TBD,FALSE
2022-09-11T20:45:00Z,12.606,beaver_creek_usgs_temp_3,60.65107,-151.09076,US/Alaska (UTC-9 / UTC-8),"west fork beaver creek, upstream of marathon road",Beaver Creek,STREAM,MAIN,TRUE,TRUE,TBD,FALSE
2022-09-11T21:00:00Z,12.606,beaver_creek_usgs_temp_3,60.65107,-151.09076,US/Alaska (UTC-9 / UTC-8),"west fork beaver creek, upstream of marathon road",Beaver Creek,STREAM,MAIN,TRUE,TRUE,TBD,FALSE
2022-09-11T21:15:00Z,12.606,beaver_creek_usgs_temp_3,60.65107,-151.09076,US/Alaska (UTC-9 / UTC-8),"west fork beaver creek, upstream of marathon road",Beaver Creek,STREAM,MAIN,TRUE,TRUE,TBD,FALSE
2022-09-11T21:30:00Z,12.582,beaver_creek_usgs_temp_3,60.65107,-151.09076,US/Alaska (UTC-9 / UTC-8),"west fork beaver creek, upstream of marathon road",Beaver Creek,STREAM,MAIN,TRUE,TRUE,TBD,FALSE
2022-09-11T21:45:00Z,12.582,beaver_creek_usgs_temp_3,60.65107,-151.09076,US/Alaska (UTC-9 / UTC-8),"west fork beaver creek, upstream of marathon road",Beaver Creek,STREAM,MAIN,TRUE,TRUE,TBD,FALSE
2022-09-11T22:00:00Z,12.558,beaver_creek_usgs_temp_3,60.65107,-151.09076,US/Alaska (UTC-9 / UTC-8),"west fork beaver creek, upstream of marathon road",Beaver Creek,STREAM,MAIN,TRUE,TRUE,TBD,FALSE
2022-09-11T22:15:00Z,12.558,beaver_creek_usgs_temp_3,60.65107,-151.09076,US/Alaska (UTC-9 / UTC-8),"west fork beaver creek, upstream of marathon road",Beaver Creek,STREAM,MAIN,TRUE,TRUE,TBD,FALSE
2022-09-11T22:30:00Z,12.534,beaver_creek_usgs_temp_3,60.65107,-151.09076,US/Alaska (UTC-9 / UTC-8),"west fork beaver creek, upstream of marathon road",Beaver Creek,STREAM,MAIN,TRUE,TRUE,TBD,FALSE
2022-09-11T22:45:00Z,12.509,beaver_creek_usgs_temp_3,60.65107,-151.09076,US/Alaska (UTC-9 / UTC-8),"west fork beaver creek, upstream of marathon road",Beaver Creek,STREAM,MAIN,TRUE,TRUE,TBD,FALSE
2022-09-11T23:00:00Z,12.485,beaver_creek_usgs_temp_3,60.65107,-151.09076,US/Alaska (UTC-9 / UTC-8),"west fork beaver creek, upstream of marathon road",Beaver Creek,STREAM,MAIN,TRUE,TRUE,TBD,FALSE
2022-09-11T23:15:00Z,12.461,beaver_creek_usgs_temp_3,60.65107,-151.09076,US/Alaska (UTC-9 / UTC-8),"west fork beaver creek, upstream of marathon road",Beaver Creek,STREAM,MAIN,TRUE,TRUE,TBD,FALSE
2022-09-11T23:30:00Z,12.461,beaver_creek_usgs_temp_3,60.65107,-151.09076,US/Alaska (UTC-9 / UTC-8),"west fork beaver creek, upstream of marathon road",Beaver Creek,STREAM,MAIN,TRUE,TRUE,TBD,FALSE
2022-09-11T23:45:00Z,12.437,beaver_creek_usgs_temp_3,60.65107,-151.09076,US/Alaska (UTC-9 / UTC-8),"west fork beaver creek, upstream of marathon road",Beaver Creek,STREAM,MAIN,TRUE,TRUE,TBD,FALSE
2022-09-12T00:00:00Z,12.413,beaver_creek_usgs_temp_3,60.65107,-151.09076,US/Alaska (UTC-9 / UTC-8),"west fork beaver creek, upstream of marathon road",Beaver Creek,STREAM,MAIN,TRUE,TRUE,TBD,FALSE
2022-09-12T00:15:00Z,12.389,beaver_creek_usgs_temp_3,60.65107,-151.09076,US/Alaska (UTC-9 / UTC-8),"west fork beaver creek, upstream of marathon road",Beaver Creek,STREAM,MAIN,TRUE,TRUE,TBD,FALSE
2022-09-12T00:30:00Z,12.364,beaver_creek_usgs_temp_3,60.65107,-151.09076,US/Alaska (UTC-9 / UTC-8),"west fork beaver creek, upstream of marathon road",Beaver Creek,STREAM,MAIN,TRUE,TRUE,TBD,FALSE
2022-09-12T00:45:00Z,12.34,beaver_creek_usgs_temp_3,60.65107,-151.09076,US/Alaska (UTC-9 / UTC-8),"west fork beaver creek, upstream of marathon road",Beaver Creek,STREAM,MAIN,TRUE,TRUE,TBD,FALSE
2022-09-12T01:00:00Z,12.34,beaver_creek_usgs_temp_3,60.65107,-151.09076,US/Alaska (UTC-9 / UTC-8),"west fork beaver creek, upstream of marathon road",Beaver Creek,STREAM,MAIN,TRUE,TRUE,TBD,FALSE
2022-09-12T01:15:00Z,12.316,beaver_creek_usgs_temp_3,60.65107,-151.09076,US/Alaska (UTC-9 / UTC-8),"west fork beaver creek, upstream of marathon road",Beaver Creek,STREAM,MAIN,TRUE,TRUE,TBD,FALSE
2022-09-12T01:30:00Z,12.292,beaver_creek_usgs_temp_3,60.65107,-151.09076,US/Alaska (UTC-9 / UTC-8),"west fork beaver creek, upstream of marathon road",Beaver Creek,STREAM,MAIN,TRUE,TRUE,TBD,FALSE
2022-09-12T01:45:00Z,12.292,beaver_creek_usgs_temp_3,60.65107,-151.09076,US/Alaska (UTC-9 / UTC-8),"west fork beaver creek, upstream of marathon road",Beaver Creek,STREAM,MAIN,TRUE,TRUE,TBD,FALSE
2022-09-12T02:00:00Z,12.268,beaver_creek_usgs_temp_3,60.65107,-151.09076,US/Alaska (UTC-9 / UTC-8),"west fork beaver creek, upstream of marathon road",Beaver Creek,STREAM,MAIN,TRUE,TRUE,TBD,FALSE
2022-09-12T02:15:00Z,12.243,beaver_creek_usgs_temp_3,60.65107,-151.09076,US/Alaska (UTC-9 / UTC-8),"west fork beaver creek, upstream of marathon road",Beaver Creek,STREAM,MAIN,TRUE,TRUE,TBD,FALSE
2022-09-12T02:30:00Z,12.219,beaver_creek_usgs_temp_3,60.65107,-151.09076,US/Alaska (UTC-9 / UTC-8),"west fork beaver creek, upstream of marathon road",Beaver Creek,STREAM,MAIN,TRUE,TRUE,TBD,FALSE
2022-09-12T02:45:00Z,12.219,beaver_creek_usgs_temp_3,60.65107,-151.09076,US/Alaska (UTC-9 / UTC-8),"west fork beaver creek, upstream of marathon road",Beaver Creek,STREAM,MAIN,TRUE,TRUE,TBD,FALSE
2022-09-12T03:00:00Z,12.195,beaver_creek_usgs_temp_3,60.65107,-151.09076,US/Alaska (UTC-9 / UTC-8),"west fork beaver creek, upstream of marathon road",Beaver Creek,STREAM,MAIN,TRUE,TRUE,TBD,FALSE
2022-09-12T03:15:00Z,12.195,beaver_creek_usgs_temp_3,60.65107,-151.09076,US/Alaska (UTC-9 / UTC-8),"west fork beaver creek, upstream of marathon road",Beaver Creek,STREAM,MAIN,TRUE,TRUE,TBD,FALSE
2022-09-12T03:30:00Z,12.171,beaver_creek_usgs_temp_3,60.65107,-151.09076,US/Alaska (UTC-9 / UTC-8),"west fork beaver creek, upstream of marathon road",Beaver Creek,STREAM,MAIN,TRUE,TRUE,TBD,FALSE
2022-09-12T03:45:00Z,12.147,beaver_creek_usgs_temp_3,60.65107,-151.09076,US/Alaska (UTC-9 / UTC-8),"west fork beaver creek, upstream of marathon road",Beaver Creek,STREAM,MAIN,TRUE,TRUE,TBD,FALSE
2022-09-12T04:00:00Z,12.122,beaver_creek_usgs_temp_3,60.65107,-151.09076,US/Alaska (UTC-9 / UTC-8),"west fork beaver creek, upstream of marathon road",Beaver Creek,STREAM,MAIN,TRUE,TRUE,TBD,FALSE
2022-09-12T04:15:00Z,12.122,beaver_creek_usgs_temp_3,60.65107,-151.09076,US/Alaska (UTC-9 / UTC-8),"west fork beaver creek, upstream of marathon road",Beaver Creek,STREAM,MAIN,TRUE,TRUE,TBD,FALSE
2022-09-12T04:30:00Z,12.098,beaver_creek_usgs_temp_3,60.65107,-151.09076,US/Alaska (UTC-9 / UTC-8),"west fork beaver creek, upstream of marathon road",Beaver Creek,STREAM,MAIN,TRUE,TRUE,TBD,FALSE
2022-09-12T04:45:00Z,12.074,beaver_creek_usgs_temp_3,60.65107,-151.09076,US/Alaska (UTC-9 / UTC-8),"west fork beaver creek, upstream of marathon road",Beaver Creek,STREAM,MAIN,TRUE,TRUE,TBD,FALSE
2022-09-12T05:00:00Z,12.05,beaver_creek_usgs_temp_3,60.65107,-151.09076,US/Alaska (UTC-9 / UTC-8),"west fork beaver creek, upstream of marathon road",Beaver Creek,STREAM,MAIN,TRUE,TRUE,TBD,FALSE
2022-09-12T05:15:00Z,12.025,beaver_creek_usgs_temp_3,60.65107,-151.09076,US/Alaska (UTC-9 / UTC-8),"west fork beaver creek, upstream of marathon road",Beaver Creek,STREAM,MAIN,TRUE,TRUE,TBD,FALSE
2022-09-12T05:30:00Z,12.001,beaver_creek_usgs_temp_3,60.65107,-151.09076,US/Alaska (UTC-9 / UTC-8),"west fork beaver creek, upstream of marathon road",Beaver Creek,STREAM,MAIN,TRUE,TRUE,TBD,FALSE
2022-09-12T05:45:00Z,11.977,beaver_creek_usgs_temp_3,60.65107,-151.09076,US/Alaska (UTC-9 / UTC-8),"west fork beaver creek, upstream of marathon road",Beaver Creek,STREAM,MAIN,TRUE,TRUE,TBD,FALSE
2022-09-12T06:00:00Z,11.953,beaver_creek_usgs_temp_3,60.65107,-151.09076,US/Alaska (UTC-9 / UTC-8),"west fork beaver creek, upstream of marathon road",Beaver Creek,STREAM,MAIN,TRUE,TRUE,TBD,FALSE
2022-09-12T06:15:00Z,11.929,beaver_creek_usgs_temp_3,60.65107,-151.09076,US/Alaska (UTC-9 / UTC-8),"west fork beaver creek, upstream of marathon road",Beaver Creek,STREAM,MAIN,TRUE,TRUE,TBD,FALSE
2022-09-12T06:30:00Z,11.904,beaver_creek_usgs_temp_3,60.65107,-151.09076,US/Alaska (UTC-9 / UTC-8),"west fork beaver creek, upstream of marathon road",Beaver Creek,STREAM,MAIN,TRUE,TRUE,TBD,FALSE
2022-09-12T06:45:00Z,11.88,beaver_creek_usgs_temp_3,60.65107,-151.09076,US/Alaska (UTC-9 / UTC-8),"west fork beaver creek, upstream of marathon road",Beaver Creek,STREAM,MAIN,TRUE,TRUE,TBD,FALSE
2022-09-12T07:00:00Z,11.856,beaver_creek_usgs_temp_3,60.65107,-151.09076,US/Alaska (UTC-9 / UTC-8),"west fork beaver creek, upstream of marathon road",Beaver Creek,STREAM,MAIN,TRUE,TRUE,TBD,FALSE
2022-09-12T07:15:00Z,11.807,beaver_creek_usgs_temp_3,60.65107,-151.09076,US/Alaska (UTC-9 / UTC-8),"west fork beaver creek, upstream of marathon road",Beaver Creek,STREAM,MAIN,TRUE,TRUE,TBD,FALSE
2022-09-12T07:30:00Z,11.783,beaver_creek_usgs_temp_3,60.65107,-151.09076,US/Alaska (UTC-9 / UTC-8),"west fork beaver creek, upstream of marathon road",Beaver Creek,STREAM,MAIN,TRUE,TRUE,TBD,FALSE
2022-09-12T07:45:00Z,11.759,beaver_creek_usgs_temp_3,60.65107,-151.09076,US/Alaska (UTC-9 / UTC-8),"west fork beaver creek, upstream of marathon road",Beaver Creek,STREAM,MAIN,TRUE,TRUE,TBD,FALSE
2022-09-12T08:00:00Z,11.734,beaver_creek_usgs_temp_3,60.65107,-151.09076,US/Alaska (UTC-9 / UTC-8),"west fork beaver creek, upstream of marathon road",Beaver Creek,STREAM,MAIN,TRUE,TRUE,TBD,FALSE
2022-09-12T08:15:00Z,11.71,beaver_creek_usgs_temp_3,60.65107,-151.09076,US/Alaska (UTC-9 / UTC-8),"west fork beaver creek, upstream of marathon road",Beaver Creek,STREAM,MAIN,TRUE,TRUE,TBD,FALSE
2022-09-12T08:30:00Z,11.686,beaver_creek_usgs_temp_3,60.65107,-151.09076,US/Alaska (UTC-9 / UTC-8),"west fork beaver creek, upstream of marathon road",Beaver Creek,STREAM,MAIN,TRUE,TRUE,TBD,FALSE
2022-09-12T08:45:00Z,11.662,beaver_creek_usgs_temp_3,60.65107,-151.09076,US/Alaska (UTC-9 / UTC-8),"west fork beaver creek, upstream of marathon road",Beaver Creek,STREAM,MAIN,TRUE,TRUE,TBD,FALSE
2022-09-12T09:00:00Z,11.662,beaver_creek_usgs_temp_3,60.65107,-151.09076,US/Alaska (UTC-9 / UTC-8),"west fork beaver creek, upstream of marathon road",Beaver Creek,STREAM,MAIN,TRUE,TRUE,TBD,FALSE
2022-09-12T09:15:00Z,11.637,beaver_creek_usgs_temp_3,60.65107,-151.09076,US/Alaska (UTC-9 / UTC-8),"west fork beaver creek, upstream of marathon road",Beaver Creek,STREAM,MAIN,TRUE,TRUE,TBD,FALSE
2022-09-12T09:30:00Z,11.637,beaver_creek_usgs_temp_3,60.65107,-151.09076,US/Alaska (UTC-9 / UTC-8),"west fork beaver creek, upstream of marathon road",Beaver Creek,STREAM,MAIN,TRUE,TRUE,TBD,FALSE
2022-09-12T09:45:00Z,11.637,beaver_creek_usgs_temp_3,60.65107,-151.09076,US/Alaska (UTC-9 / UTC-8),"west fork beaver creek, upstream of marathon road",Beaver Creek,STREAM,MAIN,TRUE,TRUE,TBD,FALSE
2022-09-12T10:00:00Z,11.637,beaver_creek_usgs_temp_3,60.65107,-151.09076,US/Alaska (UTC-9 / UTC-8),"west fork beaver creek, upstream of marathon road",Beaver Creek,STREAM,MAIN,TRUE,TRUE,TBD,FALSE
2022-09-12T10:15:00Z,11.637,beaver_creek_usgs_temp_3,60.65107,-151.09076,US/Alaska (UTC-9 / UTC-8),"west fork beaver creek, upstream of marathon road",Beaver Creek,STREAM,MAIN,TRUE,TRUE,TBD,FALSE
2022-09-12T10:30:00Z,11.637,beaver_creek_usgs_temp_3,60.65107,-151.09076,US/Alaska (UTC-9 / UTC-8),"west fork beaver creek, upstream of marathon road",Beaver Creek,STREAM,MAIN,TRUE,TRUE,TBD,FALSE
2022-09-12T10:45:00Z,11.637,beaver_creek_usgs_temp_3,60.65107,-151.09076,US/Alaska (UTC-9 / UTC-8),"west fork beaver creek, upstream of marathon road",Beaver Creek,STREAM,MAIN,TRUE,TRUE,TBD,FALSE
2022-09-12T11:00:00Z,11.662,beaver_creek_usgs_temp_3,60.65107,-151.09076,US/Alaska (UTC-9 / UTC-8),"west fork beaver creek, upstream of marathon road",Beaver Creek,STREAM,MAIN,TRUE,TRUE,TBD,FALSE
2022-09-12T11:15:00Z,11.662,beaver_creek_usgs_temp_3,60.65107,-151.09076,US/Alaska (UTC-9 / UTC-8),"west fork beaver creek, upstream of marathon road",Beaver Creek,STREAM,MAIN,TRUE,TRUE,TBD,FALSE
2022-09-12T11:30:00Z,11.71,beaver_creek_usgs_temp_3,60.65107,-151.09076,US/Alaska (UTC-9 / UTC-8),"west fork beaver creek, upstream of marathon road",Beaver Creek,STREAM,MAIN,TRUE,TRUE,TBD,FALSE
2022-09-12T11:45:00Z,11.759,beaver_creek_usgs_temp_3,60.65107,-151.09076,US/Alaska (UTC-9 / UTC-8),"west fork beaver creek, upstream of marathon road",Beaver Creek,STREAM,MAIN,TRUE,TRUE,TBD,FALSE
2022-09-12T12:00:00Z,11.783,beaver_creek_usgs_temp_3,60.65107,-151.09076,US/Alaska (UTC-9 / UTC-8),"west fork beaver creek, upstream of marathon road",Beaver Creek,STREAM,MAIN,TRUE,TRUE,TBD,FALSE
2022-09-12T12:15:00Z,11.783,beaver_creek_usgs_temp_3,60.65107,-151.09076,US/Alaska (UTC-9 / UTC-8),"west fork beaver creek, upstream of marathon road",Beaver Creek,STREAM,MAIN,TRUE,TRUE,TBD,FALSE
2022-09-12T12:30:00Z,11.807,beaver_creek_usgs_temp_3,60.65107,-151.09076,US/Alaska (UTC-9 / UTC-8),"west fork beaver creek, upstream of marathon road",Beaver Creek,STREAM,MAIN,TRUE,TRUE,TBD,FALSE
2022-09-12T12:45:00Z,11.88,beaver_creek_usgs_temp_3,60.65107,-151.09076,US/Alaska (UTC-9 / UTC-8),"west fork beaver creek, upstream of marathon road",Beaver Creek,STREAM,MAIN,TRUE,TRUE,TBD,FALSE
2022-09-12T13:00:00Z,11.977,beaver_creek_usgs_temp_3,60.65107,-151.09076,US/Alaska (UTC-9 / UTC-8),"west fork beaver creek, upstream of marathon road",Beaver Creek,STREAM,MAIN,TRUE,TRUE,TBD,FALSE
2022-09-12T13:15:00Z,12.074,beaver_creek_usgs_temp_3,60.65107,-151.09076,US/Alaska (UTC-9 / UTC-8),"west fork beaver creek, upstream of marathon road",Beaver Creek,STREAM,MAIN,TRUE,TRUE,TBD,FALSE
2022-09-12T13:30:00Z,12.098,beaver_creek_usgs_temp_3,60.65107,-151.09076,US/Alaska (UTC-9 / UTC-8),"west fork beaver creek, upstream of marathon road",Beaver Creek,STREAM,MAIN,TRUE,TRUE,TBD,FALSE
2022-09-12T13:45:00Z,12.147,beaver_creek_usgs_temp_3,60.65107,-151.09076,US/Alaska (UTC-9 / UTC-8),"west fork beaver creek, upstream of marathon road",Beaver Creek,STREAM,MAIN,TRUE,TRUE,TBD,FALSE
2022-09-12T14:00:00Z,12.219,beaver_creek_usgs_temp_3,60.65107,-151.09076,US/Alaska (UTC-9 / UTC-8),"west fork beaver creek, upstream of marathon road",Beaver Creek,STREAM,MAIN,TRUE,TRUE,TBD,FALSE
2022-09-12T14:15:00Z,12.268,beaver_creek_usgs_temp_3,60.65107,-151.09076,US/Alaska (UTC-9 / UTC-8),"west fork beaver creek, upstream of marathon road",Beaver Creek,STREAM,MAIN,TRUE,TRUE,TBD,FALSE
2022-09-12T14:30:00Z,12.316,beaver_creek_usgs_temp_3,60.65107,-151.09076,US/Alaska (UTC-9 / UTC-8),"west fork beaver creek, upstream of marathon road",Beaver Creek,STREAM,MAIN,TRUE,TRUE,TBD,FALSE
2022-09-12T14:45:00Z,12.364,beaver_creek_usgs_temp_3,60.65107,-151.09076,US/Alaska (UTC-9 / UTC-8),"west fork beaver creek, upstream of marathon road",Beaver Creek,STREAM,MAIN,TRUE,TRUE,TBD,FALSE
2022-09-12T15:00:00Z,12.461,beaver_creek_usgs_temp_3,60.65107,-151.09076,US/Alaska (UTC-9 / UTC-8),"west fork beaver creek, upstream of marathon road",Beaver Creek,STREAM,MAIN,TRUE,TRUE,TBD,FALSE
2022-09-12T15:15:00Z,12.558,beaver_creek_usgs_temp_3,60.65107,-151.09076,US/Alaska (UTC-9 / UTC-8),"west fork beaver creek, upstream of marathon road",Beaver Creek,STREAM,MAIN,TRUE,TRUE,TBD,FALSE
2022-09-12T15:30:00Z,12.606,beaver_creek_usgs_temp_3,60.65107,-151.09076,US/Alaska (UTC-9 / UTC-8),"west fork beaver creek, upstream of marathon road",Beaver Creek,STREAM,MAIN,TRUE,TRUE,TBD,FALSE
2022-09-12T15:45:00Z,12.606,beaver_creek_usgs_temp_3,60.65107,-151.09076,US/Alaska (UTC-9 / UTC-8),"west fork beaver creek, upstream of marathon road",Beaver Creek,STREAM,MAIN,TRUE,TRUE,TBD,FALSE
2022-09-12T16:00:00Z,12.63,beaver_creek_usgs_temp_3,60.65107,-151.09076,US/Alaska (UTC-9 / UTC-8),"west fork beaver creek, upstream of marathon road",Beaver Creek,STREAM,MAIN,TRUE,TRUE,TBD,FALSE
2022-09-12T16:15:00Z,12.63,beaver_creek_usgs_temp_3,60.65107,-151.09076,US/Alaska (UTC-9 / UTC-8),"west fork beaver creek, upstream of marathon road",Beaver Creek,STREAM,MAIN,TRUE,TRUE,TBD,FALSE
2022-09-12T16:30:00Z,12.63,beaver_creek_usgs_temp_3,60.65107,-151.09076,US/Alaska (UTC-9 / UTC-8),"west fork beaver creek, upstream of marathon road",Beaver Creek,STREAM,MAIN,TRUE,TRUE,TBD,FALSE
2022-09-12T16:45:00Z,12.654,beaver_creek_usgs_temp_3,60.65107,-151.09076,US/Alaska (UTC-9 / UTC-8),"west fork beaver creek, upstream of marathon road",Beaver Creek,STREAM,MAIN,TRUE,TRUE,TBD,FALSE
2022-09-12T17:00:00Z,12.703,beaver_creek_usgs_temp_3,60.65107,-151.09076,US/Alaska (UTC-9 / UTC-8),"west fork beaver creek, upstream of marathon road",Beaver Creek,STREAM,MAIN,TRUE,TRUE,TBD,FALSE
2022-09-12T17:15:00Z,12.727,beaver_creek_usgs_temp_3,60.65107,-151.09076,US/Alaska (UTC-9 / UTC-8),"west fork beaver creek, upstream of marathon road",Beaver Creek,STREAM,MAIN,TRUE,TRUE,TBD,FALSE
2022-09-12T17:30:00Z,12.751,beaver_creek_usgs_temp_3,60.65107,-151.09076,US/Alaska (UTC-9 / UTC-8),"west fork beaver creek, upstream of marathon road",Beaver Creek,STREAM,MAIN,TRUE,TRUE,TBD,FALSE
2022-09-12T17:45:00Z,12.775,beaver_creek_usgs_temp_3,60.65107,-151.09076,US/Alaska (UTC-9 / UTC-8),"west fork beaver creek, upstream of marathon road",Beaver Creek,STREAM,MAIN,TRUE,TRUE,TBD,FALSE
2022-09-12T18:00:00Z,12.799,beaver_creek_usgs_temp_3,60.65107,-151.09076,US/Alaska (UTC-9 / UTC-8),"west fork beaver creek, upstream of marathon road",Beaver Creek,STREAM,MAIN,TRUE,TRUE,TBD,FALSE
2022-09-12T18:15:00Z,12.823,beaver_creek_usgs_temp_3,60.65107,-151.09076,US/Alaska (UTC-9 / UTC-8),"west fork beaver creek, upstream of marathon road",Beaver Creek,STREAM,MAIN,TRUE,TRUE,TBD,FALSE
2022-09-12T18:30:00Z,12.823,beaver_creek_usgs_temp_3,60.65107,-151.09076,US/Alaska (UTC-9 / UTC-8),"west fork beaver creek, upstream of marathon road",Beaver Creek,STREAM,MAIN,TRUE,TRUE,TBD,FALSE
2022-09-12T18:45:00Z,12.823,beaver_creek_usgs_temp_3,60.65107,-151.09076,US/Alaska (UTC-9 / UTC-8),"west fork beaver creek, upstream of marathon road",Beaver Creek,STREAM,MAIN,TRUE,TRUE,TBD,FALSE
2022-09-12T19:00:00Z,12.847,beaver_creek_usgs_temp_3,60.65107,-151.09076,US/Alaska (UTC-9 / UTC-8),"west fork beaver creek, upstream of marathon road",Beaver Creek,STREAM,MAIN,TRUE,TRUE,TBD,FALSE
2022-09-12T19:15:00Z,12.847,beaver_creek_usgs_temp_3,60.65107,-151.09076,US/Alaska (UTC-9 / UTC-8),"west fork beaver creek, upstream of marathon road",Beaver Creek,STREAM,MAIN,TRUE,TRUE,TBD,FALSE
2022-09-12T19:30:00Z,12.871,beaver_creek_usgs_temp_3,60.65107,-151.09076,US/Alaska (UTC-9 / UTC-8),"west fork beaver creek, upstream of marathon road",Beaver Creek,STREAM,MAIN,TRUE,TRUE,TBD,FALSE
2022-09-12T19:45:00Z,12.871,beaver_creek_usgs_temp_3,60.65107,-151.09076,US/Alaska (UTC-9 / UTC-8),"west fork beaver creek, upstream of marathon road",Beaver Creek,STREAM,MAIN,TRUE,TRUE,TBD,FALSE
2022-09-12T20:00:00Z,12.871,beaver_creek_usgs_temp_3,60.65107,-151.09076,US/Alaska (UTC-9 / UTC-8),"west fork beaver creek, upstream of marathon road",Beaver Creek,STREAM,MAIN,TRUE,TRUE,TBD,FALSE
2022-09-12T20:15:00Z,12.847,beaver_creek_usgs_temp_3,60.65107,-151.09076,US/Alaska (UTC-9 / UTC-8),"west fork beaver creek, upstream of marathon road",Beaver Creek,STREAM,MAIN,TRUE,TRUE,TBD,FALSE
2022-09-12T20:30:00Z,12.823,beaver_creek_usgs_temp_3,60.65107,-151.09076,US/Alaska (UTC-9 / UTC-8),"west fork beaver creek, upstream of marathon road",Beaver Creek,STREAM,MAIN,TRUE,TRUE,TBD,FALSE
2022-09-12T20:45:00Z,12.799,beaver_creek_usgs_temp_3,60.65107,-151.09076,US/Alaska (UTC-9 / UTC-8),"west fork beaver creek, upstream of marathon road",Beaver Creek,STREAM,MAIN,TRUE,TRUE,TBD,FALSE
2022-09-12T21:00:00Z,12.775,beaver_creek_usgs_temp_3,60.65107,-151.09076,US/Alaska (UTC-9 / UTC-8),"west fork beaver creek, upstream of marathon road",Beaver Creek,STREAM,MAIN,TRUE,TRUE,TBD,FALSE
2022-09-12T21:15:00Z,12.751,beaver_creek_usgs_temp_3,60.65107,-151.09076,US/Alaska (UTC-9 / UTC-8),"west fork beaver creek, upstream of marathon road",Beaver Creek,STREAM,MAIN,TRUE,TRUE,TBD,FALSE
2022-09-12T21:30:00Z,12.727,beaver_creek_usgs_temp_3,60.65107,-151.09076,US/Alaska (UTC-9 / UTC-8),"west fork beaver creek, upstream of marathon road",Beaver Creek,STREAM,MAIN,TRUE,TRUE,TBD,FALSE
2022-09-12T21:45:00Z,12.703,beaver_creek_usgs_temp_3,60.65107,-151.09076,US/Alaska (UTC-9 / UTC-8),"west fork beaver creek, upstream of marathon road",Beaver Creek,STREAM,MAIN,TRUE,TRUE,TBD,FALSE
2022-09-12T22:00:00Z,12.678,beaver_creek_usgs_temp_3,60.65107,-151.09076,US/Alaska (UTC-9 / UTC-8),"west fork beaver creek, upstream of marathon road",Beaver Creek,STREAM,MAIN,TRUE,TRUE,TBD,FALSE
2022-09-12T22:15:00Z,12.654,beaver_creek_usgs_temp_3,60.65107,-151.09076,US/Alaska (UTC-9 / UTC-8),"west fork beaver creek, upstream of marathon road",Beaver Creek,STREAM,MAIN,TRUE,TRUE,TBD,FALSE
2022-09-12T22:30:00Z,12.63,beaver_creek_usgs_temp_3,60.65107,-151.09076,US/Alaska (UTC-9 / UTC-8),"west fork beaver creek, upstream of marathon road",Beaver Creek,STREAM,MAIN,TRUE,TRUE,TBD,FALSE
2022-09-12T22:45:00Z,12.606,beaver_creek_usgs_temp_3,60.65107,-151.09076,US/Alaska (UTC-9 / UTC-8),"west fork beaver creek, upstream of marathon road",Beaver Creek,STREAM,MAIN,TRUE,TRUE,TBD,FALSE
2022-09-12T23:00:00Z,12.582,beaver_creek_usgs_temp_3,60.65107,-151.09076,US/Alaska (UTC-9 / UTC-8),"west fork beaver creek, upstream of marathon road",Beaver Creek,STREAM,MAIN,TRUE,TRUE,TBD,FALSE
2022-09-12T23:15:00Z,12.534,beaver_creek_usgs_temp_3,60.65107,-151.09076,US/Alaska (UTC-9 / UTC-8),"west fork beaver creek, upstream of marathon road",Beaver Creek,STREAM,MAIN,TRUE,TRUE,TBD,FALSE
2022-09-12T23:30:00Z,12.509,beaver_creek_usgs_temp_3,60.65107,-151.09076,US/Alaska (UTC-9 / UTC-8),"west fork beaver creek, upstream of marathon road",Beaver Creek,STREAM,MAIN,TRUE,TRUE,TBD,FALSE
2022-09-12T23:45:00Z,12.485,beaver_creek_usgs_temp_3,60.65107,-151.09076,US/Alaska (UTC-9 / UTC-8),"west fork beaver creek, upstream of marathon road",Beaver Creek,STREAM,MAIN,TRUE,TRUE,TBD,FALSE
2022-09-13T00:00:00Z,12.461,beaver_creek_usgs_temp_3,60.65107,-151.09076,US/Alaska (UTC-9 / UTC-8),"west fork beaver creek, upstream of marathon road",Beaver Creek,STREAM,MAIN,TRUE,TRUE,TBD,FALSE
2022-09-13T00:15:00Z,12.413,beaver_creek_usgs_temp_3,60.65107,-151.09076,US/Alaska (UTC-9 / UTC-8),"west fork beaver creek, upstream of marathon road",Beaver Creek,STREAM,MAIN,TRUE,TRUE,TBD,FALSE
2022-09-13T00:30:00Z,12.389,beaver_creek_usgs_temp_3,60.65107,-151.09076,US/Alaska (UTC-9 / UTC-8),"west fork beaver creek, upstream of marathon road",Beaver Creek,STREAM,MAIN,TRUE,TRUE,TBD,FALSE
2022-09-13T00:45:00Z,12.364,beaver_creek_usgs_temp_3,60.65107,-151.09076,US/Alaska (UTC-9 / UTC-8),"west fork beaver creek, upstream of marathon road",Beaver Creek,STREAM,MAIN,TRUE,TRUE,TBD,FALSE
2022-09-13T01:00:00Z,12.316,beaver_creek_usgs_temp_3,60.65107,-151.09076,US/Alaska (UTC-9 / UTC-8),"west fork beaver creek, upstream of marathon road",Beaver Creek,STREAM,MAIN,TRUE,TRUE,TBD,FALSE
2022-09-13T01:15:00Z,12.268,beaver_creek_usgs_temp_3,60.65107,-151.09076,US/Alaska (UTC-9 / UTC-8),"west fork beaver creek, upstream of marathon road",Beaver Creek,STREAM,MAIN,TRUE,TRUE,TBD,FALSE
2022-09-13T01:30:00Z,12.243,beaver_creek_usgs_temp_3,60.65107,-151.09076,US/Alaska (UTC-9 / UTC-8),"west fork beaver creek, upstream of marathon road",Beaver Creek,STREAM,MAIN,TRUE,TRUE,TBD,FALSE
2022-09-13T01:45:00Z,12.195,beaver_creek_usgs_temp_3,60.65107,-151.09076,US/Alaska (UTC-9 / UTC-8),"west fork beaver creek, upstream of marathon road",Beaver Creek,STREAM,MAIN,TRUE,TRUE,TBD,FALSE
2022-09-13T02:00:00Z,12.171,beaver_creek_usgs_temp_3,60.65107,-151.09076,US/Alaska (UTC-9 / UTC-8),"west fork beaver creek, upstream of marathon road",Beaver Creek,STREAM,MAIN,TRUE,TRUE,TBD,FALSE
2022-09-13T02:15:00Z,12.147,beaver_creek_usgs_temp_3,60.65107,-151.09076,US/Alaska (UTC-9 / UTC-8),"west fork beaver creek, upstream of marathon road",Beaver Creek,STREAM,MAIN,TRUE,TRUE,TBD,FALSE
2022-09-13T02:30:00Z,12.098,beaver_creek_usgs_temp_3,60.65107,-151.09076,US/Alaska (UTC-9 / UTC-8),"west fork beaver creek, upstream of marathon road",Beaver Creek,STREAM,MAIN,TRUE,TRUE,TBD,FALSE
2022-09-13T02:45:00Z,12.074,beaver_creek_usgs_temp_3,60.65107,-151.09076,US/Alaska (UTC-9 / UTC-8),"west fork beaver creek, upstream of marathon road",Beaver Creek,STREAM,MAIN,TRUE,TRUE,TBD,FALSE
2022-09-13T03:00:00Z,12.05,beaver_creek_usgs_temp_3,60.65107,-151.09076,US/Alaska (UTC-9 / UTC-8),"west fork beaver creek, upstream of marathon road",Beaver Creek,STREAM,MAIN,TRUE,TRUE,TBD,FALSE
2022-09-13T03:15:00Z,12.001,beaver_creek_usgs_temp_3,60.65107,-151.09076,US/Alaska (UTC-9 / UTC-8),"west fork beaver creek, upstream of marathon road",Beaver Creek,STREAM,MAIN,TRUE,TRUE,TBD,FALSE
2022-09-13T03:30:00Z,11.977,beaver_creek_usgs_temp_3,60.65107,-151.09076,US/Alaska (UTC-9 / UTC-8),"west fork beaver creek, upstream of marathon road",Beaver Creek,STREAM,MAIN,TRUE,TRUE,TBD,FALSE
2022-09-13T03:45:00Z,11.953,beaver_creek_usgs_temp_3,60.65107,-151.09076,US/Alaska (UTC-9 / UTC-8),"west fork beaver creek, upstream of marathon road",Beaver Creek,STREAM,MAIN,TRUE,TRUE,TBD,FALSE
2022-09-13T04:00:00Z,11.929,beaver_creek_usgs_temp_3,60.65107,-151.09076,US/Alaska (UTC-9 / UTC-8),"west fork beaver creek, upstream of marathon road",Beaver Creek,STREAM,MAIN,TRUE,TRUE,TBD,FALSE
2022-09-13T04:15:00Z,11.88,beaver_creek_usgs_temp_3,60.65107,-151.09076,US/Alaska (UTC-9 / UTC-8),"west fork beaver creek, upstream of marathon road",Beaver Creek,STREAM,MAIN,TRUE,TRUE,TBD,FALSE
2022-09-13T04:30:00Z,11.856,beaver_creek_usgs_temp_3,60.65107,-151.09076,US/Alaska (UTC-9 / UTC-8),"west fork beaver creek, upstream of marathon road",Beaver Creek,STREAM,MAIN,TRUE,TRUE,TBD,FALSE
2022-09-13T04:45:00Z,11.832,beaver_creek_usgs_temp_3,60.65107,-151.09076,US/Alaska (UTC-9 / UTC-8),"west fork beaver creek, upstream of marathon road",Beaver Creek,STREAM,MAIN,TRUE,TRUE,TBD,FALSE
2022-09-13T05:00:00Z,11.783,beaver_creek_usgs_temp_3,60.65107,-151.09076,US/Alaska (UTC-9 / UTC-8),"west fork beaver creek, upstream of marathon road",Beaver Creek,STREAM,MAIN,TRUE,TRUE,TBD,FALSE
2022-09-13T05:15:00Z,11.759,beaver_creek_usgs_temp_3,60.65107,-151.09076,US/Alaska (UTC-9 / UTC-8),"west fork beaver creek, upstream of marathon road",Beaver Creek,STREAM,MAIN,TRUE,TRUE,TBD,FALSE
2022-09-13T05:30:00Z,11.71,beaver_creek_usgs_temp_3,60.65107,-151.09076,US/Alaska (UTC-9 / UTC-8),"west fork beaver creek, upstream of marathon road",Beaver Creek,STREAM,MAIN,TRUE,TRUE,TBD,FALSE
2022-09-13T05:45:00Z,11.686,beaver_creek_usgs_temp_3,60.65107,-151.09076,US/Alaska (UTC-9 / UTC-8),"west fork beaver creek, upstream of marathon road",Beaver Creek,STREAM,MAIN,TRUE,TRUE,TBD,FALSE
2022-09-13T06:00:00Z,11.662,beaver_creek_usgs_temp_3,60.65107,-151.09076,US/Alaska (UTC-9 / UTC-8),"west fork beaver creek, upstream of marathon road",Beaver Creek,STREAM,MAIN,TRUE,TRUE,TBD,FALSE
2022-09-13T06:15:00Z,11.637,beaver_creek_usgs_temp_3,60.65107,-151.09076,US/Alaska (UTC-9 / UTC-8),"west fork beaver creek, upstream of marathon road",Beaver Creek,STREAM,MAIN,TRUE,TRUE,TBD,FALSE
2022-09-13T06:30:00Z,11.589,beaver_creek_usgs_temp_3,60.65107,-151.09076,US/Alaska (UTC-9 / UTC-8),"west fork beaver creek, upstream of marathon road",Beaver Creek,STREAM,MAIN,TRUE,TRUE,TBD,FALSE
2022-09-13T06:45:00Z,11.565,beaver_creek_usgs_temp_3,60.65107,-151.09076,US/Alaska (UTC-9 / UTC-8),"west fork beaver creek, upstream of marathon road",Beaver Creek,STREAM,MAIN,TRUE,TRUE,TBD,FALSE
2022-09-13T07:00:00Z,11.54,beaver_creek_usgs_temp_3,60.65107,-151.09076,US/Alaska (UTC-9 / UTC-8),"west fork beaver creek, upstream of marathon road",Beaver Creek,STREAM,MAIN,TRUE,TRUE,TBD,FALSE
2022-09-13T07:15:00Z,11.492,beaver_creek_usgs_temp_3,60.65107,-151.09076,US/Alaska (UTC-9 / UTC-8),"west fork beaver creek, upstream of marathon road",Beaver Creek,STREAM,MAIN,TRUE,TRUE,TBD,FALSE
2022-09-13T07:30:00Z,11.467,beaver_creek_usgs_temp_3,60.65107,-151.09076,US/Alaska (UTC-9 / UTC-8),"west fork beaver creek, upstream of marathon road",Beaver Creek,STREAM,MAIN,TRUE,TRUE,TBD,FALSE
2022-09-13T07:45:00Z,11.419,beaver_creek_usgs_temp_3,60.65107,-151.09076,US/Alaska (UTC-9 / UTC-8),"west fork beaver creek, upstream of marathon road",Beaver Creek,STREAM,MAIN,TRUE,TRUE,TBD,FALSE
2022-09-13T08:00:00Z,11.394,beaver_creek_usgs_temp_3,60.65107,-151.09076,US/Alaska (UTC-9 / UTC-8),"west fork beaver creek, upstream of marathon road",Beaver Creek,STREAM,MAIN,TRUE,TRUE,TBD,FALSE
2022-09-13T08:15:00Z,11.37,beaver_creek_usgs_temp_3,60.65107,-151.09076,US/Alaska (UTC-9 / UTC-8),"west fork beaver creek, upstream of marathon road",Beaver Creek,STREAM,MAIN,TRUE,TRUE,TBD,FALSE
2022-09-13T08:30:00Z,11.346,beaver_creek_usgs_temp_3,60.65107,-151.09076,US/Alaska (UTC-9 / UTC-8),"west fork beaver creek, upstream of marathon road",Beaver Creek,STREAM,MAIN,TRUE,TRUE,TBD,FALSE
2022-09-13T08:45:00Z,11.297,beaver_creek_usgs_temp_3,60.65107,-151.09076,US/Alaska (UTC-9 / UTC-8),"west fork beaver creek, upstream of marathon road",Beaver Creek,STREAM,MAIN,TRUE,TRUE,TBD,FALSE
2022-09-13T09:00:00Z,11.273,beaver_creek_usgs_temp_3,60.65107,-151.09076,US/Alaska (UTC-9 / UTC-8),"west fork beaver creek, upstream of marathon road",Beaver Creek,STREAM,MAIN,TRUE,TRUE,TBD,FALSE
2022-09-13T09:15:00Z,11.248,beaver_creek_usgs_temp_3,60.65107,-151.09076,US/Alaska (UTC-9 / UTC-8),"west fork beaver creek, upstream of marathon road",Beaver Creek,STREAM,MAIN,TRUE,TRUE,TBD,FALSE
2022-09-13T09:30:00Z,11.224,beaver_creek_usgs_temp_3,60.65107,-151.09076,US/Alaska (UTC-9 / UTC-8),"west fork beaver creek, upstream of marathon road",Beaver Creek,STREAM,MAIN,TRUE,TRUE,TBD,FALSE
2022-09-13T09:45:00Z,11.224,beaver_creek_usgs_temp_3,60.65107,-151.09076,US/Alaska (UTC-9 / UTC-8),"west fork beaver creek, upstream of marathon road",Beaver Creek,STREAM,MAIN,TRUE,TRUE,TBD,FALSE
2022-09-13T10:00:00Z,11.224,beaver_creek_usgs_temp_3,60.65107,-151.09076,US/Alaska (UTC-9 / UTC-8),"west fork beaver creek, upstream of marathon road",Beaver Creek,STREAM,MAIN,TRUE,TRUE,TBD,FALSE
2022-09-13T10:15:00Z,11.2,beaver_creek_usgs_temp_3,60.65107,-151.09076,US/Alaska (UTC-9 / UTC-8),"west fork beaver creek, upstream of marathon road",Beaver Creek,STREAM,MAIN,TRUE,TRUE,TBD,FALSE
2022-09-13T10:30:00Z,11.224,beaver_creek_usgs_temp_3,60.65107,-151.09076,US/Alaska (UTC-9 / UTC-8),"west fork beaver creek, upstream of marathon road",Beaver Creek,STREAM,MAIN,TRUE,TRUE,TBD,FALSE
2022-09-13T10:45:00Z,11.248,beaver_creek_usgs_temp_3,60.65107,-151.09076,US/Alaska (UTC-9 / UTC-8),"west fork beaver creek, upstream of marathon road",Beaver Creek,STREAM,MAIN,TRUE,TRUE,TBD,FALSE
2022-09-13T11:00:00Z,11.273,beaver_creek_usgs_temp_3,60.65107,-151.09076,US/Alaska (UTC-9 / UTC-8),"west fork beaver creek, upstream of marathon road",Beaver Creek,STREAM,MAIN,TRUE,TRUE,TBD,FALSE
2022-09-13T11:15:00Z,11.297,beaver_creek_usgs_temp_3,60.65107,-151.09076,US/Alaska (UTC-9 / UTC-8),"west fork beaver creek, upstream of marathon road",Beaver Creek,STREAM,MAIN,TRUE,TRUE,TBD,FALSE
2022-09-13T11:30:00Z,11.346,beaver_creek_usgs_temp_3,60.65107,-151.09076,US/Alaska (UTC-9 / UTC-8),"west fork beaver creek, upstream of marathon road",Beaver Creek,STREAM,MAIN,TRUE,TRUE,TBD,FALSE
2022-09-13T11:45:00Z,11.394,beaver_creek_usgs_temp_3,60.65107,-151.09076,US/Alaska (UTC-9 / UTC-8),"west fork beaver creek, upstream of marathon road",Beaver Creek,STREAM,MAIN,TRUE,TRUE,TBD,FALSE
2022-09-13T12:00:00Z,11.443,beaver_creek_usgs_temp_3,60.65107,-151.09076,US/Alaska (UTC-9 / UTC-8),"west fork beaver creek, upstream of marathon road",Beaver Creek,STREAM,MAIN,TRUE,TRUE,TBD,FALSE
2022-09-13T12:15:00Z,11.516,beaver_creek_usgs_temp_3,60.65107,-151.09076,US/Alaska (UTC-9 / UTC-8),"west fork beaver creek, upstream of marathon road",Beaver Creek,STREAM,MAIN,TRUE,TRUE,TBD,FALSE
2022-09-13T12:30:00Z,11.589,beaver_creek_usgs_temp_3,60.65107,-151.09076,US/Alaska (UTC-9 / UTC-8),"west fork beaver creek, upstream of marathon road",Beaver Creek,STREAM,MAIN,TRUE,TRUE,TBD,FALSE
2022-09-13T12:45:00Z,11.662,beaver_creek_usgs_temp_3,60.65107,-151.09076,US/Alaska (UTC-9 / UTC-8),"west fork beaver creek, upstream of marathon road",Beaver Creek,STREAM,MAIN,TRUE,TRUE,TBD,FALSE
2022-09-13T13:00:00Z,11.734,beaver_creek_usgs_temp_3,60.65107,-151.09076,US/Alaska (UTC-9 / UTC-8),"west fork beaver creek, upstream of marathon road",Beaver Creek,STREAM,MAIN,TRUE,TRUE,TBD,FALSE
2022-09-13T13:15:00Z,11.856,beaver_creek_usgs_temp_3,60.65107,-151.09076,US/Alaska (UTC-9 / UTC-8),"west fork beaver creek, upstream of marathon road",Beaver Creek,STREAM,MAIN,TRUE,TRUE,TBD,FALSE
2022-09-13T13:30:00Z,12.001,beaver_creek_usgs_temp_3,60.65107,-151.09076,US/Alaska (UTC-9 / UTC-8),"west fork beaver creek, upstream of marathon road",Beaver Creek,STREAM,MAIN,TRUE,TRUE,TBD,FALSE
2022-09-13T13:45:00Z,12.05,beaver_creek_usgs_temp_3,60.65107,-151.09076,US/Alaska (UTC-9 / UTC-8),"west fork beaver creek, upstream of marathon road",Beaver Creek,STREAM,MAIN,TRUE,TRUE,TBD,FALSE
2022-09-13T14:00:00Z,12.074,beaver_creek_usgs_temp_3,60.65107,-151.09076,US/Alaska (UTC-9 / UTC-8),"west fork beaver creek, upstream of marathon road",Beaver Creek,STREAM,MAIN,TRUE,TRUE,TBD,FALSE
2022-09-13T14:15:00Z,12.122,beaver_creek_usgs_temp_3,60.65107,-151.09076,US/Alaska (UTC-9 / UTC-8),"west fork beaver creek, upstream of marathon road",Beaver Creek,STREAM,MAIN,TRUE,TRUE,TBD,FALSE
2022-09-13T14:30:00Z,12.195,beaver_creek_usgs_temp_3,60.65107,-151.09076,US/Alaska (UTC-9 / UTC-8),"west fork beaver creek, upstream of marathon road",Beaver Creek,STREAM,MAIN,TRUE,TRUE,TBD,FALSE
2022-09-13T14:45:00Z,12.243,beaver_creek_usgs_temp_3,60.65107,-151.09076,US/Alaska (UTC-9 / UTC-8),"west fork beaver creek, upstream of marathon road",Beaver Creek,STREAM,MAIN,TRUE,TRUE,TBD,FALSE
2022-09-13T15:00:00Z,12.268,beaver_creek_usgs_temp_3,60.65107,-151.09076,US/Alaska (UTC-9 / UTC-8),"west fork beaver creek, upstream of marathon road",Beaver Creek,STREAM,MAIN,TRUE,TRUE,TBD,FALSE
2022-09-13T15:15:00Z,12.316,beaver_creek_usgs_temp_3,60.65107,-151.09076,US/Alaska (UTC-9 / UTC-8),"west fork beaver creek, upstream of marathon road",Beaver Creek,STREAM,MAIN,TRUE,TRUE,TBD,FALSE
2022-09-13T15:30:00Z,12.364,beaver_creek_usgs_temp_3,60.65107,-151.09076,US/Alaska (UTC-9 / UTC-8),"west fork beaver creek, upstream of marathon road",Beaver Creek,STREAM,MAIN,TRUE,TRUE,TBD,FALSE
2022-09-13T15:45:00Z,12.461,beaver_creek_usgs_temp_3,60.65107,-151.09076,US/Alaska (UTC-9 / UTC-8),"west fork beaver creek, upstream of marathon road",Beaver Creek,STREAM,MAIN,TRUE,TRUE,TBD,FALSE
2022-09-13T16:00:00Z,12.534,beaver_creek_usgs_temp_3,60.65107,-151.09076,US/Alaska (UTC-9 / UTC-8),"west fork beaver creek, upstream of marathon road",Beaver Creek,STREAM,MAIN,TRUE,TRUE,TBD,FALSE
2022-09-13T16:15:00Z,12.558,beaver_creek_usgs_temp_3,60.65107,-151.09076,US/Alaska (UTC-9 / UTC-8),"west fork beaver creek, upstream of marathon road",Beaver Creek,STREAM,MAIN,TRUE,TRUE,TBD,FALSE
2022-09-13T16:30:00Z,12.558,beaver_creek_usgs_temp_3,60.65107,-151.09076,US/Alaska (UTC-9 / UTC-8),"west fork beaver creek, upstream of marathon road",Beaver Creek,STREAM,MAIN,TRUE,TRUE,TBD,FALSE
2022-09-13T16:45:00Z,12.582,beaver_creek_usgs_temp_3,60.65107,-151.09076,US/Alaska (UTC-9 / UTC-8),"west fork beaver creek, upstream of marathon road",Beaver Creek,STREAM,MAIN,TRUE,TRUE,TBD,FALSE
2022-09-13T17:00:00Z,12.654,beaver_creek_usgs_temp_3,60.65107,-151.09076,US/Alaska (UTC-9 / UTC-8),"west fork beaver creek, upstream of marathon road",Beaver Creek,STREAM,MAIN,TRUE,TRUE,TBD,FALSE
2022-09-13T17:15:00Z,12.775,beaver_creek_usgs_temp_3,60.65107,-151.09076,US/Alaska (UTC-9 / UTC-8),"west fork beaver creek, upstream of marathon road",Beaver Creek,STREAM,MAIN,TRUE,TRUE,TBD,FALSE
2022-09-13T17:30:00Z,12.823,beaver_creek_usgs_temp_3,60.65107,-151.09076,US/Alaska (UTC-9 / UTC-8),"west fork beaver creek, upstream of marathon road",Beaver Creek,STREAM,MAIN,TRUE,TRUE,TBD,FALSE
2022-09-13T17:45:00Z,12.847,beaver_creek_usgs_temp_3,60.65107,-151.09076,US/Alaska (UTC-9 / UTC-8),"west fork beaver creek, upstream of marathon road",Beaver Creek,STREAM,MAIN,TRUE,TRUE,TBD,FALSE
2022-09-13T18:00:00Z,12.871,beaver_creek_usgs_temp_3,60.65107,-151.09076,US/Alaska (UTC-9 / UTC-8),"west fork beaver creek, upstream of marathon road",Beaver Creek,STREAM,MAIN,TRUE,TRUE,TBD,FALSE
2022-09-13T18:15:00Z,12.896,beaver_creek_usgs_temp_3,60.65107,-151.09076,US/Alaska (UTC-9 / UTC-8),"west fork beaver creek, upstream of marathon road",Beaver Creek,STREAM,MAIN,TRUE,TRUE,TBD,FALSE
2022-09-13T18:30:00Z,12.896,beaver_creek_usgs_temp_3,60.65107,-151.09076,US/Alaska (UTC-9 / UTC-8),"west fork beaver creek, upstream of marathon road",Beaver Creek,STREAM,MAIN,TRUE,TRUE,TBD,FALSE
2022-09-13T18:45:00Z,12.92,beaver_creek_usgs_temp_3,60.65107,-151.09076,US/Alaska (UTC-9 / UTC-8),"west fork beaver creek, upstream of marathon road",Beaver Creek,STREAM,MAIN,TRUE,TRUE,TBD,FALSE
2022-09-13T19:00:00Z,12.896,beaver_creek_usgs_temp_3,60.65107,-151.09076,US/Alaska (UTC-9 / UTC-8),"west fork beaver creek, upstream of marathon road",Beaver Creek,STREAM,MAIN,TRUE,TRUE,TBD,FALSE
2022-09-13T19:15:00Z,12.92,beaver_creek_usgs_temp_3,60.65107,-151.09076,US/Alaska (UTC-9 / UTC-8),"west fork beaver creek, upstream of marathon road",Beaver Creek,STREAM,MAIN,TRUE,TRUE,TBD,FALSE
2022-09-13T19:30:00Z,12.92,beaver_creek_usgs_temp_3,60.65107,-151.09076,US/Alaska (UTC-9 / UTC-8),"west fork beaver creek, upstream of marathon road",Beaver Creek,STREAM,MAIN,TRUE,TRUE,TBD,FALSE
2022-09-13T19:45:00Z,12.92,beaver_creek_usgs_temp_3,60.65107,-151.09076,US/Alaska (UTC-9 / UTC-8),"west fork beaver creek, upstream of marathon road",Beaver Creek,STREAM,MAIN,TRUE,TRUE,TBD,FALSE
2022-09-13T20:00:00Z,12.896,beaver_creek_usgs_temp_3,60.65107,-151.09076,US/Alaska (UTC-9 / UTC-8),"west fork beaver creek, upstream of marathon road",Beaver Creek,STREAM,MAIN,TRUE,TRUE,TBD,FALSE
2022-09-13T20:15:00Z,12.871,beaver_creek_usgs_temp_3,60.65107,-151.09076,US/Alaska (UTC-9 / UTC-8),"west fork beaver creek, upstream of marathon road",Beaver Creek,STREAM,MAIN,TRUE,TRUE,TBD,FALSE
2022-09-13T20:30:00Z,12.847,beaver_creek_usgs_temp_3,60.65107,-151.09076,US/Alaska (UTC-9 / UTC-8),"west fork beaver creek, upstream of marathon road",Beaver Creek,STREAM,MAIN,TRUE,TRUE,TBD,FALSE
2022-09-13T20:45:00Z,12.823,beaver_creek_usgs_temp_3,60.65107,-151.09076,US/Alaska (UTC-9 / UTC-8),"west fork beaver creek, upstream of marathon road",Beaver Creek,STREAM,MAIN,TRUE,TRUE,TBD,FALSE
2022-09-13T21:00:00Z,12.799,beaver_creek_usgs_temp_3,60.65107,-151.09076,US/Alaska (UTC-9 / UTC-8),"west fork beaver creek, upstream of marathon road",Beaver Creek,STREAM,MAIN,TRUE,TRUE,TBD,FALSE
2022-09-13T21:15:00Z,12.775,beaver_creek_usgs_temp_3,60.65107,-151.09076,US/Alaska (UTC-9 / UTC-8),"west fork beaver creek, upstream of marathon road",Beaver Creek,STREAM,MAIN,TRUE,TRUE,TBD,FALSE
2022-09-13T21:30:00Z,12.703,beaver_creek_usgs_temp_3,60.65107,-151.09076,US/Alaska (UTC-9 / UTC-8),"west fork beaver creek, upstream of marathon road",Beaver Creek,STREAM,MAIN,TRUE,TRUE,TBD,FALSE
2022-09-13T21:45:00Z,12.654,beaver_creek_usgs_temp_3,60.65107,-151.09076,US/Alaska (UTC-9 / UTC-8),"west fork beaver creek, upstream of marathon road",Beaver Creek,STREAM,MAIN,TRUE,TRUE,TBD,FALSE
2022-09-13T22:00:00Z,12.63,beaver_creek_usgs_temp_3,60.65107,-151.09076,US/Alaska (UTC-9 / UTC-8),"west fork beaver creek, upstream of marathon road",Beaver Creek,STREAM,MAIN,TRUE,TRUE,TBD,FALSE
2022-09-13T22:15:00Z,12.606,beaver_creek_usgs_temp_3,60.65107,-151.09076,US/Alaska (UTC-9 / UTC-8),"west fork beaver creek, upstream of marathon road",Beaver Creek,STREAM,MAIN,TRUE,TRUE,TBD,FALSE
2022-09-13T22:30:00Z,12.558,beaver_creek_usgs_temp_3,60.65107,-151.09076,US/Alaska (UTC-9 / UTC-8),"west fork beaver creek, upstream of marathon road",Beaver Creek,STREAM,MAIN,TRUE,TRUE,TBD,FALSE
2022-09-13T22:45:00Z,12.485,beaver_creek_usgs_temp_3,60.65107,-151.09076,US/Alaska (UTC-9 / UTC-8),"west fork beaver creek, upstream of marathon road",Beaver Creek,STREAM,MAIN,TRUE,TRUE,TBD,FALSE
2022-09-13T23:00:00Z,12.461,beaver_creek_usgs_temp_3,60.65107,-151.09076,US/Alaska (UTC-9 / UTC-8),"west fork beaver creek, upstream of marathon road",Beaver Creek,STREAM,MAIN,TRUE,TRUE,TBD,FALSE
2022-09-13T23:15:00Z,12.413,beaver_creek_usgs_temp_3,60.65107,-151.09076,US/Alaska (UTC-9 / UTC-8),"west fork beaver creek, upstream of marathon road",Beaver Creek,STREAM,MAIN,TRUE,TRUE,TBD,FALSE
2022-09-13T23:30:00Z,12.364,beaver_creek_usgs_temp_3,60.65107,-151.09076,US/Alaska (UTC-9 / UTC-8),"west fork beaver creek, upstream of marathon road",Beaver Creek,STREAM,MAIN,TRUE,TRUE,TBD,FALSE
2022-09-13T23:45:00Z,12.316,beaver_creek_usgs_temp_3,60.65107,-151.09076,US/Alaska (UTC-9 / UTC-8),"west fork beaver creek, upstream of marathon road",Beaver Creek,STREAM,MAIN,TRUE,TRUE,TBD,FALSE
2022-09-14T00:00:00Z,12.292,beaver_creek_usgs_temp_3,60.65107,-151.09076,US/Alaska (UTC-9 / UTC-8),"west fork beaver creek, upstream of marathon road",Beaver Creek,STREAM,MAIN,TRUE,TRUE,TBD,FALSE
2022-09-14T00:15:00Z,12.268,beaver_creek_usgs_temp_3,60.65107,-151.09076,US/Alaska (UTC-9 / UTC-8),"west fork beaver creek, upstream of marathon road",Beaver Creek,STREAM,MAIN,TRUE,TRUE,TBD,FALSE
2022-09-14T00:30:00Z,12.219,beaver_creek_usgs_temp_3,60.65107,-151.09076,US/Alaska (UTC-9 / UTC-8),"west fork beaver creek, upstream of marathon road",Beaver Creek,STREAM,MAIN,TRUE,TRUE,TBD,FALSE
2022-09-14T00:45:00Z,12.171,beaver_creek_usgs_temp_3,60.65107,-151.09076,US/Alaska (UTC-9 / UTC-8),"west fork beaver creek, upstream of marathon road",Beaver Creek,STREAM,MAIN,TRUE,TRUE,TBD,FALSE
2022-09-14T01:00:00Z,12.122,beaver_creek_usgs_temp_3,60.65107,-151.09076,US/Alaska (UTC-9 / UTC-8),"west fork beaver creek, upstream of marathon road",Beaver Creek,STREAM,MAIN,TRUE,TRUE,TBD,FALSE
2022-09-14T01:15:00Z,12.074,beaver_creek_usgs_temp_3,60.65107,-151.09076,US/Alaska (UTC-9 / UTC-8),"west fork beaver creek, upstream of marathon road",Beaver Creek,STREAM,MAIN,TRUE,TRUE,TBD,FALSE
2022-09-14T01:30:00Z,12.025,beaver_creek_usgs_temp_3,60.65107,-151.09076,US/Alaska (UTC-9 / UTC-8),"west fork beaver creek, upstream of marathon road",Beaver Creek,STREAM,MAIN,TRUE,TRUE,TBD,FALSE
2022-09-14T01:45:00Z,11.977,beaver_creek_usgs_temp_3,60.65107,-151.09076,US/Alaska (UTC-9 / UTC-8),"west fork beaver creek, upstream of marathon road",Beaver Creek,STREAM,MAIN,TRUE,TRUE,TBD,FALSE
2022-09-14T02:00:00Z,11.929,beaver_creek_usgs_temp_3,60.65107,-151.09076,US/Alaska (UTC-9 / UTC-8),"west fork beaver creek, upstream of marathon road",Beaver Creek,STREAM,MAIN,TRUE,TRUE,TBD,FALSE
2022-09-14T02:15:00Z,11.88,beaver_creek_usgs_temp_3,60.65107,-151.09076,US/Alaska (UTC-9 / UTC-8),"west fork beaver creek, upstream of marathon road",Beaver Creek,STREAM,MAIN,TRUE,TRUE,TBD,FALSE
2022-09-14T02:30:00Z,11.807,beaver_creek_usgs_temp_3,60.65107,-151.09076,US/Alaska (UTC-9 / UTC-8),"west fork beaver creek, upstream of marathon road",Beaver Creek,STREAM,MAIN,TRUE,TRUE,TBD,FALSE
2022-09-14T02:45:00Z,11.759,beaver_creek_usgs_temp_3,60.65107,-151.09076,US/Alaska (UTC-9 / UTC-8),"west fork beaver creek, upstream of marathon road",Beaver Creek,STREAM,MAIN,TRUE,TRUE,TBD,FALSE
2022-09-14T03:00:00Z,11.686,beaver_creek_usgs_temp_3,60.65107,-151.09076,US/Alaska (UTC-9 / UTC-8),"west fork beaver creek, upstream of marathon road",Beaver Creek,STREAM,MAIN,TRUE,TRUE,TBD,FALSE
2022-09-14T03:15:00Z,11.637,beaver_creek_usgs_temp_3,60.65107,-151.09076,US/Alaska (UTC-9 / UTC-8),"west fork beaver creek, upstream of marathon road",Beaver Creek,STREAM,MAIN,TRUE,TRUE,TBD,FALSE
2022-09-14T03:30:00Z,11.589,beaver_creek_usgs_temp_3,60.65107,-151.09076,US/Alaska (UTC-9 / UTC-8),"west fork beaver creek, upstream of marathon road",Beaver Creek,STREAM,MAIN,TRUE,TRUE,TBD,FALSE
2022-09-14T03:45:00Z,11.516,beaver_creek_usgs_temp_3,60.65107,-151.09076,US/Alaska (UTC-9 / UTC-8),"west fork beaver creek, upstream of marathon road",Beaver Creek,STREAM,MAIN,TRUE,TRUE,TBD,FALSE
2022-09-14T04:00:00Z,11.467,beaver_creek_usgs_temp_3,60.65107,-151.09076,US/Alaska (UTC-9 / UTC-8),"west fork beaver creek, upstream of marathon road",Beaver Creek,STREAM,MAIN,TRUE,TRUE,TBD,FALSE
2022-09-14T04:15:00Z,11.419,beaver_creek_usgs_temp_3,60.65107,-151.09076,US/Alaska (UTC-9 / UTC-8),"west fork beaver creek, upstream of marathon road",Beaver Creek,STREAM,MAIN,TRUE,TRUE,TBD,FALSE
2022-09-14T04:30:00Z,11.37,beaver_creek_usgs_temp_3,60.65107,-151.09076,US/Alaska (UTC-9 / UTC-8),"west fork beaver creek, upstream of marathon road",Beaver Creek,STREAM,MAIN,TRUE,TRUE,TBD,FALSE
2022-09-14T04:45:00Z,11.297,beaver_creek_usgs_temp_3,60.65107,-151.09076,US/Alaska (UTC-9 / UTC-8),"west fork beaver creek, upstream of marathon road",Beaver Creek,STREAM,MAIN,TRUE,TRUE,TBD,FALSE
2022-09-14T05:00:00Z,11.248,beaver_creek_usgs_temp_3,60.65107,-151.09076,US/Alaska (UTC-9 / UTC-8),"west fork beaver creek, upstream of marathon road",Beaver Creek,STREAM,MAIN,TRUE,TRUE,TBD,FALSE
2022-09-14T05:15:00Z,11.2,beaver_creek_usgs_temp_3,60.65107,-151.09076,US/Alaska (UTC-9 / UTC-8),"west fork beaver creek, upstream of marathon road",Beaver Creek,STREAM,MAIN,TRUE,TRUE,TBD,FALSE
2022-09-14T05:30:00Z,11.127,beaver_creek_usgs_temp_3,60.65107,-151.09076,US/Alaska (UTC-9 / UTC-8),"west fork beaver creek, upstream of marathon road",Beaver Creek,STREAM,MAIN,TRUE,TRUE,TBD,FALSE
2022-09-14T05:45:00Z,11.053,beaver_creek_usgs_temp_3,60.65107,-151.09076,US/Alaska (UTC-9 / UTC-8),"west fork beaver creek, upstream of marathon road",Beaver Creek,STREAM,MAIN,TRUE,TRUE,TBD,FALSE
2022-09-14T06:00:00Z,10.98,beaver_creek_usgs_temp_3,60.65107,-151.09076,US/Alaska (UTC-9 / UTC-8),"west fork beaver creek, upstream of marathon road",Beaver Creek,STREAM,MAIN,TRUE,TRUE,TBD,FALSE
2022-09-14T06:15:00Z,10.932,beaver_creek_usgs_temp_3,60.65107,-151.09076,US/Alaska (UTC-9 / UTC-8),"west fork beaver creek, upstream of marathon road",Beaver Creek,STREAM,MAIN,TRUE,TRUE,TBD,FALSE
2022-09-14T06:30:00Z,10.858,beaver_creek_usgs_temp_3,60.65107,-151.09076,US/Alaska (UTC-9 / UTC-8),"west fork beaver creek, upstream of marathon road",Beaver Creek,STREAM,MAIN,TRUE,TRUE,TBD,FALSE
2022-09-14T06:45:00Z,10.785,beaver_creek_usgs_temp_3,60.65107,-151.09076,US/Alaska (UTC-9 / UTC-8),"west fork beaver creek, upstream of marathon road",Beaver Creek,STREAM,MAIN,TRUE,TRUE,TBD,FALSE
2022-09-14T07:00:00Z,10.712,beaver_creek_usgs_temp_3,60.65107,-151.09076,US/Alaska (UTC-9 / UTC-8),"west fork beaver creek, upstream of marathon road",Beaver Creek,STREAM,MAIN,TRUE,TRUE,TBD,FALSE
2022-09-14T07:15:00Z,10.638,beaver_creek_usgs_temp_3,60.65107,-151.09076,US/Alaska (UTC-9 / UTC-8),"west fork beaver creek, upstream of marathon road",Beaver Creek,STREAM,MAIN,TRUE,TRUE,TBD,FALSE
2022-09-14T07:30:00Z,10.565,beaver_creek_usgs_temp_3,60.65107,-151.09076,US/Alaska (UTC-9 / UTC-8),"west fork beaver creek, upstream of marathon road",Beaver Creek,STREAM,MAIN,TRUE,TRUE,TBD,FALSE
2022-09-14T07:45:00Z,10.516,beaver_creek_usgs_temp_3,60.65107,-151.09076,US/Alaska (UTC-9 / UTC-8),"west fork beaver creek, upstream of marathon road",Beaver Creek,STREAM,MAIN,TRUE,TRUE,TBD,FALSE
2022-09-14T08:00:00Z,10.443,beaver_creek_usgs_temp_3,60.65107,-151.09076,US/Alaska (UTC-9 / UTC-8),"west fork beaver creek, upstream of marathon road",Beaver Creek,STREAM,MAIN,TRUE,TRUE,TBD,FALSE
2022-09-14T08:15:00Z,10.394,beaver_creek_usgs_temp_3,60.65107,-151.09076,US/Alaska (UTC-9 / UTC-8),"west fork beaver creek, upstream of marathon road",Beaver Creek,STREAM,MAIN,TRUE,TRUE,TBD,FALSE
2022-09-14T08:30:00Z,10.345,beaver_creek_usgs_temp_3,60.65107,-151.09076,US/Alaska (UTC-9 / UTC-8),"west fork beaver creek, upstream of marathon road",Beaver Creek,STREAM,MAIN,TRUE,TRUE,TBD,FALSE
2022-09-14T08:45:00Z,10.32,beaver_creek_usgs_temp_3,60.65107,-151.09076,US/Alaska (UTC-9 / UTC-8),"west fork beaver creek, upstream of marathon road",Beaver Creek,STREAM,MAIN,TRUE,TRUE,TBD,FALSE
2022-09-14T09:00:00Z,10.32,beaver_creek_usgs_temp_3,60.65107,-151.09076,US/Alaska (UTC-9 / UTC-8),"west fork beaver creek, upstream of marathon road",Beaver Creek,STREAM,MAIN,TRUE,TRUE,TBD,FALSE
2022-09-14T09:15:00Z,10.296,beaver_creek_usgs_temp_3,60.65107,-151.09076,US/Alaska (UTC-9 / UTC-8),"west fork beaver creek, upstream of marathon road",Beaver Creek,STREAM,MAIN,TRUE,TRUE,TBD,FALSE
2022-09-14T09:30:00Z,10.296,beaver_creek_usgs_temp_3,60.65107,-151.09076,US/Alaska (UTC-9 / UTC-8),"west fork beaver creek, upstream of marathon road",Beaver Creek,STREAM,MAIN,TRUE,TRUE,TBD,FALSE
2022-09-14T09:45:00Z,10.32,beaver_creek_usgs_temp_3,60.65107,-151.09076,US/Alaska (UTC-9 / UTC-8),"west fork beaver creek, upstream of marathon road",Beaver Creek,STREAM,MAIN,TRUE,TRUE,TBD,FALSE
2022-09-14T10:00:00Z,10.32,beaver_creek_usgs_temp_3,60.65107,-151.09076,US/Alaska (UTC-9 / UTC-8),"west fork beaver creek, upstream of marathon road",Beaver Creek,STREAM,MAIN,TRUE,TRUE,TBD,FALSE
2022-09-14T10:15:00Z,10.345,beaver_creek_usgs_temp_3,60.65107,-151.09076,US/Alaska (UTC-9 / UTC-8),"west fork beaver creek, upstream of marathon road",Beaver Creek,STREAM,MAIN,TRUE,TRUE,TBD,FALSE
2022-09-14T10:30:00Z,10.394,beaver_creek_usgs_temp_3,60.65107,-151.09076,US/Alaska (UTC-9 / UTC-8),"west fork beaver creek, upstream of marathon road",Beaver Creek,STREAM,MAIN,TRUE,TRUE,TBD,FALSE
2022-09-14T10:45:00Z,10.418,beaver_creek_usgs_temp_3,60.65107,-151.09076,US/Alaska (UTC-9 / UTC-8),"west fork beaver creek, upstream of marathon road",Beaver Creek,STREAM,MAIN,TRUE,TRUE,TBD,FALSE
2022-09-14T11:00:00Z,10.443,beaver_creek_usgs_temp_3,60.65107,-151.09076,US/Alaska (UTC-9 / UTC-8),"west fork beaver creek, upstream of marathon road",Beaver Creek,STREAM,MAIN,TRUE,TRUE,TBD,FALSE
2022-09-14T11:15:00Z,10.467,beaver_creek_usgs_temp_3,60.65107,-151.09076,US/Alaska (UTC-9 / UTC-8),"west fork beaver creek, upstream of marathon road",Beaver Creek,STREAM,MAIN,TRUE,TRUE,TBD,FALSE
2022-09-14T11:30:00Z,10.492,beaver_creek_usgs_temp_3,60.65107,-151.09076,US/Alaska (UTC-9 / UTC-8),"west fork beaver creek, upstream of marathon road",Beaver Creek,STREAM,MAIN,TRUE,TRUE,TBD,FALSE
2022-09-14T11:45:00Z,10.516,beaver_creek_usgs_temp_3,60.65107,-151.09076,US/Alaska (UTC-9 / UTC-8),"west fork beaver creek, upstream of marathon road",Beaver Creek,STREAM,MAIN,TRUE,TRUE,TBD,FALSE
2022-09-14T12:00:00Z,10.614,beaver_creek_usgs_temp_3,60.65107,-151.09076,US/Alaska (UTC-9 / UTC-8),"west fork beaver creek, upstream of marathon road",Beaver Creek,STREAM,MAIN,TRUE,TRUE,TBD,FALSE
2022-09-14T12:15:00Z,10.81,beaver_creek_usgs_temp_3,60.65107,-151.09076,US/Alaska (UTC-9 / UTC-8),"west fork beaver creek, upstream of marathon road",Beaver Creek,STREAM,MAIN,TRUE,TRUE,TBD,FALSE
2022-09-14T12:30:00Z,10.907,beaver_creek_usgs_temp_3,60.65107,-151.09076,US/Alaska (UTC-9 / UTC-8),"west fork beaver creek, upstream of marathon road",Beaver Creek,STREAM,MAIN,TRUE,TRUE,TBD,FALSE
2022-09-14T12:45:00Z,11.005,beaver_creek_usgs_temp_3,60.65107,-151.09076,US/Alaska (UTC-9 / UTC-8),"west fork beaver creek, upstream of marathon road",Beaver Creek,STREAM,MAIN,TRUE,TRUE,TBD,FALSE
2022-09-14T13:00:00Z,11.151,beaver_creek_usgs_temp_3,60.65107,-151.09076,US/Alaska (UTC-9 / UTC-8),"west fork beaver creek, upstream of marathon road",Beaver Creek,STREAM,MAIN,TRUE,TRUE,TBD,FALSE
2022-09-14T13:15:00Z,11.297,beaver_creek_usgs_temp_3,60.65107,-151.09076,US/Alaska (UTC-9 / UTC-8),"west fork beaver creek, upstream of marathon road",Beaver Creek,STREAM,MAIN,TRUE,TRUE,TBD,FALSE
2022-09-14T13:30:00Z,11.467,beaver_creek_usgs_temp_3,60.65107,-151.09076,US/Alaska (UTC-9 / UTC-8),"west fork beaver creek, upstream of marathon road",Beaver Creek,STREAM,MAIN,TRUE,TRUE,TBD,FALSE
2022-09-14T13:45:00Z,11.492,beaver_creek_usgs_temp_3,60.65107,-151.09076,US/Alaska (UTC-9 / UTC-8),"west fork beaver creek, upstream of marathon road",Beaver Creek,STREAM,MAIN,TRUE,TRUE,TBD,FALSE
2022-09-14T14:00:00Z,11.516,beaver_creek_usgs_temp_3,60.65107,-151.09076,US/Alaska (UTC-9 / UTC-8),"west fork beaver creek, upstream of marathon road",Beaver Creek,STREAM,MAIN,TRUE,TRUE,TBD,FALSE
2022-09-14T14:15:00Z,11.565,beaver_creek_usgs_temp_3,60.65107,-151.09076,US/Alaska (UTC-9 / UTC-8),"west fork beaver creek, upstream of marathon road",Beaver Creek,STREAM,MAIN,TRUE,TRUE,TBD,FALSE
2022-09-14T14:30:00Z,11.662,beaver_creek_usgs_temp_3,60.65107,-151.09076,US/Alaska (UTC-9 / UTC-8),"west fork beaver creek, upstream of marathon road",Beaver Creek,STREAM,MAIN,TRUE,TRUE,TBD,FALSE
2022-09-14T14:45:00Z,11.759,beaver_creek_usgs_temp_3,60.65107,-151.09076,US/Alaska (UTC-9 / UTC-8),"west fork beaver creek, upstream of marathon road",Beaver Creek,STREAM,MAIN,TRUE,TRUE,TBD,FALSE
2022-09-14T15:00:00Z,11.832,beaver_creek_usgs_temp_3,60.65107,-151.09076,US/Alaska (UTC-9 / UTC-8),"west fork beaver creek, upstream of marathon road",Beaver Creek,STREAM,MAIN,TRUE,TRUE,TBD,FALSE
2022-09-14T15:15:00Z,12.025,beaver_creek_usgs_temp_3,60.65107,-151.09076,US/Alaska (UTC-9 / UTC-8),"west fork beaver creek, upstream of marathon road",Beaver Creek,STREAM,MAIN,TRUE,TRUE,TBD,FALSE
2022-09-14T15:30:00Z,12.219,beaver_creek_usgs_temp_3,60.65107,-151.09076,US/Alaska (UTC-9 / UTC-8),"west fork beaver creek, upstream of marathon road",Beaver Creek,STREAM,MAIN,TRUE,TRUE,TBD,FALSE
2022-09-14T15:45:00Z,12.34,beaver_creek_usgs_temp_3,60.65107,-151.09076,US/Alaska (UTC-9 / UTC-8),"west fork beaver creek, upstream of marathon road",Beaver Creek,STREAM,MAIN,TRUE,TRUE,TBD,FALSE
2022-09-14T16:00:00Z,12.461,beaver_creek_usgs_temp_3,60.65107,-151.09076,US/Alaska (UTC-9 / UTC-8),"west fork beaver creek, upstream of marathon road",Beaver Creek,STREAM,MAIN,TRUE,TRUE,TBD,FALSE
2022-09-14T16:15:00Z,12.582,beaver_creek_usgs_temp_3,60.65107,-151.09076,US/Alaska (UTC-9 / UTC-8),"west fork beaver creek, upstream of marathon road",Beaver Creek,STREAM,MAIN,TRUE,TRUE,TBD,FALSE
2022-09-14T16:30:00Z,12.678,beaver_creek_usgs_temp_3,60.65107,-151.09076,US/Alaska (UTC-9 / UTC-8),"west fork beaver creek, upstream of marathon road",Beaver Creek,STREAM,MAIN,TRUE,TRUE,TBD,FALSE
2022-09-14T16:45:00Z,12.775,beaver_creek_usgs_temp_3,60.65107,-151.09076,US/Alaska (UTC-9 / UTC-8),"west fork beaver creek, upstream of marathon road",Beaver Creek,STREAM,MAIN,TRUE,TRUE,TBD,FALSE
2022-09-14T17:00:00Z,12.847,beaver_creek_usgs_temp_3,60.65107,-151.09076,US/Alaska (UTC-9 / UTC-8),"west fork beaver creek, upstream of marathon road",Beaver Creek,STREAM,MAIN,TRUE,TRUE,TBD,FALSE
2022-09-14T17:15:00Z,12.944,beaver_creek_usgs_temp_3,60.65107,-151.09076,US/Alaska (UTC-9 / UTC-8),"west fork beaver creek, upstream of marathon road",Beaver Creek,STREAM,MAIN,TRUE,TRUE,TBD,FALSE
2022-09-14T17:30:00Z,12.992,beaver_creek_usgs_temp_3,60.65107,-151.09076,US/Alaska (UTC-9 / UTC-8),"west fork beaver creek, upstream of marathon road",Beaver Creek,STREAM,MAIN,TRUE,TRUE,TBD,FALSE
2022-09-14T17:45:00Z,13.04,beaver_creek_usgs_temp_3,60.65107,-151.09076,US/Alaska (UTC-9 / UTC-8),"west fork beaver creek, upstream of marathon road",Beaver Creek,STREAM,MAIN,TRUE,TRUE,TBD,FALSE
2022-09-14T18:00:00Z,13.064,beaver_creek_usgs_temp_3,60.65107,-151.09076,US/Alaska (UTC-9 / UTC-8),"west fork beaver creek, upstream of marathon road",Beaver Creek,STREAM,MAIN,TRUE,TRUE,TBD,FALSE
2022-09-14T18:15:00Z,13.088,beaver_creek_usgs_temp_3,60.65107,-151.09076,US/Alaska (UTC-9 / UTC-8),"west fork beaver creek, upstream of marathon road",Beaver Creek,STREAM,MAIN,TRUE,TRUE,TBD,FALSE
2022-09-14T18:30:00Z,13.088,beaver_creek_usgs_temp_3,60.65107,-151.09076,US/Alaska (UTC-9 / UTC-8),"west fork beaver creek, upstream of marathon road",Beaver Creek,STREAM,MAIN,TRUE,TRUE,TBD,FALSE
2022-09-14T18:45:00Z,13.088,beaver_creek_usgs_temp_3,60.65107,-151.09076,US/Alaska (UTC-9 / UTC-8),"west fork beaver creek, upstream of marathon road",Beaver Creek,STREAM,MAIN,TRUE,TRUE,TBD,FALSE
2022-09-14T19:00:00Z,13.088,beaver_creek_usgs_temp_3,60.65107,-151.09076,US/Alaska (UTC-9 / UTC-8),"west fork beaver creek, upstream of marathon road",Beaver Creek,STREAM,MAIN,TRUE,TRUE,TBD,FALSE
2022-09-14T19:15:00Z,13.064,beaver_creek_usgs_temp_3,60.65107,-151.09076,US/Alaska (UTC-9 / UTC-8),"west fork beaver creek, upstream of marathon road",Beaver Creek,STREAM,MAIN,TRUE,TRUE,TBD,FALSE
2022-09-14T19:30:00Z,13.04,beaver_creek_usgs_temp_3,60.65107,-151.09076,US/Alaska (UTC-9 / UTC-8),"west fork beaver creek, upstream of marathon road",Beaver Creek,STREAM,MAIN,TRUE,TRUE,TBD,FALSE
2022-09-14T19:45:00Z,13.016,beaver_creek_usgs_temp_3,60.65107,-151.09076,US/Alaska (UTC-9 / UTC-8),"west fork beaver creek, upstream of marathon road",Beaver Creek,STREAM,MAIN,TRUE,TRUE,TBD,FALSE
2022-09-14T20:00:00Z,12.992,beaver_creek_usgs_temp_3,60.65107,-151.09076,US/Alaska (UTC-9 / UTC-8),"west fork beaver creek, upstream of marathon road",Beaver Creek,STREAM,MAIN,TRUE,TRUE,TBD,FALSE
2022-09-14T20:15:00Z,12.944,beaver_creek_usgs_temp_3,60.65107,-151.09076,US/Alaska (UTC-9 / UTC-8),"west fork beaver creek, upstream of marathon road",Beaver Creek,STREAM,MAIN,TRUE,TRUE,TBD,FALSE
2022-09-14T20:30:00Z,12.92,beaver_creek_usgs_temp_3,60.65107,-151.09076,US/Alaska (UTC-9 / UTC-8),"west fork beaver creek, upstream of marathon road",Beaver Creek,STREAM,MAIN,TRUE,TRUE,TBD,FALSE
2022-09-14T20:45:00Z,12.871,beaver_creek_usgs_temp_3,60.65107,-151.09076,US/Alaska (UTC-9 / UTC-8),"west fork beaver creek, upstream of marathon road",Beaver Creek,STREAM,MAIN,TRUE,TRUE,TBD,FALSE
2022-09-14T21:00:00Z,12.823,beaver_creek_usgs_temp_3,60.65107,-151.09076,US/Alaska (UTC-9 / UTC-8),"west fork beaver creek, upstream of marathon road",Beaver Creek,STREAM,MAIN,TRUE,TRUE,TBD,FALSE
2022-09-14T21:15:00Z,12.775,beaver_creek_usgs_temp_3,60.65107,-151.09076,US/Alaska (UTC-9 / UTC-8),"west fork beaver creek, upstream of marathon road",Beaver Creek,STREAM,MAIN,TRUE,TRUE,TBD,FALSE
2022-09-14T21:30:00Z,12.703,beaver_creek_usgs_temp_3,60.65107,-151.09076,US/Alaska (UTC-9 / UTC-8),"west fork beaver creek, upstream of marathon road",Beaver Creek,STREAM,MAIN,TRUE,TRUE,TBD,FALSE
2022-09-14T21:45:00Z,12.654,beaver_creek_usgs_temp_3,60.65107,-151.09076,US/Alaska (UTC-9 / UTC-8),"west fork beaver creek, upstream of marathon road",Beaver Creek,STREAM,MAIN,TRUE,TRUE,TBD,FALSE
2022-09-14T22:00:00Z,12.582,beaver_creek_usgs_temp_3,60.65107,-151.09076,US/Alaska (UTC-9 / UTC-8),"west fork beaver creek, upstream of marathon road",Beaver Creek,STREAM,MAIN,TRUE,TRUE,TBD,FALSE
2022-09-14T22:15:00Z,12.509,beaver_creek_usgs_temp_3,60.65107,-151.09076,US/Alaska (UTC-9 / UTC-8),"west fork beaver creek, upstream of marathon road",Beaver Creek,STREAM,MAIN,TRUE,TRUE,TBD,FALSE
2022-09-14T22:30:00Z,12.437,beaver_creek_usgs_temp_3,60.65107,-151.09076,US/Alaska (UTC-9 / UTC-8),"west fork beaver creek, upstream of marathon road",Beaver Creek,STREAM,MAIN,TRUE,TRUE,TBD,FALSE
2022-09-14T22:45:00Z,12.34,beaver_creek_usgs_temp_3,60.65107,-151.09076,US/Alaska (UTC-9 / UTC-8),"west fork beaver creek, upstream of marathon road",Beaver Creek,STREAM,MAIN,TRUE,TRUE,TBD,FALSE
2022-09-14T23:00:00Z,12.268,beaver_creek_usgs_temp_3,60.65107,-151.09076,US/Alaska (UTC-9 / UTC-8),"west fork beaver creek, upstream of marathon road",Beaver Creek,STREAM,MAIN,TRUE,TRUE,TBD,FALSE
2022-09-14T23:15:00Z,12.171,beaver_creek_usgs_temp_3,60.65107,-151.09076,US/Alaska (UTC-9 / UTC-8),"west fork beaver creek, upstream of marathon road",Beaver Creek,STREAM,MAIN,TRUE,TRUE,TBD,FALSE
2022-09-14T23:30:00Z,12.074,beaver_creek_usgs_temp_3,60.65107,-151.09076,US/Alaska (UTC-9 / UTC-8),"west fork beaver creek, upstream of marathon road",Beaver Creek,STREAM,MAIN,TRUE,TRUE,TBD,FALSE
2022-09-14T23:45:00Z,12.001,beaver_creek_usgs_temp_3,60.65107,-151.09076,US/Alaska (UTC-9 / UTC-8),"west fork beaver creek, upstream of marathon road",Beaver Creek,STREAM,MAIN,TRUE,TRUE,TBD,FALSE
2022-09-15T00:00:00Z,11.904,beaver_creek_usgs_temp_3,60.65107,-151.09076,US/Alaska (UTC-9 / UTC-8),"west fork beaver creek, upstream of marathon road",Beaver Creek,STREAM,MAIN,TRUE,TRUE,TBD,FALSE
2022-09-15T00:15:00Z,11.832,beaver_creek_usgs_temp_3,60.65107,-151.09076,US/Alaska (UTC-9 / UTC-8),"west fork beaver creek, upstream of marathon road",Beaver Creek,STREAM,MAIN,TRUE,TRUE,TBD,FALSE
2022-09-15T00:30:00Z,11.759,beaver_creek_usgs_temp_3,60.65107,-151.09076,US/Alaska (UTC-9 / UTC-8),"west fork beaver creek, upstream of marathon road",Beaver Creek,STREAM,MAIN,TRUE,TRUE,TBD,FALSE
2022-09-15T00:45:00Z,11.686,beaver_creek_usgs_temp_3,60.65107,-151.09076,US/Alaska (UTC-9 / UTC-8),"west fork beaver creek, upstream of marathon road",Beaver Creek,STREAM,MAIN,TRUE,TRUE,TBD,FALSE
2022-09-15T01:00:00Z,11.637,beaver_creek_usgs_temp_3,60.65107,-151.09076,US/Alaska (UTC-9 / UTC-8),"west fork beaver creek, upstream of marathon road",Beaver Creek,STREAM,MAIN,TRUE,TRUE,TBD,FALSE
2022-09-15T01:15:00Z,11.589,beaver_creek_usgs_temp_3,60.65107,-151.09076,US/Alaska (UTC-9 / UTC-8),"west fork beaver creek, upstream of marathon road",Beaver Creek,STREAM,MAIN,TRUE,TRUE,TBD,FALSE
2022-09-15T01:30:00Z,11.516,beaver_creek_usgs_temp_3,60.65107,-151.09076,US/Alaska (UTC-9 / UTC-8),"west fork beaver creek, upstream of marathon road",Beaver Creek,STREAM,MAIN,TRUE,TRUE,TBD,FALSE
2022-09-15T01:45:00Z,11.443,beaver_creek_usgs_temp_3,60.65107,-151.09076,US/Alaska (UTC-9 / UTC-8),"west fork beaver creek, upstream of marathon road",Beaver Creek,STREAM,MAIN,TRUE,TRUE,TBD,FALSE
2022-09-15T02:00:00Z,11.346,beaver_creek_usgs_temp_3,60.65107,-151.09076,US/Alaska (UTC-9 / UTC-8),"west fork beaver creek, upstream of marathon road",Beaver Creek,STREAM,MAIN,TRUE,TRUE,TBD,FALSE
2022-09-15T02:15:00Z,11.297,beaver_creek_usgs_temp_3,60.65107,-151.09076,US/Alaska (UTC-9 / UTC-8),"west fork beaver creek, upstream of marathon road",Beaver Creek,STREAM,MAIN,TRUE,TRUE,TBD,FALSE
2022-09-15T02:30:00Z,11.2,beaver_creek_usgs_temp_3,60.65107,-151.09076,US/Alaska (UTC-9 / UTC-8),"west fork beaver creek, upstream of marathon road",Beaver Creek,STREAM,MAIN,TRUE,TRUE,TBD,FALSE
2022-09-15T02:45:00Z,11.151,beaver_creek_usgs_temp_3,60.65107,-151.09076,US/Alaska (UTC-9 / UTC-8),"west fork beaver creek, upstream of marathon road",Beaver Creek,STREAM,MAIN,TRUE,TRUE,TBD,FALSE
2022-09-15T03:00:00Z,11.078,beaver_creek_usgs_temp_3,60.65107,-151.09076,US/Alaska (UTC-9 / UTC-8),"west fork beaver creek, upstream of marathon road",Beaver Creek,STREAM,MAIN,TRUE,TRUE,TBD,FALSE
2022-09-15T03:15:00Z,11.005,beaver_creek_usgs_temp_3,60.65107,-151.09076,US/Alaska (UTC-9 / UTC-8),"west fork beaver creek, upstream of marathon road",Beaver Creek,STREAM,MAIN,TRUE,TRUE,TBD,FALSE
2022-09-15T03:30:00Z,10.907,beaver_creek_usgs_temp_3,60.65107,-151.09076,US/Alaska (UTC-9 / UTC-8),"west fork beaver creek, upstream of marathon road",Beaver Creek,STREAM,MAIN,TRUE,TRUE,TBD,FALSE
2022-09-15T03:45:00Z,10.834,beaver_creek_usgs_temp_3,60.65107,-151.09076,US/Alaska (UTC-9 / UTC-8),"west fork beaver creek, upstream of marathon road",Beaver Creek,STREAM,MAIN,TRUE,TRUE,TBD,FALSE
2022-09-15T04:00:00Z,10.785,beaver_creek_usgs_temp_3,60.65107,-151.09076,US/Alaska (UTC-9 / UTC-8),"west fork beaver creek, upstream of marathon road",Beaver Creek,STREAM,MAIN,TRUE,TRUE,TBD,FALSE
2022-09-15T04:15:00Z,10.712,beaver_creek_usgs_temp_3,60.65107,-151.09076,US/Alaska (UTC-9 / UTC-8),"west fork beaver creek, upstream of marathon road",Beaver Creek,STREAM,MAIN,TRUE,TRUE,TBD,FALSE
2022-09-15T04:30:00Z,10.638,beaver_creek_usgs_temp_3,60.65107,-151.09076,US/Alaska (UTC-9 / UTC-8),"west fork beaver creek, upstream of marathon road",Beaver Creek,STREAM,MAIN,TRUE,TRUE,TBD,FALSE
2022-09-15T04:45:00Z,10.59,beaver_creek_usgs_temp_3,60.65107,-151.09076,US/Alaska (UTC-9 / UTC-8),"west fork beaver creek, upstream of marathon road",Beaver Creek,STREAM,MAIN,TRUE,TRUE,TBD,FALSE
2022-09-15T05:00:00Z,10.516,beaver_creek_usgs_temp_3,60.65107,-151.09076,US/Alaska (UTC-9 / UTC-8),"west fork beaver creek, upstream of marathon road",Beaver Creek,STREAM,MAIN,TRUE,TRUE,TBD,FALSE
2022-09-15T05:15:00Z,10.467,beaver_creek_usgs_temp_3,60.65107,-151.09076,US/Alaska (UTC-9 / UTC-8),"west fork beaver creek, upstream of marathon road",Beaver Creek,STREAM,MAIN,TRUE,TRUE,TBD,FALSE
2022-09-15T05:30:00Z,10.418,beaver_creek_usgs_temp_3,60.65107,-151.09076,US/Alaska (UTC-9 / UTC-8),"west fork beaver creek, upstream of marathon road",Beaver Creek,STREAM,MAIN,TRUE,TRUE,TBD,FALSE
2022-09-15T05:45:00Z,10.369,beaver_creek_usgs_temp_3,60.65107,-151.09076,US/Alaska (UTC-9 / UTC-8),"west fork beaver creek, upstream of marathon road",Beaver Creek,STREAM,MAIN,TRUE,TRUE,TBD,FALSE
2022-09-15T06:00:00Z,10.32,beaver_creek_usgs_temp_3,60.65107,-151.09076,US/Alaska (UTC-9 / UTC-8),"west fork beaver creek, upstream of marathon road",Beaver Creek,STREAM,MAIN,TRUE,TRUE,TBD,FALSE
2022-09-15T06:15:00Z,10.271,beaver_creek_usgs_temp_3,60.65107,-151.09076,US/Alaska (UTC-9 / UTC-8),"west fork beaver creek, upstream of marathon road",Beaver Creek,STREAM,MAIN,TRUE,TRUE,TBD,FALSE
2022-09-15T06:30:00Z,10.247,beaver_creek_usgs_temp_3,60.65107,-151.09076,US/Alaska (UTC-9 / UTC-8),"west fork beaver creek, upstream of marathon road",Beaver Creek,STREAM,MAIN,TRUE,TRUE,TBD,FALSE
2022-09-15T06:45:00Z,10.222,beaver_creek_usgs_temp_3,60.65107,-151.09076,US/Alaska (UTC-9 / UTC-8),"west fork beaver creek, upstream of marathon road",Beaver Creek,STREAM,MAIN,TRUE,TRUE,TBD,FALSE
2022-09-15T07:00:00Z,10.173,beaver_creek_usgs_temp_3,60.65107,-151.09076,US/Alaska (UTC-9 / UTC-8),"west fork beaver creek, upstream of marathon road",Beaver Creek,STREAM,MAIN,TRUE,TRUE,TBD,FALSE
2022-09-15T07:15:00Z,10.149,beaver_creek_usgs_temp_3,60.65107,-151.09076,US/Alaska (UTC-9 / UTC-8),"west fork beaver creek, upstream of marathon road",Beaver Creek,STREAM,MAIN,TRUE,TRUE,TBD,FALSE
2022-09-15T07:30:00Z,10.1,beaver_creek_usgs_temp_3,60.65107,-151.09076,US/Alaska (UTC-9 / UTC-8),"west fork beaver creek, upstream of marathon road",Beaver Creek,STREAM,MAIN,TRUE,TRUE,TBD,FALSE
2022-09-15T07:45:00Z,10.075,beaver_creek_usgs_temp_3,60.65107,-151.09076,US/Alaska (UTC-9 / UTC-8),"west fork beaver creek, upstream of marathon road",Beaver Creek,STREAM,MAIN,TRUE,TRUE,TBD,FALSE
2022-09-15T08:00:00Z,10.051,beaver_creek_usgs_temp_3,60.65107,-151.09076,US/Alaska (UTC-9 / UTC-8),"west fork beaver creek, upstream of marathon road",Beaver Creek,STREAM,MAIN,TRUE,TRUE,TBD,FALSE
2022-09-15T08:15:00Z,10.026,beaver_creek_usgs_temp_3,60.65107,-151.09076,US/Alaska (UTC-9 / UTC-8),"west fork beaver creek, upstream of marathon road",Beaver Creek,STREAM,MAIN,TRUE,TRUE,TBD,FALSE
2022-09-15T08:30:00Z,9.977,beaver_creek_usgs_temp_3,60.65107,-151.09076,US/Alaska (UTC-9 / UTC-8),"west fork beaver creek, upstream of marathon road",Beaver Creek,STREAM,MAIN,TRUE,TRUE,TBD,FALSE
2022-09-15T08:45:00Z,9.952,beaver_creek_usgs_temp_3,60.65107,-151.09076,US/Alaska (UTC-9 / UTC-8),"west fork beaver creek, upstream of marathon road",Beaver Creek,STREAM,MAIN,TRUE,TRUE,TBD,FALSE
2022-09-15T09:00:00Z,9.928,beaver_creek_usgs_temp_3,60.65107,-151.09076,US/Alaska (UTC-9 / UTC-8),"west fork beaver creek, upstream of marathon road",Beaver Creek,STREAM,MAIN,TRUE,TRUE,TBD,FALSE
2022-09-15T09:15:00Z,9.903,beaver_creek_usgs_temp_3,60.65107,-151.09076,US/Alaska (UTC-9 / UTC-8),"west fork beaver creek, upstream of marathon road",Beaver Creek,STREAM,MAIN,TRUE,TRUE,TBD,FALSE
2022-09-15T09:30:00Z,9.879,beaver_creek_usgs_temp_3,60.65107,-151.09076,US/Alaska (UTC-9 / UTC-8),"west fork beaver creek, upstream of marathon road",Beaver Creek,STREAM,MAIN,TRUE,TRUE,TBD,FALSE
2022-09-15T09:45:00Z,9.879,beaver_creek_usgs_temp_3,60.65107,-151.09076,US/Alaska (UTC-9 / UTC-8),"west fork beaver creek, upstream of marathon road",Beaver Creek,STREAM,MAIN,TRUE,TRUE,TBD,FALSE
2022-09-15T10:00:00Z,9.879,beaver_creek_usgs_temp_3,60.65107,-151.09076,US/Alaska (UTC-9 / UTC-8),"west fork beaver creek, upstream of marathon road",Beaver Creek,STREAM,MAIN,TRUE,TRUE,TBD,FALSE
2022-09-15T10:15:00Z,9.854,beaver_creek_usgs_temp_3,60.65107,-151.09076,US/Alaska (UTC-9 / UTC-8),"west fork beaver creek, upstream of marathon road",Beaver Creek,STREAM,MAIN,TRUE,TRUE,TBD,FALSE
2022-09-15T10:30:00Z,9.854,beaver_creek_usgs_temp_3,60.65107,-151.09076,US/Alaska (UTC-9 / UTC-8),"west fork beaver creek, upstream of marathon road",Beaver Creek,STREAM,MAIN,TRUE,TRUE,TBD,FALSE
2022-09-15T10:45:00Z,9.879,beaver_creek_usgs_temp_3,60.65107,-151.09076,US/Alaska (UTC-9 / UTC-8),"west fork beaver creek, upstream of marathon road",Beaver Creek,STREAM,MAIN,TRUE,TRUE,TBD,FALSE
2022-09-15T11:00:00Z,9.879,beaver_creek_usgs_temp_3,60.65107,-151.09076,US/Alaska (UTC-9 / UTC-8),"west fork beaver creek, upstream of marathon road",Beaver Creek,STREAM,MAIN,TRUE,TRUE,TBD,FALSE
2022-09-15T11:15:00Z,9.879,beaver_creek_usgs_temp_3,60.65107,-151.09076,US/Alaska (UTC-9 / UTC-8),"west fork beaver creek, upstream of marathon road",Beaver Creek,STREAM,MAIN,TRUE,TRUE,TBD,FALSE
2022-09-15T11:30:00Z,9.879,beaver_creek_usgs_temp_3,60.65107,-151.09076,US/Alaska (UTC-9 / UTC-8),"west fork beaver creek, upstream of marathon road",Beaver Creek,STREAM,MAIN,TRUE,TRUE,TBD,FALSE
2022-09-15T11:45:00Z,9.879,beaver_creek_usgs_temp_3,60.65107,-151.09076,US/Alaska (UTC-9 / UTC-8),"west fork beaver creek, upstream of marathon road",Beaver Creek,STREAM,MAIN,TRUE,TRUE,TBD,FALSE
2022-09-15T12:00:00Z,9.903,beaver_creek_usgs_temp_3,60.65107,-151.09076,US/Alaska (UTC-9 / UTC-8),"west fork beaver creek, upstream of marathon road",Beaver Creek,STREAM,MAIN,TRUE,TRUE,TBD,FALSE
2022-09-15T12:15:00Z,9.879,beaver_creek_usgs_temp_3,60.65107,-151.09076,US/Alaska (UTC-9 / UTC-8),"west fork beaver creek, upstream of marathon road",Beaver Creek,STREAM,MAIN,TRUE,TRUE,TBD,FALSE
2022-09-15T12:30:00Z,9.903,beaver_creek_usgs_temp_3,60.65107,-151.09076,US/Alaska (UTC-9 / UTC-8),"west fork beaver creek, upstream of marathon road",Beaver Creek,STREAM,MAIN,TRUE,TRUE,TBD,FALSE
2022-09-15T12:45:00Z,9.903,beaver_creek_usgs_temp_3,60.65107,-151.09076,US/Alaska (UTC-9 / UTC-8),"west fork beaver creek, upstream of marathon road",Beaver Creek,STREAM,MAIN,TRUE,TRUE,TBD,FALSE
2022-09-15T13:00:00Z,9.928,beaver_creek_usgs_temp_3,60.65107,-151.09076,US/Alaska (UTC-9 / UTC-8),"west fork beaver creek, upstream of marathon road",Beaver Creek,STREAM,MAIN,TRUE,TRUE,TBD,FALSE
2022-09-15T13:15:00Z,9.928,beaver_creek_usgs_temp_3,60.65107,-151.09076,US/Alaska (UTC-9 / UTC-8),"west fork beaver creek, upstream of marathon road",Beaver Creek,STREAM,MAIN,TRUE,TRUE,TBD,FALSE
2022-09-15T13:30:00Z,9.952,beaver_creek_usgs_temp_3,60.65107,-151.09076,US/Alaska (UTC-9 / UTC-8),"west fork beaver creek, upstream of marathon road",Beaver Creek,STREAM,MAIN,TRUE,TRUE,TBD,FALSE
2022-09-15T13:45:00Z,9.977,beaver_creek_usgs_temp_3,60.65107,-151.09076,US/Alaska (UTC-9 / UTC-8),"west fork beaver creek, upstream of marathon road",Beaver Creek,STREAM,MAIN,TRUE,TRUE,TBD,FALSE
2022-09-15T14:00:00Z,9.977,beaver_creek_usgs_temp_3,60.65107,-151.09076,US/Alaska (UTC-9 / UTC-8),"west fork beaver creek, upstream of marathon road",Beaver Creek,STREAM,MAIN,TRUE,TRUE,TBD,FALSE
2022-09-15T14:15:00Z,10.001,beaver_creek_usgs_temp_3,60.65107,-151.09076,US/Alaska (UTC-9 / UTC-8),"west fork beaver creek, upstream of marathon road",Beaver Creek,STREAM,MAIN,TRUE,TRUE,TBD,FALSE
2022-09-15T14:30:00Z,10.026,beaver_creek_usgs_temp_3,60.65107,-151.09076,US/Alaska (UTC-9 / UTC-8),"west fork beaver creek, upstream of marathon road",Beaver Creek,STREAM,MAIN,TRUE,TRUE,TBD,FALSE
2022-09-15T14:45:00Z,10.075,beaver_creek_usgs_temp_3,60.65107,-151.09076,US/Alaska (UTC-9 / UTC-8),"west fork beaver creek, upstream of marathon road",Beaver Creek,STREAM,MAIN,TRUE,TRUE,TBD,FALSE
2022-09-15T15:00:00Z,10.124,beaver_creek_usgs_temp_3,60.65107,-151.09076,US/Alaska (UTC-9 / UTC-8),"west fork beaver creek, upstream of marathon road",Beaver Creek,STREAM,MAIN,TRUE,TRUE,TBD,FALSE
2022-09-15T15:15:00Z,10.149,beaver_creek_usgs_temp_3,60.65107,-151.09076,US/Alaska (UTC-9 / UTC-8),"west fork beaver creek, upstream of marathon road",Beaver Creek,STREAM,MAIN,TRUE,TRUE,TBD,FALSE
2022-09-15T15:30:00Z,10.173,beaver_creek_usgs_temp_3,60.65107,-151.09076,US/Alaska (UTC-9 / UTC-8),"west fork beaver creek, upstream of marathon road",Beaver Creek,STREAM,MAIN,TRUE,TRUE,TBD,FALSE
2022-09-15T15:45:00Z,10.173,beaver_creek_usgs_temp_3,60.65107,-151.09076,US/Alaska (UTC-9 / UTC-8),"west fork beaver creek, upstream of marathon road",Beaver Creek,STREAM,MAIN,TRUE,TRUE,TBD,FALSE
2022-09-15T16:00:00Z,10.198,beaver_creek_usgs_temp_3,60.65107,-151.09076,US/Alaska (UTC-9 / UTC-8),"west fork beaver creek, upstream of marathon road",Beaver Creek,STREAM,MAIN,TRUE,TRUE,TBD,FALSE
2022-09-15T16:15:00Z,10.222,beaver_creek_usgs_temp_3,60.65107,-151.09076,US/Alaska (UTC-9 / UTC-8),"west fork beaver creek, upstream of marathon road",Beaver Creek,STREAM,MAIN,TRUE,TRUE,TBD,FALSE
2022-09-15T16:30:00Z,10.296,beaver_creek_usgs_temp_3,60.65107,-151.09076,US/Alaska (UTC-9 / UTC-8),"west fork beaver creek, upstream of marathon road",Beaver Creek,STREAM,MAIN,TRUE,TRUE,TBD,FALSE
2022-09-15T16:45:00Z,10.345,beaver_creek_usgs_temp_3,60.65107,-151.09076,US/Alaska (UTC-9 / UTC-8),"west fork beaver creek, upstream of marathon road",Beaver Creek,STREAM,MAIN,TRUE,TRUE,TBD,FALSE
2022-09-15T17:00:00Z,10.345,beaver_creek_usgs_temp_3,60.65107,-151.09076,US/Alaska (UTC-9 / UTC-8),"west fork beaver creek, upstream of marathon road",Beaver Creek,STREAM,MAIN,TRUE,TRUE,TBD,FALSE
2022-09-15T17:15:00Z,10.345,beaver_creek_usgs_temp_3,60.65107,-151.09076,US/Alaska (UTC-9 / UTC-8),"west fork beaver creek, upstream of marathon road",Beaver Creek,STREAM,MAIN,TRUE,TRUE,TBD,FALSE
2022-09-15T17:30:00Z,10.369,beaver_creek_usgs_temp_3,60.65107,-151.09076,US/Alaska (UTC-9 / UTC-8),"west fork beaver creek, upstream of marathon road",Beaver Creek,STREAM,MAIN,TRUE,TRUE,TBD,FALSE
2022-09-15T17:45:00Z,10.394,beaver_creek_usgs_temp_3,60.65107,-151.09076,US/Alaska (UTC-9 / UTC-8),"west fork beaver creek, upstream of marathon road",Beaver Creek,STREAM,MAIN,TRUE,TRUE,TBD,FALSE
2022-09-15T18:00:00Z,10.418,beaver_creek_usgs_temp_3,60.65107,-151.09076,US/Alaska (UTC-9 / UTC-8),"west fork beaver creek, upstream of marathon road",Beaver Creek,STREAM,MAIN,TRUE,TRUE,TBD,FALSE
2022-09-15T18:15:00Z,10.418,beaver_creek_usgs_temp_3,60.65107,-151.09076,US/Alaska (UTC-9 / UTC-8),"west fork beaver creek, upstream of marathon road",Beaver Creek,STREAM,MAIN,TRUE,TRUE,TBD,FALSE
2022-09-15T18:30:00Z,10.418,beaver_creek_usgs_temp_3,60.65107,-151.09076,US/Alaska (UTC-9 / UTC-8),"west fork beaver creek, upstream of marathon road",Beaver Creek,STREAM,MAIN,TRUE,TRUE,TBD,FALSE
2022-09-15T18:45:00Z,10.418,beaver_creek_usgs_temp_3,60.65107,-151.09076,US/Alaska (UTC-9 / UTC-8),"west fork beaver creek, upstream of marathon road",Beaver Creek,STREAM,MAIN,TRUE,TRUE,TBD,FALSE
2022-09-15T19:00:00Z,10.418,beaver_creek_usgs_temp_3,60.65107,-151.09076,US/Alaska (UTC-9 / UTC-8),"west fork beaver creek, upstream of marathon road",Beaver Creek,STREAM,MAIN,TRUE,TRUE,TBD,FALSE
2022-09-15T19:15:00Z,10.418,beaver_creek_usgs_temp_3,60.65107,-151.09076,US/Alaska (UTC-9 / UTC-8),"west fork beaver creek, upstream of marathon road",Beaver Creek,STREAM,MAIN,TRUE,TRUE,TBD,FALSE
2022-09-15T19:30:00Z,10.443,beaver_creek_usgs_temp_3,60.65107,-151.09076,US/Alaska (UTC-9 / UTC-8),"west fork beaver creek, upstream of marathon road",Beaver Creek,STREAM,MAIN,TRUE,TRUE,TBD,FALSE
2022-09-15T19:45:00Z,10.443,beaver_creek_usgs_temp_3,60.65107,-151.09076,US/Alaska (UTC-9 / UTC-8),"west fork beaver creek, upstream of marathon road",Beaver Creek,STREAM,MAIN,TRUE,TRUE,TBD,FALSE
2022-09-15T20:00:00Z,10.418,beaver_creek_usgs_temp_3,60.65107,-151.09076,US/Alaska (UTC-9 / UTC-8),"west fork beaver creek, upstream of marathon road",Beaver Creek,STREAM,MAIN,TRUE,TRUE,TBD,FALSE
2022-09-15T20:15:00Z,10.418,beaver_creek_usgs_temp_3,60.65107,-151.09076,US/Alaska (UTC-9 / UTC-8),"west fork beaver creek, upstream of marathon road",Beaver Creek,STREAM,MAIN,TRUE,TRUE,TBD,FALSE
2022-09-15T20:30:00Z,10.418,beaver_creek_usgs_temp_3,60.65107,-151.09076,US/Alaska (UTC-9 / UTC-8),"west fork beaver creek, upstream of marathon road",Beaver Creek,STREAM,MAIN,TRUE,TRUE,TBD,FALSE
2022-09-15T20:45:00Z,10.418,beaver_creek_usgs_temp_3,60.65107,-151.09076,US/Alaska (UTC-9 / UTC-8),"west fork beaver creek, upstream of marathon road",Beaver Creek,STREAM,MAIN,TRUE,TRUE,TBD,FALSE
2022-09-15T21:00:00Z,10.418,beaver_creek_usgs_temp_3,60.65107,-151.09076,US/Alaska (UTC-9 / UTC-8),"west fork beaver creek, upstream of marathon road",Beaver Creek,STREAM,MAIN,TRUE,TRUE,TBD,FALSE
2022-09-15T21:15:00Z,10.418,beaver_creek_usgs_temp_3,60.65107,-151.09076,US/Alaska (UTC-9 / UTC-8),"west fork beaver creek, upstream of marathon road",Beaver Creek,STREAM,MAIN,TRUE,TRUE,TBD,FALSE
2022-09-15T21:30:00Z,10.418,beaver_creek_usgs_temp_3,60.65107,-151.09076,US/Alaska (UTC-9 / UTC-8),"west fork beaver creek, upstream of marathon road",Beaver Creek,STREAM,MAIN,TRUE,TRUE,TBD,FALSE
2022-09-15T21:45:00Z,10.418,beaver_creek_usgs_temp_3,60.65107,-151.09076,US/Alaska (UTC-9 / UTC-8),"west fork beaver creek, upstream of marathon road",Beaver Creek,STREAM,MAIN,TRUE,TRUE,TBD,FALSE
2022-09-15T22:00:00Z,10.418,beaver_creek_usgs_temp_3,60.65107,-151.09076,US/Alaska (UTC-9 / UTC-8),"west fork beaver creek, upstream of marathon road",Beaver Creek,STREAM,MAIN,TRUE,TRUE,TBD,FALSE
2022-09-15T22:15:00Z,10.394,beaver_creek_usgs_temp_3,60.65107,-151.09076,US/Alaska (UTC-9 / UTC-8),"west fork beaver creek, upstream of marathon road",Beaver Creek,STREAM,MAIN,TRUE,TRUE,TBD,FALSE
2022-09-15T22:30:00Z,10.394,beaver_creek_usgs_temp_3,60.65107,-151.09076,US/Alaska (UTC-9 / UTC-8),"west fork beaver creek, upstream of marathon road",Beaver Creek,STREAM,MAIN,TRUE,TRUE,TBD,FALSE
2022-09-15T22:45:00Z,10.369,beaver_creek_usgs_temp_3,60.65107,-151.09076,US/Alaska (UTC-9 / UTC-8),"west fork beaver creek, upstream of marathon road",Beaver Creek,STREAM,MAIN,TRUE,TRUE,TBD,FALSE
2022-09-15T23:00:00Z,10.369,beaver_creek_usgs_temp_3,60.65107,-151.09076,US/Alaska (UTC-9 / UTC-8),"west fork beaver creek, upstream of marathon road",Beaver Creek,STREAM,MAIN,TRUE,TRUE,TBD,FALSE
2022-09-15T23:15:00Z,10.345,beaver_creek_usgs_temp_3,60.65107,-151.09076,US/Alaska (UTC-9 / UTC-8),"west fork beaver creek, upstream of marathon road",Beaver Creek,STREAM,MAIN,TRUE,TRUE,TBD,FALSE
2022-09-15T23:30:00Z,10.345,beaver_creek_usgs_temp_3,60.65107,-151.09076,US/Alaska (UTC-9 / UTC-8),"west fork beaver creek, upstream of marathon road",Beaver Creek,STREAM,MAIN,TRUE,TRUE,TBD,FALSE
2022-09-15T23:45:00Z,10.32,beaver_creek_usgs_temp_3,60.65107,-151.09076,US/Alaska (UTC-9 / UTC-8),"west fork beaver creek, upstream of marathon road",Beaver Creek,STREAM,MAIN,TRUE,TRUE,TBD,FALSE
2022-09-16T00:00:00Z,10.271,beaver_creek_usgs_temp_3,60.65107,-151.09076,US/Alaska (UTC-9 / UTC-8),"west fork beaver creek, upstream of marathon road",Beaver Creek,STREAM,MAIN,TRUE,TRUE,TBD,FALSE
2022-09-16T00:15:00Z,10.222,beaver_creek_usgs_temp_3,60.65107,-151.09076,US/Alaska (UTC-9 / UTC-8),"west fork beaver creek, upstream of marathon road",Beaver Creek,STREAM,MAIN,TRUE,TRUE,TBD,FALSE
2022-09-16T00:30:00Z,10.173,beaver_creek_usgs_temp_3,60.65107,-151.09076,US/Alaska (UTC-9 / UTC-8),"west fork beaver creek, upstream of marathon road",Beaver Creek,STREAM,MAIN,TRUE,TRUE,TBD,FALSE
2022-09-16T00:45:00Z,10.149,beaver_creek_usgs_temp_3,60.65107,-151.09076,US/Alaska (UTC-9 / UTC-8),"west fork beaver creek, upstream of marathon road",Beaver Creek,STREAM,MAIN,TRUE,TRUE,TBD,FALSE
2022-09-16T01:00:00Z,10.124,beaver_creek_usgs_temp_3,60.65107,-151.09076,US/Alaska (UTC-9 / UTC-8),"west fork beaver creek, upstream of marathon road",Beaver Creek,STREAM,MAIN,TRUE,TRUE,TBD,FALSE
2022-09-16T01:15:00Z,10.124,beaver_creek_usgs_temp_3,60.65107,-151.09076,US/Alaska (UTC-9 / UTC-8),"west fork beaver creek, upstream of marathon road",Beaver Creek,STREAM,MAIN,TRUE,TRUE,TBD,FALSE
2022-09-16T01:30:00Z,10.1,beaver_creek_usgs_temp_3,60.65107,-151.09076,US/Alaska (UTC-9 / UTC-8),"west fork beaver creek, upstream of marathon road",Beaver Creek,STREAM,MAIN,TRUE,TRUE,TBD,FALSE
2022-09-16T01:45:00Z,10.075,beaver_creek_usgs_temp_3,60.65107,-151.09076,US/Alaska (UTC-9 / UTC-8),"west fork beaver creek, upstream of marathon road",Beaver Creek,STREAM,MAIN,TRUE,TRUE,TBD,FALSE
2022-09-16T02:00:00Z,10.026,beaver_creek_usgs_temp_3,60.65107,-151.09076,US/Alaska (UTC-9 / UTC-8),"west fork beaver creek, upstream of marathon road",Beaver Creek,STREAM,MAIN,TRUE,TRUE,TBD,FALSE
2022-09-16T02:15:00Z,9.952,beaver_creek_usgs_temp_3,60.65107,-151.09076,US/Alaska (UTC-9 / UTC-8),"west fork beaver creek, upstream of marathon road",Beaver Creek,STREAM,MAIN,TRUE,TRUE,TBD,FALSE
2022-09-16T02:30:00Z,9.903,beaver_creek_usgs_temp_3,60.65107,-151.09076,US/Alaska (UTC-9 / UTC-8),"west fork beaver creek, upstream of marathon road",Beaver Creek,STREAM,MAIN,TRUE,TRUE,TBD,FALSE
2022-09-16T02:45:00Z,9.854,beaver_creek_usgs_temp_3,60.65107,-151.09076,US/Alaska (UTC-9 / UTC-8),"west fork beaver creek, upstream of marathon road",Beaver Creek,STREAM,MAIN,TRUE,TRUE,TBD,FALSE
2022-09-16T03:00:00Z,9.805,beaver_creek_usgs_temp_3,60.65107,-151.09076,US/Alaska (UTC-9 / UTC-8),"west fork beaver creek, upstream of marathon road",Beaver Creek,STREAM,MAIN,TRUE,TRUE,TBD,FALSE
2022-09-16T03:15:00Z,9.756,beaver_creek_usgs_temp_3,60.65107,-151.09076,US/Alaska (UTC-9 / UTC-8),"west fork beaver creek, upstream of marathon road",Beaver Creek,STREAM,MAIN,TRUE,TRUE,TBD,FALSE
2022-09-16T03:30:00Z,9.706,beaver_creek_usgs_temp_3,60.65107,-151.09076,US/Alaska (UTC-9 / UTC-8),"west fork beaver creek, upstream of marathon road",Beaver Creek,STREAM,MAIN,TRUE,TRUE,TBD,FALSE
2022-09-16T03:45:00Z,9.657,beaver_creek_usgs_temp_3,60.65107,-151.09076,US/Alaska (UTC-9 / UTC-8),"west fork beaver creek, upstream of marathon road",Beaver Creek,STREAM,MAIN,TRUE,TRUE,TBD,FALSE
2022-09-16T04:00:00Z,9.608,beaver_creek_usgs_temp_3,60.65107,-151.09076,US/Alaska (UTC-9 / UTC-8),"west fork beaver creek, upstream of marathon road",Beaver Creek,STREAM,MAIN,TRUE,TRUE,TBD,FALSE
2022-09-16T04:15:00Z,9.534,beaver_creek_usgs_temp_3,60.65107,-151.09076,US/Alaska (UTC-9 / UTC-8),"west fork beaver creek, upstream of marathon road",Beaver Creek,STREAM,MAIN,TRUE,TRUE,TBD,FALSE
2022-09-16T04:30:00Z,9.485,beaver_creek_usgs_temp_3,60.65107,-151.09076,US/Alaska (UTC-9 / UTC-8),"west fork beaver creek, upstream of marathon road",Beaver Creek,STREAM,MAIN,TRUE,TRUE,TBD,FALSE
2022-09-16T04:45:00Z,9.435,beaver_creek_usgs_temp_3,60.65107,-151.09076,US/Alaska (UTC-9 / UTC-8),"west fork beaver creek, upstream of marathon road",Beaver Creek,STREAM,MAIN,TRUE,TRUE,TBD,FALSE
2022-09-16T05:00:00Z,9.386,beaver_creek_usgs_temp_3,60.65107,-151.09076,US/Alaska (UTC-9 / UTC-8),"west fork beaver creek, upstream of marathon road",Beaver Creek,STREAM,MAIN,TRUE,TRUE,TBD,FALSE
2022-09-16T05:15:00Z,9.336,beaver_creek_usgs_temp_3,60.65107,-151.09076,US/Alaska (UTC-9 / UTC-8),"west fork beaver creek, upstream of marathon road",Beaver Creek,STREAM,MAIN,TRUE,TRUE,TBD,FALSE
2022-09-16T05:30:00Z,9.287,beaver_creek_usgs_temp_3,60.65107,-151.09076,US/Alaska (UTC-9 / UTC-8),"west fork beaver creek, upstream of marathon road",Beaver Creek,STREAM,MAIN,TRUE,TRUE,TBD,FALSE
2022-09-16T05:45:00Z,9.262,beaver_creek_usgs_temp_3,60.65107,-151.09076,US/Alaska (UTC-9 / UTC-8),"west fork beaver creek, upstream of marathon road",Beaver Creek,STREAM,MAIN,TRUE,TRUE,TBD,FALSE
2022-09-16T06:00:00Z,9.238,beaver_creek_usgs_temp_3,60.65107,-151.09076,US/Alaska (UTC-9 / UTC-8),"west fork beaver creek, upstream of marathon road",Beaver Creek,STREAM,MAIN,TRUE,TRUE,TBD,FALSE
2022-09-16T06:15:00Z,9.213,beaver_creek_usgs_temp_3,60.65107,-151.09076,US/Alaska (UTC-9 / UTC-8),"west fork beaver creek, upstream of marathon road",Beaver Creek,STREAM,MAIN,TRUE,TRUE,TBD,FALSE
2022-09-16T06:30:00Z,9.188,beaver_creek_usgs_temp_3,60.65107,-151.09076,US/Alaska (UTC-9 / UTC-8),"west fork beaver creek, upstream of marathon road",Beaver Creek,STREAM,MAIN,TRUE,TRUE,TBD,FALSE
2022-09-16T06:45:00Z,9.139,beaver_creek_usgs_temp_3,60.65107,-151.09076,US/Alaska (UTC-9 / UTC-8),"west fork beaver creek, upstream of marathon road",Beaver Creek,STREAM,MAIN,TRUE,TRUE,TBD,FALSE
2022-09-16T07:00:00Z,9.114,beaver_creek_usgs_temp_3,60.65107,-151.09076,US/Alaska (UTC-9 / UTC-8),"west fork beaver creek, upstream of marathon road",Beaver Creek,STREAM,MAIN,TRUE,TRUE,TBD,FALSE
2022-09-16T07:15:00Z,9.089,beaver_creek_usgs_temp_3,60.65107,-151.09076,US/Alaska (UTC-9 / UTC-8),"west fork beaver creek, upstream of marathon road",Beaver Creek,STREAM,MAIN,TRUE,TRUE,TBD,FALSE
2022-09-16T07:30:00Z,9.04,beaver_creek_usgs_temp_3,60.65107,-151.09076,US/Alaska (UTC-9 / UTC-8),"west fork beaver creek, upstream of marathon road",Beaver Creek,STREAM,MAIN,TRUE,TRUE,TBD,FALSE
2022-09-16T07:45:00Z,9.015,beaver_creek_usgs_temp_3,60.65107,-151.09076,US/Alaska (UTC-9 / UTC-8),"west fork beaver creek, upstream of marathon road",Beaver Creek,STREAM,MAIN,TRUE,TRUE,TBD,FALSE
2022-09-16T08:00:00Z,8.99,beaver_creek_usgs_temp_3,60.65107,-151.09076,US/Alaska (UTC-9 / UTC-8),"west fork beaver creek, upstream of marathon road",Beaver Creek,STREAM,MAIN,TRUE,TRUE,TBD,FALSE
2022-09-16T08:15:00Z,8.965,beaver_creek_usgs_temp_3,60.65107,-151.09076,US/Alaska (UTC-9 / UTC-8),"west fork beaver creek, upstream of marathon road",Beaver Creek,STREAM,MAIN,TRUE,TRUE,TBD,FALSE
2022-09-16T08:30:00Z,8.965,beaver_creek_usgs_temp_3,60.65107,-151.09076,US/Alaska (UTC-9 / UTC-8),"west fork beaver creek, upstream of marathon road",Beaver Creek,STREAM,MAIN,TRUE,TRUE,TBD,FALSE
2022-09-16T08:45:00Z,8.941,beaver_creek_usgs_temp_3,60.65107,-151.09076,US/Alaska (UTC-9 / UTC-8),"west fork beaver creek, upstream of marathon road",Beaver Creek,STREAM,MAIN,TRUE,TRUE,TBD,FALSE
2022-09-16T09:00:00Z,8.941,beaver_creek_usgs_temp_3,60.65107,-151.09076,US/Alaska (UTC-9 / UTC-8),"west fork beaver creek, upstream of marathon road",Beaver Creek,STREAM,MAIN,TRUE,TRUE,TBD,FALSE
2022-09-16T09:15:00Z,8.941,beaver_creek_usgs_temp_3,60.65107,-151.09076,US/Alaska (UTC-9 / UTC-8),"west fork beaver creek, upstream of marathon road",Beaver Creek,STREAM,MAIN,TRUE,TRUE,TBD,FALSE
2022-09-16T09:30:00Z,8.941,beaver_creek_usgs_temp_3,60.65107,-151.09076,US/Alaska (UTC-9 / UTC-8),"west fork beaver creek, upstream of marathon road",Beaver Creek,STREAM,MAIN,TRUE,TRUE,TBD,FALSE
2022-09-16T09:45:00Z,8.941,beaver_creek_usgs_temp_3,60.65107,-151.09076,US/Alaska (UTC-9 / UTC-8),"west fork beaver creek, upstream of marathon road",Beaver Creek,STREAM,MAIN,TRUE,TRUE,TBD,FALSE
2022-09-16T10:00:00Z,8.941,beaver_creek_usgs_temp_3,60.65107,-151.09076,US/Alaska (UTC-9 / UTC-8),"west fork beaver creek, upstream of marathon road",Beaver Creek,STREAM,MAIN,TRUE,TRUE,TBD,FALSE
2022-09-16T10:15:00Z,8.965,beaver_creek_usgs_temp_3,60.65107,-151.09076,US/Alaska (UTC-9 / UTC-8),"west fork beaver creek, upstream of marathon road",Beaver Creek,STREAM,MAIN,TRUE,TRUE,TBD,FALSE
2022-09-16T10:30:00Z,8.965,beaver_creek_usgs_temp_3,60.65107,-151.09076,US/Alaska (UTC-9 / UTC-8),"west fork beaver creek, upstream of marathon road",Beaver Creek,STREAM,MAIN,TRUE,TRUE,TBD,FALSE
2022-09-16T10:45:00Z,8.965,beaver_creek_usgs_temp_3,60.65107,-151.09076,US/Alaska (UTC-9 / UTC-8),"west fork beaver creek, upstream of marathon road",Beaver Creek,STREAM,MAIN,TRUE,TRUE,TBD,FALSE
2022-09-16T11:00:00Z,8.99,beaver_creek_usgs_temp_3,60.65107,-151.09076,US/Alaska (UTC-9 / UTC-8),"west fork beaver creek, upstream of marathon road",Beaver Creek,STREAM,MAIN,TRUE,TRUE,TBD,FALSE
2022-09-16T11:15:00Z,8.99,beaver_creek_usgs_temp_3,60.65107,-151.09076,US/Alaska (UTC-9 / UTC-8),"west fork beaver creek, upstream of marathon road",Beaver Creek,STREAM,MAIN,TRUE,TRUE,TBD,FALSE
2022-09-16T11:30:00Z,9.015,beaver_creek_usgs_temp_3,60.65107,-151.09076,US/Alaska (UTC-9 / UTC-8),"west fork beaver creek, upstream of marathon road",Beaver Creek,STREAM,MAIN,TRUE,TRUE,TBD,FALSE
2022-09-16T11:45:00Z,9.04,beaver_creek_usgs_temp_3,60.65107,-151.09076,US/Alaska (UTC-9 / UTC-8),"west fork beaver creek, upstream of marathon road",Beaver Creek,STREAM,MAIN,TRUE,TRUE,TBD,FALSE
2022-09-16T12:00:00Z,9.04,beaver_creek_usgs_temp_3,60.65107,-151.09076,US/Alaska (UTC-9 / UTC-8),"west fork beaver creek, upstream of marathon road",Beaver Creek,STREAM,MAIN,TRUE,TRUE,TBD,FALSE
2022-09-16T12:15:00Z,9.064,beaver_creek_usgs_temp_3,60.65107,-151.09076,US/Alaska (UTC-9 / UTC-8),"west fork beaver creek, upstream of marathon road",Beaver Creek,STREAM,MAIN,TRUE,TRUE,TBD,FALSE
2022-09-16T12:30:00Z,9.114,beaver_creek_usgs_temp_3,60.65107,-151.09076,US/Alaska (UTC-9 / UTC-8),"west fork beaver creek, upstream of marathon road",Beaver Creek,STREAM,MAIN,TRUE,TRUE,TBD,FALSE
2022-09-16T12:45:00Z,9.139,beaver_creek_usgs_temp_3,60.65107,-151.09076,US/Alaska (UTC-9 / UTC-8),"west fork beaver creek, upstream of marathon road",Beaver Creek,STREAM,MAIN,TRUE,TRUE,TBD,FALSE
2022-09-16T13:00:00Z,9.188,beaver_creek_usgs_temp_3,60.65107,-151.09076,US/Alaska (UTC-9 / UTC-8),"west fork beaver creek, upstream of marathon road",Beaver Creek,STREAM,MAIN,TRUE,TRUE,TBD,FALSE
2022-09-16T13:15:00Z,9.213,beaver_creek_usgs_temp_3,60.65107,-151.09076,US/Alaska (UTC-9 / UTC-8),"west fork beaver creek, upstream of marathon road",Beaver Creek,STREAM,MAIN,TRUE,TRUE,TBD,FALSE
2022-09-16T13:30:00Z,9.262,beaver_creek_usgs_temp_3,60.65107,-151.09076,US/Alaska (UTC-9 / UTC-8),"west fork beaver creek, upstream of marathon road",Beaver Creek,STREAM,MAIN,TRUE,TRUE,TBD,FALSE
2022-09-16T13:45:00Z,9.336,beaver_creek_usgs_temp_3,60.65107,-151.09076,US/Alaska (UTC-9 / UTC-8),"west fork beaver creek, upstream of marathon road",Beaver Creek,STREAM,MAIN,TRUE,TRUE,TBD,FALSE
2022-09-16T14:00:00Z,9.41,beaver_creek_usgs_temp_3,60.65107,-151.09076,US/Alaska (UTC-9 / UTC-8),"west fork beaver creek, upstream of marathon road",Beaver Creek,STREAM,MAIN,TRUE,TRUE,TBD,FALSE
2022-09-16T14:15:00Z,9.485,beaver_creek_usgs_temp_3,60.65107,-151.09076,US/Alaska (UTC-9 / UTC-8),"west fork beaver creek, upstream of marathon road",Beaver Creek,STREAM,MAIN,TRUE,TRUE,TBD,FALSE
2022-09-16T14:30:00Z,9.558,beaver_creek_usgs_temp_3,60.65107,-151.09076,US/Alaska (UTC-9 / UTC-8),"west fork beaver creek, upstream of marathon road",Beaver Creek,STREAM,MAIN,TRUE,TRUE,TBD,FALSE
2022-09-16T14:45:00Z,9.583,beaver_creek_usgs_temp_3,60.65107,-151.09076,US/Alaska (UTC-9 / UTC-8),"west fork beaver creek, upstream of marathon road",Beaver Creek,STREAM,MAIN,TRUE,TRUE,TBD,FALSE
2022-09-16T15:00:00Z,9.632,beaver_creek_usgs_temp_3,60.65107,-151.09076,US/Alaska (UTC-9 / UTC-8),"west fork beaver creek, upstream of marathon road",Beaver Creek,STREAM,MAIN,TRUE,TRUE,TBD,FALSE
2022-09-16T15:15:00Z,9.682,beaver_creek_usgs_temp_3,60.65107,-151.09076,US/Alaska (UTC-9 / UTC-8),"west fork beaver creek, upstream of marathon road",Beaver Creek,STREAM,MAIN,TRUE,TRUE,TBD,FALSE
2022-09-16T15:30:00Z,9.731,beaver_creek_usgs_temp_3,60.65107,-151.09076,US/Alaska (UTC-9 / UTC-8),"west fork beaver creek, upstream of marathon road",Beaver Creek,STREAM,MAIN,TRUE,TRUE,TBD,FALSE
2022-09-16T15:45:00Z,9.756,beaver_creek_usgs_temp_3,60.65107,-151.09076,US/Alaska (UTC-9 / UTC-8),"west fork beaver creek, upstream of marathon road",Beaver Creek,STREAM,MAIN,TRUE,TRUE,TBD,FALSE
2022-09-16T16:00:00Z,9.78,beaver_creek_usgs_temp_3,60.65107,-151.09076,US/Alaska (UTC-9 / UTC-8),"west fork beaver creek, upstream of marathon road",Beaver Creek,STREAM,MAIN,TRUE,TRUE,TBD,FALSE
2022-09-16T16:15:00Z,9.829,beaver_creek_usgs_temp_3,60.65107,-151.09076,US/Alaska (UTC-9 / UTC-8),"west fork beaver creek, upstream of marathon road",Beaver Creek,STREAM,MAIN,TRUE,TRUE,TBD,FALSE
2022-09-16T16:30:00Z,9.879,beaver_creek_usgs_temp_3,60.65107,-151.09076,US/Alaska (UTC-9 / UTC-8),"west fork beaver creek, upstream of marathon road",Beaver Creek,STREAM,MAIN,TRUE,TRUE,TBD,FALSE
2022-09-16T16:45:00Z,9.903,beaver_creek_usgs_temp_3,60.65107,-151.09076,US/Alaska (UTC-9 / UTC-8),"west fork beaver creek, upstream of marathon road",Beaver Creek,STREAM,MAIN,TRUE,TRUE,TBD,FALSE
2022-09-16T17:00:00Z,9.952,beaver_creek_usgs_temp_3,60.65107,-151.09076,US/Alaska (UTC-9 / UTC-8),"west fork beaver creek, upstream of marathon road",Beaver Creek,STREAM,MAIN,TRUE,TRUE,TBD,FALSE
2022-09-16T17:15:00Z,10.001,beaver_creek_usgs_temp_3,60.65107,-151.09076,US/Alaska (UTC-9 / UTC-8),"west fork beaver creek, upstream of marathon road",Beaver Creek,STREAM,MAIN,TRUE,TRUE,TBD,FALSE
2022-09-16T17:30:00Z,10.026,beaver_creek_usgs_temp_3,60.65107,-151.09076,US/Alaska (UTC-9 / UTC-8),"west fork beaver creek, upstream of marathon road",Beaver Creek,STREAM,MAIN,TRUE,TRUE,TBD,FALSE
2022-09-16T17:45:00Z,10.075,beaver_creek_usgs_temp_3,60.65107,-151.09076,US/Alaska (UTC-9 / UTC-8),"west fork beaver creek, upstream of marathon road",Beaver Creek,STREAM,MAIN,TRUE,TRUE,TBD,FALSE
2022-09-16T18:00:00Z,10.075,beaver_creek_usgs_temp_3,60.65107,-151.09076,US/Alaska (UTC-9 / UTC-8),"west fork beaver creek, upstream of marathon road",Beaver Creek,STREAM,MAIN,TRUE,TRUE,TBD,FALSE
2022-09-16T18:15:00Z,10.124,beaver_creek_usgs_temp_3,60.65107,-151.09076,US/Alaska (UTC-9 / UTC-8),"west fork beaver creek, upstream of marathon road",Beaver Creek,STREAM,MAIN,TRUE,TRUE,TBD,FALSE
2022-09-16T18:30:00Z,10.124,beaver_creek_usgs_temp_3,60.65107,-151.09076,US/Alaska (UTC-9 / UTC-8),"west fork beaver creek, upstream of marathon road",Beaver Creek,STREAM,MAIN,TRUE,TRUE,TBD,FALSE
2022-09-16T18:45:00Z,10.149,beaver_creek_usgs_temp_3,60.65107,-151.09076,US/Alaska (UTC-9 / UTC-8),"west fork beaver creek, upstream of marathon road",Beaver Creek,STREAM,MAIN,TRUE,TRUE,TBD,FALSE
2022-09-16T19:00:00Z,10.173,beaver_creek_usgs_temp_3,60.65107,-151.09076,US/Alaska (UTC-9 / UTC-8),"west fork beaver creek, upstream of marathon road",Beaver Creek,STREAM,MAIN,TRUE,TRUE,TBD,FALSE
2022-09-16T19:15:00Z,10.173,beaver_creek_usgs_temp_3,60.65107,-151.09076,US/Alaska (UTC-9 / UTC-8),"west fork beaver creek, upstream of marathon road",Beaver Creek,STREAM,MAIN,TRUE,TRUE,TBD,FALSE
2022-09-16T19:30:00Z,10.198,beaver_creek_usgs_temp_3,60.65107,-151.09076,US/Alaska (UTC-9 / UTC-8),"west fork beaver creek, upstream of marathon road",Beaver Creek,STREAM,MAIN,TRUE,TRUE,TBD,FALSE
2022-09-16T19:45:00Z,10.198,beaver_creek_usgs_temp_3,60.65107,-151.09076,US/Alaska (UTC-9 / UTC-8),"west fork beaver creek, upstream of marathon road",Beaver Creek,STREAM,MAIN,TRUE,TRUE,TBD,FALSE
2022-09-16T20:00:00Z,10.198,beaver_creek_usgs_temp_3,60.65107,-151.09076,US/Alaska (UTC-9 / UTC-8),"west fork beaver creek, upstream of marathon road",Beaver Creek,STREAM,MAIN,TRUE,TRUE,TBD,FALSE
2022-09-16T20:15:00Z,10.222,beaver_creek_usgs_temp_3,60.65107,-151.09076,US/Alaska (UTC-9 / UTC-8),"west fork beaver creek, upstream of marathon road",Beaver Creek,STREAM,MAIN,TRUE,TRUE,TBD,FALSE
2022-09-16T20:30:00Z,10.222,beaver_creek_usgs_temp_3,60.65107,-151.09076,US/Alaska (UTC-9 / UTC-8),"west fork beaver creek, upstream of marathon road",Beaver Creek,STREAM,MAIN,TRUE,TRUE,TBD,FALSE
2022-09-16T20:45:00Z,10.222,beaver_creek_usgs_temp_3,60.65107,-151.09076,US/Alaska (UTC-9 / UTC-8),"west fork beaver creek, upstream of marathon road",Beaver Creek,STREAM,MAIN,TRUE,TRUE,TBD,FALSE
2022-09-16T21:00:00Z,10.222,beaver_creek_usgs_temp_3,60.65107,-151.09076,US/Alaska (UTC-9 / UTC-8),"west fork beaver creek, upstream of marathon road",Beaver Creek,STREAM,MAIN,TRUE,TRUE,TBD,FALSE
2022-09-16T21:15:00Z,10.198,beaver_creek_usgs_temp_3,60.65107,-151.09076,US/Alaska (UTC-9 / UTC-8),"west fork beaver creek, upstream of marathon road",Beaver Creek,STREAM,MAIN,TRUE,TRUE,TBD,FALSE
2022-09-16T21:30:00Z,10.198,beaver_creek_usgs_temp_3,60.65107,-151.09076,US/Alaska (UTC-9 / UTC-8),"west fork beaver creek, upstream of marathon road",Beaver Creek,STREAM,MAIN,TRUE,TRUE,TBD,FALSE
2022-09-16T21:45:00Z,10.198,beaver_creek_usgs_temp_3,60.65107,-151.09076,US/Alaska (UTC-9 / UTC-8),"west fork beaver creek, upstream of marathon road",Beaver Creek,STREAM,MAIN,TRUE,TRUE,TBD,FALSE
2022-09-16T22:00:00Z,10.198,beaver_creek_usgs_temp_3,60.65107,-151.09076,US/Alaska (UTC-9 / UTC-8),"west fork beaver creek, upstream of marathon road",Beaver Creek,STREAM,MAIN,TRUE,TRUE,TBD,FALSE
2022-09-16T22:15:00Z,10.198,beaver_creek_usgs_temp_3,60.65107,-151.09076,US/Alaska (UTC-9 / UTC-8),"west fork beaver creek, upstream of marathon road",Beaver Creek,STREAM,MAIN,TRUE,TRUE,TBD,FALSE
2022-09-16T22:30:00Z,10.198,beaver_creek_usgs_temp_3,60.65107,-151.09076,US/Alaska (UTC-9 / UTC-8),"west fork beaver creek, upstream of marathon road",Beaver Creek,STREAM,MAIN,TRUE,TRUE,TBD,FALSE
2022-09-16T22:45:00Z,10.198,beaver_creek_usgs_temp_3,60.65107,-151.09076,US/Alaska (UTC-9 / UTC-8),"west fork beaver creek, upstream of marathon road",Beaver Creek,STREAM,MAIN,TRUE,TRUE,TBD,FALSE
2022-09-16T23:00:00Z,10.198,beaver_creek_usgs_temp_3,60.65107,-151.09076,US/Alaska (UTC-9 / UTC-8),"west fork beaver creek, upstream of marathon road",Beaver Creek,STREAM,MAIN,TRUE,TRUE,TBD,FALSE
2022-09-16T23:15:00Z,10.198,beaver_creek_usgs_temp_3,60.65107,-151.09076,US/Alaska (UTC-9 / UTC-8),"west fork beaver creek, upstream of marathon road",Beaver Creek,STREAM,MAIN,TRUE,TRUE,TBD,FALSE
2022-09-16T23:30:00Z,10.198,beaver_creek_usgs_temp_3,60.65107,-151.09076,US/Alaska (UTC-9 / UTC-8),"west fork beaver creek, upstream of marathon road",Beaver Creek,STREAM,MAIN,TRUE,TRUE,TBD,FALSE
2022-09-16T23:45:00Z,10.198,beaver_creek_usgs_temp_3,60.65107,-151.09076,US/Alaska (UTC-9 / UTC-8),"west fork beaver creek, upstream of marathon road",Beaver Creek,STREAM,MAIN,TRUE,TRUE,TBD,FALSE
2022-09-17T00:00:00Z,10.198,beaver_creek_usgs_temp_3,60.65107,-151.09076,US/Alaska (UTC-9 / UTC-8),"west fork beaver creek, upstream of marathon road",Beaver Creek,STREAM,MAIN,TRUE,TRUE,TBD,FALSE
2022-09-17T00:15:00Z,10.173,beaver_creek_usgs_temp_3,60.65107,-151.09076,US/Alaska (UTC-9 / UTC-8),"west fork beaver creek, upstream of marathon road",Beaver Creek,STREAM,MAIN,TRUE,TRUE,TBD,FALSE
2022-09-17T00:30:00Z,10.173,beaver_creek_usgs_temp_3,60.65107,-151.09076,US/Alaska (UTC-9 / UTC-8),"west fork beaver creek, upstream of marathon road",Beaver Creek,STREAM,MAIN,TRUE,TRUE,TBD,FALSE
2022-09-17T00:45:00Z,10.149,beaver_creek_usgs_temp_3,60.65107,-151.09076,US/Alaska (UTC-9 / UTC-8),"west fork beaver creek, upstream of marathon road",Beaver Creek,STREAM,MAIN,TRUE,TRUE,TBD,FALSE
2022-09-17T01:00:00Z,10.124,beaver_creek_usgs_temp_3,60.65107,-151.09076,US/Alaska (UTC-9 / UTC-8),"west fork beaver creek, upstream of marathon road",Beaver Creek,STREAM,MAIN,TRUE,TRUE,TBD,FALSE
2022-09-17T01:15:00Z,10.1,beaver_creek_usgs_temp_3,60.65107,-151.09076,US/Alaska (UTC-9 / UTC-8),"west fork beaver creek, upstream of marathon road",Beaver Creek,STREAM,MAIN,TRUE,TRUE,TBD,FALSE
2022-09-17T01:30:00Z,10.075,beaver_creek_usgs_temp_3,60.65107,-151.09076,US/Alaska (UTC-9 / UTC-8),"west fork beaver creek, upstream of marathon road",Beaver Creek,STREAM,MAIN,TRUE,TRUE,TBD,FALSE
2022-09-17T01:45:00Z,10.075,beaver_creek_usgs_temp_3,60.65107,-151.09076,US/Alaska (UTC-9 / UTC-8),"west fork beaver creek, upstream of marathon road",Beaver Creek,STREAM,MAIN,TRUE,TRUE,TBD,FALSE
2022-09-17T02:00:00Z,10.075,beaver_creek_usgs_temp_3,60.65107,-151.09076,US/Alaska (UTC-9 / UTC-8),"west fork beaver creek, upstream of marathon road",Beaver Creek,STREAM,MAIN,TRUE,TRUE,TBD,FALSE
2022-09-17T02:15:00Z,10.051,beaver_creek_usgs_temp_3,60.65107,-151.09076,US/Alaska (UTC-9 / UTC-8),"west fork beaver creek, upstream of marathon road",Beaver Creek,STREAM,MAIN,TRUE,TRUE,TBD,FALSE
2022-09-17T02:30:00Z,10.026,beaver_creek_usgs_temp_3,60.65107,-151.09076,US/Alaska (UTC-9 / UTC-8),"west fork beaver creek, upstream of marathon road",Beaver Creek,STREAM,MAIN,TRUE,TRUE,TBD,FALSE
2022-09-17T02:45:00Z,10.001,beaver_creek_usgs_temp_3,60.65107,-151.09076,US/Alaska (UTC-9 / UTC-8),"west fork beaver creek, upstream of marathon road",Beaver Creek,STREAM,MAIN,TRUE,TRUE,TBD,FALSE
2022-09-17T03:00:00Z,10.001,beaver_creek_usgs_temp_3,60.65107,-151.09076,US/Alaska (UTC-9 / UTC-8),"west fork beaver creek, upstream of marathon road",Beaver Creek,STREAM,MAIN,TRUE,TRUE,TBD,FALSE
2022-09-17T03:15:00Z,10.001,beaver_creek_usgs_temp_3,60.65107,-151.09076,US/Alaska (UTC-9 / UTC-8),"west fork beaver creek, upstream of marathon road",Beaver Creek,STREAM,MAIN,TRUE,TRUE,TBD,FALSE
2022-09-17T03:30:00Z,9.977,beaver_creek_usgs_temp_3,60.65107,-151.09076,US/Alaska (UTC-9 / UTC-8),"west fork beaver creek, upstream of marathon road",Beaver Creek,STREAM,MAIN,TRUE,TRUE,TBD,FALSE
2022-09-17T03:45:00Z,9.977,beaver_creek_usgs_temp_3,60.65107,-151.09076,US/Alaska (UTC-9 / UTC-8),"west fork beaver creek, upstream of marathon road",Beaver Creek,STREAM,MAIN,TRUE,TRUE,TBD,FALSE
2022-09-17T04:00:00Z,9.977,beaver_creek_usgs_temp_3,60.65107,-151.09076,US/Alaska (UTC-9 / UTC-8),"west fork beaver creek, upstream of marathon road",Beaver Creek,STREAM,MAIN,TRUE,TRUE,TBD,FALSE
2022-09-17T04:15:00Z,9.977,beaver_creek_usgs_temp_3,60.65107,-151.09076,US/Alaska (UTC-9 / UTC-8),"west fork beaver creek, upstream of marathon road",Beaver Creek,STREAM,MAIN,TRUE,TRUE,TBD,FALSE
2022-09-17T04:30:00Z,9.952,beaver_creek_usgs_temp_3,60.65107,-151.09076,US/Alaska (UTC-9 / UTC-8),"west fork beaver creek, upstream of marathon road",Beaver Creek,STREAM,MAIN,TRUE,TRUE,TBD,FALSE
2022-09-17T04:45:00Z,9.952,beaver_creek_usgs_temp_3,60.65107,-151.09076,US/Alaska (UTC-9 / UTC-8),"west fork beaver creek, upstream of marathon road",Beaver Creek,STREAM,MAIN,TRUE,TRUE,TBD,FALSE
2022-09-17T05:00:00Z,9.952,beaver_creek_usgs_temp_3,60.65107,-151.09076,US/Alaska (UTC-9 / UTC-8),"west fork beaver creek, upstream of marathon road",Beaver Creek,STREAM,MAIN,TRUE,TRUE,TBD,FALSE
2022-09-17T05:15:00Z,9.952,beaver_creek_usgs_temp_3,60.65107,-151.09076,US/Alaska (UTC-9 / UTC-8),"west fork beaver creek, upstream of marathon road",Beaver Creek,STREAM,MAIN,TRUE,TRUE,TBD,FALSE
2022-09-17T05:30:00Z,9.928,beaver_creek_usgs_temp_3,60.65107,-151.09076,US/Alaska (UTC-9 / UTC-8),"west fork beaver creek, upstream of marathon road",Beaver Creek,STREAM,MAIN,TRUE,TRUE,TBD,FALSE
2022-09-17T05:45:00Z,9.928,beaver_creek_usgs_temp_3,60.65107,-151.09076,US/Alaska (UTC-9 / UTC-8),"west fork beaver creek, upstream of marathon road",Beaver Creek,STREAM,MAIN,TRUE,TRUE,TBD,FALSE
2022-09-17T06:00:00Z,9.928,beaver_creek_usgs_temp_3,60.65107,-151.09076,US/Alaska (UTC-9 / UTC-8),"west fork beaver creek, upstream of marathon road",Beaver Creek,STREAM,MAIN,TRUE,TRUE,TBD,FALSE
2022-09-17T06:15:00Z,9.928,beaver_creek_usgs_temp_3,60.65107,-151.09076,US/Alaska (UTC-9 / UTC-8),"west fork beaver creek, upstream of marathon road",Beaver Creek,STREAM,MAIN,TRUE,TRUE,TBD,FALSE
2022-09-17T06:30:00Z,9.903,beaver_creek_usgs_temp_3,60.65107,-151.09076,US/Alaska (UTC-9 / UTC-8),"west fork beaver creek, upstream of marathon road",Beaver Creek,STREAM,MAIN,TRUE,TRUE,TBD,FALSE
2022-09-17T06:45:00Z,9.879,beaver_creek_usgs_temp_3,60.65107,-151.09076,US/Alaska (UTC-9 / UTC-8),"west fork beaver creek, upstream of marathon road",Beaver Creek,STREAM,MAIN,TRUE,TRUE,TBD,FALSE
2022-09-17T07:00:00Z,9.854,beaver_creek_usgs_temp_3,60.65107,-151.09076,US/Alaska (UTC-9 / UTC-8),"west fork beaver creek, upstream of marathon road",Beaver Creek,STREAM,MAIN,TRUE,TRUE,TBD,FALSE
2022-09-17T07:15:00Z,9.829,beaver_creek_usgs_temp_3,60.65107,-151.09076,US/Alaska (UTC-9 / UTC-8),"west fork beaver creek, upstream of marathon road",Beaver Creek,STREAM,MAIN,TRUE,TRUE,TBD,FALSE
2022-09-17T07:30:00Z,9.805,beaver_creek_usgs_temp_3,60.65107,-151.09076,US/Alaska (UTC-9 / UTC-8),"west fork beaver creek, upstream of marathon road",Beaver Creek,STREAM,MAIN,TRUE,TRUE,TBD,FALSE
2022-09-17T07:45:00Z,9.78,beaver_creek_usgs_temp_3,60.65107,-151.09076,US/Alaska (UTC-9 / UTC-8),"west fork beaver creek, upstream of marathon road",Beaver Creek,STREAM,MAIN,TRUE,TRUE,TBD,FALSE
2022-09-17T08:00:00Z,9.731,beaver_creek_usgs_temp_3,60.65107,-151.09076,US/Alaska (UTC-9 / UTC-8),"west fork beaver creek, upstream of marathon road",Beaver Creek,STREAM,MAIN,TRUE,TRUE,TBD,FALSE
2022-09-17T08:15:00Z,9.706,beaver_creek_usgs_temp_3,60.65107,-151.09076,US/Alaska (UTC-9 / UTC-8),"west fork beaver creek, upstream of marathon road",Beaver Creek,STREAM,MAIN,TRUE,TRUE,TBD,FALSE
2022-09-17T08:30:00Z,9.682,beaver_creek_usgs_temp_3,60.65107,-151.09076,US/Alaska (UTC-9 / UTC-8),"west fork beaver creek, upstream of marathon road",Beaver Creek,STREAM,MAIN,TRUE,TRUE,TBD,FALSE
2022-09-17T08:45:00Z,9.632,beaver_creek_usgs_temp_3,60.65107,-151.09076,US/Alaska (UTC-9 / UTC-8),"west fork beaver creek, upstream of marathon road",Beaver Creek,STREAM,MAIN,TRUE,TRUE,TBD,FALSE
2022-09-17T09:00:00Z,9.632,beaver_creek_usgs_temp_3,60.65107,-151.09076,US/Alaska (UTC-9 / UTC-8),"west fork beaver creek, upstream of marathon road",Beaver Creek,STREAM,MAIN,TRUE,TRUE,TBD,FALSE
2022-09-17T09:15:00Z,9.632,beaver_creek_usgs_temp_3,60.65107,-151.09076,US/Alaska (UTC-9 / UTC-8),"west fork beaver creek, upstream of marathon road",Beaver Creek,STREAM,MAIN,TRUE,TRUE,TBD,FALSE
2022-09-17T09:30:00Z,9.657,beaver_creek_usgs_temp_3,60.65107,-151.09076,US/Alaska (UTC-9 / UTC-8),"west fork beaver creek, upstream of marathon road",Beaver Creek,STREAM,MAIN,TRUE,TRUE,TBD,FALSE
2022-09-17T09:45:00Z,9.706,beaver_creek_usgs_temp_3,60.65107,-151.09076,US/Alaska (UTC-9 / UTC-8),"west fork beaver creek, upstream of marathon road",Beaver Creek,STREAM,MAIN,TRUE,TRUE,TBD,FALSE
2022-09-17T10:00:00Z,9.731,beaver_creek_usgs_temp_3,60.65107,-151.09076,US/Alaska (UTC-9 / UTC-8),"west fork beaver creek, upstream of marathon road",Beaver Creek,STREAM,MAIN,TRUE,TRUE,TBD,FALSE
2022-09-17T10:15:00Z,9.78,beaver_creek_usgs_temp_3,60.65107,-151.09076,US/Alaska (UTC-9 / UTC-8),"west fork beaver creek, upstream of marathon road",Beaver Creek,STREAM,MAIN,TRUE,TRUE,TBD,FALSE
2022-09-17T10:30:00Z,9.829,beaver_creek_usgs_temp_3,60.65107,-151.09076,US/Alaska (UTC-9 / UTC-8),"west fork beaver creek, upstream of marathon road",Beaver Creek,STREAM,MAIN,TRUE,TRUE,TBD,FALSE
2022-09-17T10:45:00Z,9.879,beaver_creek_usgs_temp_3,60.65107,-151.09076,US/Alaska (UTC-9 / UTC-8),"west fork beaver creek, upstream of marathon road",Beaver Creek,STREAM,MAIN,TRUE,TRUE,TBD,FALSE
2022-09-17T11:00:00Z,10.001,beaver_creek_usgs_temp_3,60.65107,-151.09076,US/Alaska (UTC-9 / UTC-8),"west fork beaver creek, upstream of marathon road",Beaver Creek,STREAM,MAIN,TRUE,TRUE,TBD,FALSE
2022-09-17T11:15:00Z,10.051,beaver_creek_usgs_temp_3,60.65107,-151.09076,US/Alaska (UTC-9 / UTC-8),"west fork beaver creek, upstream of marathon road",Beaver Creek,STREAM,MAIN,TRUE,TRUE,TBD,FALSE
2022-09-17T11:30:00Z,10.124,beaver_creek_usgs_temp_3,60.65107,-151.09076,US/Alaska (UTC-9 / UTC-8),"west fork beaver creek, upstream of marathon road",Beaver Creek,STREAM,MAIN,TRUE,TRUE,TBD,FALSE
2022-09-17T11:45:00Z,10.222,beaver_creek_usgs_temp_3,60.65107,-151.09076,US/Alaska (UTC-9 / UTC-8),"west fork beaver creek, upstream of marathon road",Beaver Creek,STREAM,MAIN,TRUE,TRUE,TBD,FALSE
2022-09-17T12:00:00Z,10.32,beaver_creek_usgs_temp_3,60.65107,-151.09076,US/Alaska (UTC-9 / UTC-8),"west fork beaver creek, upstream of marathon road",Beaver Creek,STREAM,MAIN,TRUE,TRUE,TBD,FALSE
2022-09-17T12:15:00Z,10.418,beaver_creek_usgs_temp_3,60.65107,-151.09076,US/Alaska (UTC-9 / UTC-8),"west fork beaver creek, upstream of marathon road",Beaver Creek,STREAM,MAIN,TRUE,TRUE,TBD,FALSE
2022-09-17T12:30:00Z,10.541,beaver_creek_usgs_temp_3,60.65107,-151.09076,US/Alaska (UTC-9 / UTC-8),"west fork beaver creek, upstream of marathon road",Beaver Creek,STREAM,MAIN,TRUE,TRUE,TBD,FALSE
2022-09-17T12:45:00Z,10.638,beaver_creek_usgs_temp_3,60.65107,-151.09076,US/Alaska (UTC-9 / UTC-8),"west fork beaver creek, upstream of marathon road",Beaver Creek,STREAM,MAIN,TRUE,TRUE,TBD,FALSE
2022-09-17T13:00:00Z,10.761,beaver_creek_usgs_temp_3,60.65107,-151.09076,US/Alaska (UTC-9 / UTC-8),"west fork beaver creek, upstream of marathon road",Beaver Creek,STREAM,MAIN,TRUE,TRUE,TBD,FALSE
2022-09-17T13:15:00Z,10.883,beaver_creek_usgs_temp_3,60.65107,-151.09076,US/Alaska (UTC-9 / UTC-8),"west fork beaver creek, upstream of marathon road",Beaver Creek,STREAM,MAIN,TRUE,TRUE,TBD,FALSE
2022-09-17T13:30:00Z,11.005,beaver_creek_usgs_temp_3,60.65107,-151.09076,US/Alaska (UTC-9 / UTC-8),"west fork beaver creek, upstream of marathon road",Beaver Creek,STREAM,MAIN,TRUE,TRUE,TBD,FALSE
2022-09-17T13:45:00Z,11.127,beaver_creek_usgs_temp_3,60.65107,-151.09076,US/Alaska (UTC-9 / UTC-8),"west fork beaver creek, upstream of marathon road",Beaver Creek,STREAM,MAIN,TRUE,TRUE,TBD,FALSE
2022-09-17T14:00:00Z,11.248,beaver_creek_usgs_temp_3,60.65107,-151.09076,US/Alaska (UTC-9 / UTC-8),"west fork beaver creek, upstream of marathon road",Beaver Creek,STREAM,MAIN,TRUE,TRUE,TBD,FALSE
2022-09-17T14:15:00Z,11.37,beaver_creek_usgs_temp_3,60.65107,-151.09076,US/Alaska (UTC-9 / UTC-8),"west fork beaver creek, upstream of marathon road",Beaver Creek,STREAM,MAIN,TRUE,TRUE,TBD,FALSE
2022-09-17T14:30:00Z,11.492,beaver_creek_usgs_temp_3,60.65107,-151.09076,US/Alaska (UTC-9 / UTC-8),"west fork beaver creek, upstream of marathon road",Beaver Creek,STREAM,MAIN,TRUE,TRUE,TBD,FALSE
2022-09-17T14:45:00Z,11.637,beaver_creek_usgs_temp_3,60.65107,-151.09076,US/Alaska (UTC-9 / UTC-8),"west fork beaver creek, upstream of marathon road",Beaver Creek,STREAM,MAIN,TRUE,TRUE,TBD,FALSE
2022-09-17T15:00:00Z,11.734,beaver_creek_usgs_temp_3,60.65107,-151.09076,US/Alaska (UTC-9 / UTC-8),"west fork beaver creek, upstream of marathon road",Beaver Creek,STREAM,MAIN,TRUE,TRUE,TBD,FALSE
2022-09-17T15:15:00Z,11.856,beaver_creek_usgs_temp_3,60.65107,-151.09076,US/Alaska (UTC-9 / UTC-8),"west fork beaver creek, upstream of marathon road",Beaver Creek,STREAM,MAIN,TRUE,TRUE,TBD,FALSE
2022-09-17T15:30:00Z,11.953,beaver_creek_usgs_temp_3,60.65107,-151.09076,US/Alaska (UTC-9 / UTC-8),"west fork beaver creek, upstream of marathon road",Beaver Creek,STREAM,MAIN,TRUE,TRUE,TBD,FALSE
2022-09-17T15:45:00Z,12.05,beaver_creek_usgs_temp_3,60.65107,-151.09076,US/Alaska (UTC-9 / UTC-8),"west fork beaver creek, upstream of marathon road",Beaver Creek,STREAM,MAIN,TRUE,TRUE,TBD,FALSE
2022-09-17T16:00:00Z,12.147,beaver_creek_usgs_temp_3,60.65107,-151.09076,US/Alaska (UTC-9 / UTC-8),"west fork beaver creek, upstream of marathon road",Beaver Creek,STREAM,MAIN,TRUE,TRUE,TBD,FALSE
2022-09-17T16:15:00Z,12.219,beaver_creek_usgs_temp_3,60.65107,-151.09076,US/Alaska (UTC-9 / UTC-8),"west fork beaver creek, upstream of marathon road",Beaver Creek,STREAM,MAIN,TRUE,TRUE,TBD,FALSE
2022-09-17T16:30:00Z,12.292,beaver_creek_usgs_temp_3,60.65107,-151.09076,US/Alaska (UTC-9 / UTC-8),"west fork beaver creek, upstream of marathon road",Beaver Creek,STREAM,MAIN,TRUE,TRUE,TBD,FALSE
2022-09-17T16:45:00Z,12.364,beaver_creek_usgs_temp_3,60.65107,-151.09076,US/Alaska (UTC-9 / UTC-8),"west fork beaver creek, upstream of marathon road",Beaver Creek,STREAM,MAIN,TRUE,TRUE,TBD,FALSE
2022-09-17T17:00:00Z,12.389,beaver_creek_usgs_temp_3,60.65107,-151.09076,US/Alaska (UTC-9 / UTC-8),"west fork beaver creek, upstream of marathon road",Beaver Creek,STREAM,MAIN,TRUE,TRUE,TBD,FALSE
2022-09-17T17:15:00Z,12.437,beaver_creek_usgs_temp_3,60.65107,-151.09076,US/Alaska (UTC-9 / UTC-8),"west fork beaver creek, upstream of marathon road",Beaver Creek,STREAM,MAIN,TRUE,TRUE,TBD,FALSE
2022-09-17T17:30:00Z,12.461,beaver_creek_usgs_temp_3,60.65107,-151.09076,US/Alaska (UTC-9 / UTC-8),"west fork beaver creek, upstream of marathon road",Beaver Creek,STREAM,MAIN,TRUE,TRUE,TBD,FALSE
2022-09-17T17:45:00Z,12.437,beaver_creek_usgs_temp_3,60.65107,-151.09076,US/Alaska (UTC-9 / UTC-8),"west fork beaver creek, upstream of marathon road",Beaver Creek,STREAM,MAIN,TRUE,TRUE,TBD,FALSE
2022-09-17T18:00:00Z,12.437,beaver_creek_usgs_temp_3,60.65107,-151.09076,US/Alaska (UTC-9 / UTC-8),"west fork beaver creek, upstream of marathon road",Beaver Creek,STREAM,MAIN,TRUE,TRUE,TBD,FALSE
2022-09-17T18:15:00Z,12.413,beaver_creek_usgs_temp_3,60.65107,-151.09076,US/Alaska (UTC-9 / UTC-8),"west fork beaver creek, upstream of marathon road",Beaver Creek,STREAM,MAIN,TRUE,TRUE,TBD,FALSE
2022-09-17T18:30:00Z,12.389,beaver_creek_usgs_temp_3,60.65107,-151.09076,US/Alaska (UTC-9 / UTC-8),"west fork beaver creek, upstream of marathon road",Beaver Creek,STREAM,MAIN,TRUE,TRUE,TBD,FALSE
2022-09-17T18:45:00Z,12.364,beaver_creek_usgs_temp_3,60.65107,-151.09076,US/Alaska (UTC-9 / UTC-8),"west fork beaver creek, upstream of marathon road",Beaver Creek,STREAM,MAIN,TRUE,TRUE,TBD,FALSE
2022-09-17T19:00:00Z,12.364,beaver_creek_usgs_temp_3,60.65107,-151.09076,US/Alaska (UTC-9 / UTC-8),"west fork beaver creek, upstream of marathon road",Beaver Creek,STREAM,MAIN,TRUE,TRUE,TBD,FALSE
2022-09-17T19:15:00Z,12.316,beaver_creek_usgs_temp_3,60.65107,-151.09076,US/Alaska (UTC-9 / UTC-8),"west fork beaver creek, upstream of marathon road",Beaver Creek,STREAM,MAIN,TRUE,TRUE,TBD,FALSE
2022-09-17T19:30:00Z,12.268,beaver_creek_usgs_temp_3,60.65107,-151.09076,US/Alaska (UTC-9 / UTC-8),"west fork beaver creek, upstream of marathon road",Beaver Creek,STREAM,MAIN,TRUE,TRUE,TBD,FALSE
2022-09-17T19:45:00Z,12.219,beaver_creek_usgs_temp_3,60.65107,-151.09076,US/Alaska (UTC-9 / UTC-8),"west fork beaver creek, upstream of marathon road",Beaver Creek,STREAM,MAIN,TRUE,TRUE,TBD,FALSE
2022-09-17T20:00:00Z,12.171,beaver_creek_usgs_temp_3,60.65107,-151.09076,US/Alaska (UTC-9 / UTC-8),"west fork beaver creek, upstream of marathon road",Beaver Creek,STREAM,MAIN,TRUE,TRUE,TBD,FALSE
2022-09-17T20:15:00Z,12.098,beaver_creek_usgs_temp_3,60.65107,-151.09076,US/Alaska (UTC-9 / UTC-8),"west fork beaver creek, upstream of marathon road",Beaver Creek,STREAM,MAIN,TRUE,TRUE,TBD,FALSE
2022-09-17T20:30:00Z,12.025,beaver_creek_usgs_temp_3,60.65107,-151.09076,US/Alaska (UTC-9 / UTC-8),"west fork beaver creek, upstream of marathon road",Beaver Creek,STREAM,MAIN,TRUE,TRUE,TBD,FALSE
2022-09-17T20:45:00Z,11.953,beaver_creek_usgs_temp_3,60.65107,-151.09076,US/Alaska (UTC-9 / UTC-8),"west fork beaver creek, upstream of marathon road",Beaver Creek,STREAM,MAIN,TRUE,TRUE,TBD,FALSE
2022-09-17T21:00:00Z,11.88,beaver_creek_usgs_temp_3,60.65107,-151.09076,US/Alaska (UTC-9 / UTC-8),"west fork beaver creek, upstream of marathon road",Beaver Creek,STREAM,MAIN,TRUE,TRUE,TBD,FALSE
2022-09-17T21:15:00Z,11.807,beaver_creek_usgs_temp_3,60.65107,-151.09076,US/Alaska (UTC-9 / UTC-8),"west fork beaver creek, upstream of marathon road",Beaver Creek,STREAM,MAIN,TRUE,TRUE,TBD,FALSE
2022-09-17T21:30:00Z,11.759,beaver_creek_usgs_temp_3,60.65107,-151.09076,US/Alaska (UTC-9 / UTC-8),"west fork beaver creek, upstream of marathon road",Beaver Creek,STREAM,MAIN,TRUE,TRUE,TBD,FALSE
2022-09-17T21:45:00Z,11.686,beaver_creek_usgs_temp_3,60.65107,-151.09076,US/Alaska (UTC-9 / UTC-8),"west fork beaver creek, upstream of marathon road",Beaver Creek,STREAM,MAIN,TRUE,TRUE,TBD,FALSE
2022-09-17T22:00:00Z,11.613,beaver_creek_usgs_temp_3,60.65107,-151.09076,US/Alaska (UTC-9 / UTC-8),"west fork beaver creek, upstream of marathon road",Beaver Creek,STREAM,MAIN,TRUE,TRUE,TBD,FALSE
2022-09-17T22:15:00Z,11.54,beaver_creek_usgs_temp_3,60.65107,-151.09076,US/Alaska (UTC-9 / UTC-8),"west fork beaver creek, upstream of marathon road",Beaver Creek,STREAM,MAIN,TRUE,TRUE,TBD,FALSE
2022-09-17T22:30:00Z,11.467,beaver_creek_usgs_temp_3,60.65107,-151.09076,US/Alaska (UTC-9 / UTC-8),"west fork beaver creek, upstream of marathon road",Beaver Creek,STREAM,MAIN,TRUE,TRUE,TBD,FALSE
2022-09-17T22:45:00Z,11.394,beaver_creek_usgs_temp_3,60.65107,-151.09076,US/Alaska (UTC-9 / UTC-8),"west fork beaver creek, upstream of marathon road",Beaver Creek,STREAM,MAIN,TRUE,TRUE,TBD,FALSE
2022-09-17T23:00:00Z,11.321,beaver_creek_usgs_temp_3,60.65107,-151.09076,US/Alaska (UTC-9 / UTC-8),"west fork beaver creek, upstream of marathon road",Beaver Creek,STREAM,MAIN,TRUE,TRUE,TBD,FALSE
2022-09-17T23:15:00Z,11.248,beaver_creek_usgs_temp_3,60.65107,-151.09076,US/Alaska (UTC-9 / UTC-8),"west fork beaver creek, upstream of marathon road",Beaver Creek,STREAM,MAIN,TRUE,TRUE,TBD,FALSE
2022-09-17T23:30:00Z,11.2,beaver_creek_usgs_temp_3,60.65107,-151.09076,US/Alaska (UTC-9 / UTC-8),"west fork beaver creek, upstream of marathon road",Beaver Creek,STREAM,MAIN,TRUE,TRUE,TBD,FALSE
2022-09-17T23:45:00Z,11.127,beaver_creek_usgs_temp_3,60.65107,-151.09076,US/Alaska (UTC-9 / UTC-8),"west fork beaver creek, upstream of marathon road",Beaver Creek,STREAM,MAIN,TRUE,TRUE,TBD,FALSE
2022-09-18T00:00:00Z,11.053,beaver_creek_usgs_temp_3,60.65107,-151.09076,US/Alaska (UTC-9 / UTC-8),"west fork beaver creek, upstream of marathon road",Beaver Creek,STREAM,MAIN,TRUE,TRUE,TBD,FALSE
2022-09-18T00:15:00Z,10.98,beaver_creek_usgs_temp_3,60.65107,-151.09076,US/Alaska (UTC-9 / UTC-8),"west fork beaver creek, upstream of marathon road",Beaver Creek,STREAM,MAIN,TRUE,TRUE,TBD,FALSE
2022-09-18T00:30:00Z,10.907,beaver_creek_usgs_temp_3,60.65107,-151.09076,US/Alaska (UTC-9 / UTC-8),"west fork beaver creek, upstream of marathon road",Beaver Creek,STREAM,MAIN,TRUE,TRUE,TBD,FALSE
2022-09-18T00:45:00Z,10.858,beaver_creek_usgs_temp_3,60.65107,-151.09076,US/Alaska (UTC-9 / UTC-8),"west fork beaver creek, upstream of marathon road",Beaver Creek,STREAM,MAIN,TRUE,TRUE,TBD,FALSE
2022-09-18T01:00:00Z,10.785,beaver_creek_usgs_temp_3,60.65107,-151.09076,US/Alaska (UTC-9 / UTC-8),"west fork beaver creek, upstream of marathon road",Beaver Creek,STREAM,MAIN,TRUE,TRUE,TBD,FALSE
2022-09-18T01:15:00Z,10.712,beaver_creek_usgs_temp_3,60.65107,-151.09076,US/Alaska (UTC-9 / UTC-8),"west fork beaver creek, upstream of marathon road",Beaver Creek,STREAM,MAIN,TRUE,TRUE,TBD,FALSE
2022-09-18T01:30:00Z,10.663,beaver_creek_usgs_temp_3,60.65107,-151.09076,US/Alaska (UTC-9 / UTC-8),"west fork beaver creek, upstream of marathon road",Beaver Creek,STREAM,MAIN,TRUE,TRUE,TBD,FALSE
2022-09-18T01:45:00Z,10.59,beaver_creek_usgs_temp_3,60.65107,-151.09076,US/Alaska (UTC-9 / UTC-8),"west fork beaver creek, upstream of marathon road",Beaver Creek,STREAM,MAIN,TRUE,TRUE,TBD,FALSE
2022-09-18T02:00:00Z,10.541,beaver_creek_usgs_temp_3,60.65107,-151.09076,US/Alaska (UTC-9 / UTC-8),"west fork beaver creek, upstream of marathon road",Beaver Creek,STREAM,MAIN,TRUE,TRUE,TBD,FALSE
2022-09-18T02:15:00Z,10.492,beaver_creek_usgs_temp_3,60.65107,-151.09076,US/Alaska (UTC-9 / UTC-8),"west fork beaver creek, upstream of marathon road",Beaver Creek,STREAM,MAIN,TRUE,TRUE,TBD,FALSE
2022-09-18T02:30:00Z,10.418,beaver_creek_usgs_temp_3,60.65107,-151.09076,US/Alaska (UTC-9 / UTC-8),"west fork beaver creek, upstream of marathon road",Beaver Creek,STREAM,MAIN,TRUE,TRUE,TBD,FALSE
2022-09-18T02:45:00Z,10.369,beaver_creek_usgs_temp_3,60.65107,-151.09076,US/Alaska (UTC-9 / UTC-8),"west fork beaver creek, upstream of marathon road",Beaver Creek,STREAM,MAIN,TRUE,TRUE,TBD,FALSE
2022-09-18T03:00:00Z,10.32,beaver_creek_usgs_temp_3,60.65107,-151.09076,US/Alaska (UTC-9 / UTC-8),"west fork beaver creek, upstream of marathon road",Beaver Creek,STREAM,MAIN,TRUE,TRUE,TBD,FALSE
2022-09-18T03:15:00Z,10.247,beaver_creek_usgs_temp_3,60.65107,-151.09076,US/Alaska (UTC-9 / UTC-8),"west fork beaver creek, upstream of marathon road",Beaver Creek,STREAM,MAIN,TRUE,TRUE,TBD,FALSE
2022-09-18T03:30:00Z,10.173,beaver_creek_usgs_temp_3,60.65107,-151.09076,US/Alaska (UTC-9 / UTC-8),"west fork beaver creek, upstream of marathon road",Beaver Creek,STREAM,MAIN,TRUE,TRUE,TBD,FALSE
2022-09-18T03:45:00Z,10.124,beaver_creek_usgs_temp_3,60.65107,-151.09076,US/Alaska (UTC-9 / UTC-8),"west fork beaver creek, upstream of marathon road",Beaver Creek,STREAM,MAIN,TRUE,TRUE,TBD,FALSE
2022-09-18T04:00:00Z,10.075,beaver_creek_usgs_temp_3,60.65107,-151.09076,US/Alaska (UTC-9 / UTC-8),"west fork beaver creek, upstream of marathon road",Beaver Creek,STREAM,MAIN,TRUE,TRUE,TBD,FALSE
2022-09-18T04:15:00Z,10.001,beaver_creek_usgs_temp_3,60.65107,-151.09076,US/Alaska (UTC-9 / UTC-8),"west fork beaver creek, upstream of marathon road",Beaver Creek,STREAM,MAIN,TRUE,TRUE,TBD,FALSE
2022-09-18T04:30:00Z,9.952,beaver_creek_usgs_temp_3,60.65107,-151.09076,US/Alaska (UTC-9 / UTC-8),"west fork beaver creek, upstream of marathon road",Beaver Creek,STREAM,MAIN,TRUE,TRUE,TBD,FALSE
2022-09-18T04:45:00Z,9.879,beaver_creek_usgs_temp_3,60.65107,-151.09076,US/Alaska (UTC-9 / UTC-8),"west fork beaver creek, upstream of marathon road",Beaver Creek,STREAM,MAIN,TRUE,TRUE,TBD,FALSE
2022-09-18T05:00:00Z,9.829,beaver_creek_usgs_temp_3,60.65107,-151.09076,US/Alaska (UTC-9 / UTC-8),"west fork beaver creek, upstream of marathon road",Beaver Creek,STREAM,MAIN,TRUE,TRUE,TBD,FALSE
2022-09-18T05:15:00Z,9.756,beaver_creek_usgs_temp_3,60.65107,-151.09076,US/Alaska (UTC-9 / UTC-8),"west fork beaver creek, upstream of marathon road",Beaver Creek,STREAM,MAIN,TRUE,TRUE,TBD,FALSE
2022-09-18T05:30:00Z,9.706,beaver_creek_usgs_temp_3,60.65107,-151.09076,US/Alaska (UTC-9 / UTC-8),"west fork beaver creek, upstream of marathon road",Beaver Creek,STREAM,MAIN,TRUE,TRUE,TBD,FALSE
2022-09-18T05:45:00Z,9.682,beaver_creek_usgs_temp_3,60.65107,-151.09076,US/Alaska (UTC-9 / UTC-8),"west fork beaver creek, upstream of marathon road",Beaver Creek,STREAM,MAIN,TRUE,TRUE,TBD,FALSE
2022-09-18T06:00:00Z,9.632,beaver_creek_usgs_temp_3,60.65107,-151.09076,US/Alaska (UTC-9 / UTC-8),"west fork beaver creek, upstream of marathon road",Beaver Creek,STREAM,MAIN,TRUE,TRUE,TBD,FALSE
2022-09-18T06:15:00Z,9.583,beaver_creek_usgs_temp_3,60.65107,-151.09076,US/Alaska (UTC-9 / UTC-8),"west fork beaver creek, upstream of marathon road",Beaver Creek,STREAM,MAIN,TRUE,TRUE,TBD,FALSE
2022-09-18T06:30:00Z,9.558,beaver_creek_usgs_temp_3,60.65107,-151.09076,US/Alaska (UTC-9 / UTC-8),"west fork beaver creek, upstream of marathon road",Beaver Creek,STREAM,MAIN,TRUE,TRUE,TBD,FALSE
2022-09-18T06:45:00Z,9.509,beaver_creek_usgs_temp_3,60.65107,-151.09076,US/Alaska (UTC-9 / UTC-8),"west fork beaver creek, upstream of marathon road",Beaver Creek,STREAM,MAIN,TRUE,TRUE,TBD,FALSE
2022-09-18T07:00:00Z,9.485,beaver_creek_usgs_temp_3,60.65107,-151.09076,US/Alaska (UTC-9 / UTC-8),"west fork beaver creek, upstream of marathon road",Beaver Creek,STREAM,MAIN,TRUE,TRUE,TBD,FALSE
2022-09-18T07:15:00Z,9.435,beaver_creek_usgs_temp_3,60.65107,-151.09076,US/Alaska (UTC-9 / UTC-8),"west fork beaver creek, upstream of marathon road",Beaver Creek,STREAM,MAIN,TRUE,TRUE,TBD,FALSE
2022-09-18T07:30:00Z,9.435,beaver_creek_usgs_temp_3,60.65107,-151.09076,US/Alaska (UTC-9 / UTC-8),"west fork beaver creek, upstream of marathon road",Beaver Creek,STREAM,MAIN,TRUE,TRUE,TBD,FALSE
2022-09-18T07:45:00Z,9.386,beaver_creek_usgs_temp_3,60.65107,-151.09076,US/Alaska (UTC-9 / UTC-8),"west fork beaver creek, upstream of marathon road",Beaver Creek,STREAM,MAIN,TRUE,TRUE,TBD,FALSE
2022-09-18T08:00:00Z,9.336,beaver_creek_usgs_temp_3,60.65107,-151.09076,US/Alaska (UTC-9 / UTC-8),"west fork beaver creek, upstream of marathon road",Beaver Creek,STREAM,MAIN,TRUE,TRUE,TBD,FALSE
2022-09-18T08:15:00Z,9.312,beaver_creek_usgs_temp_3,60.65107,-151.09076,US/Alaska (UTC-9 / UTC-8),"west fork beaver creek, upstream of marathon road",Beaver Creek,STREAM,MAIN,TRUE,TRUE,TBD,FALSE
2022-09-18T08:30:00Z,9.287,beaver_creek_usgs_temp_3,60.65107,-151.09076,US/Alaska (UTC-9 / UTC-8),"west fork beaver creek, upstream of marathon road",Beaver Creek,STREAM,MAIN,TRUE,TRUE,TBD,FALSE
2022-09-18T08:45:00Z,9.238,beaver_creek_usgs_temp_3,60.65107,-151.09076,US/Alaska (UTC-9 / UTC-8),"west fork beaver creek, upstream of marathon road",Beaver Creek,STREAM,MAIN,TRUE,TRUE,TBD,FALSE
2022-09-18T09:00:00Z,9.213,beaver_creek_usgs_temp_3,60.65107,-151.09076,US/Alaska (UTC-9 / UTC-8),"west fork beaver creek, upstream of marathon road",Beaver Creek,STREAM,MAIN,TRUE,TRUE,TBD,FALSE
2022-09-18T09:15:00Z,9.188,beaver_creek_usgs_temp_3,60.65107,-151.09076,US/Alaska (UTC-9 / UTC-8),"west fork beaver creek, upstream of marathon road",Beaver Creek,STREAM,MAIN,TRUE,TRUE,TBD,FALSE
2022-09-18T09:30:00Z,9.163,beaver_creek_usgs_temp_3,60.65107,-151.09076,US/Alaska (UTC-9 / UTC-8),"west fork beaver creek, upstream of marathon road",Beaver Creek,STREAM,MAIN,TRUE,TRUE,TBD,FALSE
2022-09-18T09:45:00Z,9.163,beaver_creek_usgs_temp_3,60.65107,-151.09076,US/Alaska (UTC-9 / UTC-8),"west fork beaver creek, upstream of marathon road",Beaver Creek,STREAM,MAIN,TRUE,TRUE,TBD,FALSE
2022-09-18T10:00:00Z,9.188,beaver_creek_usgs_temp_3,60.65107,-151.09076,US/Alaska (UTC-9 / UTC-8),"west fork beaver creek, upstream of marathon road",Beaver Creek,STREAM,MAIN,TRUE,TRUE,TBD,FALSE
2022-09-18T10:15:00Z,9.188,beaver_creek_usgs_temp_3,60.65107,-151.09076,US/Alaska (UTC-9 / UTC-8),"west fork beaver creek, upstream of marathon road",Beaver Creek,STREAM,MAIN,TRUE,TRUE,TBD,FALSE
2022-09-18T10:30:00Z,9.238,beaver_creek_usgs_temp_3,60.65107,-151.09076,US/Alaska (UTC-9 / UTC-8),"west fork beaver creek, upstream of marathon road",Beaver Creek,STREAM,MAIN,TRUE,TRUE,TBD,FALSE
2022-09-18T10:45:00Z,9.262,beaver_creek_usgs_temp_3,60.65107,-151.09076,US/Alaska (UTC-9 / UTC-8),"west fork beaver creek, upstream of marathon road",Beaver Creek,STREAM,MAIN,TRUE,TRUE,TBD,FALSE
2022-09-18T11:00:00Z,9.287,beaver_creek_usgs_temp_3,60.65107,-151.09076,US/Alaska (UTC-9 / UTC-8),"west fork beaver creek, upstream of marathon road",Beaver Creek,STREAM,MAIN,TRUE,TRUE,TBD,FALSE
2022-09-18T11:15:00Z,9.336,beaver_creek_usgs_temp_3,60.65107,-151.09076,US/Alaska (UTC-9 / UTC-8),"west fork beaver creek, upstream of marathon road",Beaver Creek,STREAM,MAIN,TRUE,TRUE,TBD,FALSE
2022-09-18T11:30:00Z,9.41,beaver_creek_usgs_temp_3,60.65107,-151.09076,US/Alaska (UTC-9 / UTC-8),"west fork beaver creek, upstream of marathon road",Beaver Creek,STREAM,MAIN,TRUE,TRUE,TBD,FALSE
2022-09-18T11:45:00Z,9.46,beaver_creek_usgs_temp_3,60.65107,-151.09076,US/Alaska (UTC-9 / UTC-8),"west fork beaver creek, upstream of marathon road",Beaver Creek,STREAM,MAIN,TRUE,TRUE,TBD,FALSE
2022-09-18T12:00:00Z,9.509,beaver_creek_usgs_temp_3,60.65107,-151.09076,US/Alaska (UTC-9 / UTC-8),"west fork beaver creek, upstream of marathon road",Beaver Creek,STREAM,MAIN,TRUE,TRUE,TBD,FALSE
2022-09-18T12:15:00Z,9.583,beaver_creek_usgs_temp_3,60.65107,-151.09076,US/Alaska (UTC-9 / UTC-8),"west fork beaver creek, upstream of marathon road",Beaver Creek,STREAM,MAIN,TRUE,TRUE,TBD,FALSE
2022-09-18T12:30:00Z,9.657,beaver_creek_usgs_temp_3,60.65107,-151.09076,US/Alaska (UTC-9 / UTC-8),"west fork beaver creek, upstream of marathon road",Beaver Creek,STREAM,MAIN,TRUE,TRUE,TBD,FALSE
2022-09-18T12:45:00Z,9.682,beaver_creek_usgs_temp_3,60.65107,-151.09076,US/Alaska (UTC-9 / UTC-8),"west fork beaver creek, upstream of marathon road",Beaver Creek,STREAM,MAIN,TRUE,TRUE,TBD,FALSE
2022-09-18T13:00:00Z,9.731,beaver_creek_usgs_temp_3,60.65107,-151.09076,US/Alaska (UTC-9 / UTC-8),"west fork beaver creek, upstream of marathon road",Beaver Creek,STREAM,MAIN,TRUE,TRUE,TBD,FALSE
2022-09-18T13:15:00Z,9.78,beaver_creek_usgs_temp_3,60.65107,-151.09076,US/Alaska (UTC-9 / UTC-8),"west fork beaver creek, upstream of marathon road",Beaver Creek,STREAM,MAIN,TRUE,TRUE,TBD,FALSE
2022-09-18T13:30:00Z,9.829,beaver_creek_usgs_temp_3,60.65107,-151.09076,US/Alaska (UTC-9 / UTC-8),"west fork beaver creek, upstream of marathon road",Beaver Creek,STREAM,MAIN,TRUE,TRUE,TBD,FALSE
2022-09-18T13:45:00Z,9.903,beaver_creek_usgs_temp_3,60.65107,-151.09076,US/Alaska (UTC-9 / UTC-8),"west fork beaver creek, upstream of marathon road",Beaver Creek,STREAM,MAIN,TRUE,TRUE,TBD,FALSE
2022-09-18T14:00:00Z,9.952,beaver_creek_usgs_temp_3,60.65107,-151.09076,US/Alaska (UTC-9 / UTC-8),"west fork beaver creek, upstream of marathon road",Beaver Creek,STREAM,MAIN,TRUE,TRUE,TBD,FALSE
2022-09-18T14:15:00Z,10.001,beaver_creek_usgs_temp_3,60.65107,-151.09076,US/Alaska (UTC-9 / UTC-8),"west fork beaver creek, upstream of marathon road",Beaver Creek,STREAM,MAIN,TRUE,TRUE,TBD,FALSE
2022-09-18T14:30:00Z,10.051,beaver_creek_usgs_temp_3,60.65107,-151.09076,US/Alaska (UTC-9 / UTC-8),"west fork beaver creek, upstream of marathon road",Beaver Creek,STREAM,MAIN,TRUE,TRUE,TBD,FALSE
2022-09-18T14:45:00Z,10.075,beaver_creek_usgs_temp_3,60.65107,-151.09076,US/Alaska (UTC-9 / UTC-8),"west fork beaver creek, upstream of marathon road",Beaver Creek,STREAM,MAIN,TRUE,TRUE,TBD,FALSE
2022-09-18T15:00:00Z,10.173,beaver_creek_usgs_temp_3,60.65107,-151.09076,US/Alaska (UTC-9 / UTC-8),"west fork beaver creek, upstream of marathon road",Beaver Creek,STREAM,MAIN,TRUE,TRUE,TBD,FALSE
2022-09-18T15:15:00Z,10.271,beaver_creek_usgs_temp_3,60.65107,-151.09076,US/Alaska (UTC-9 / UTC-8),"west fork beaver creek, upstream of marathon road",Beaver Creek,STREAM,MAIN,TRUE,TRUE,TBD,FALSE
2022-09-18T15:30:00Z,10.296,beaver_creek_usgs_temp_3,60.65107,-151.09076,US/Alaska (UTC-9 / UTC-8),"west fork beaver creek, upstream of marathon road",Beaver Creek,STREAM,MAIN,TRUE,TRUE,TBD,FALSE
2022-09-18T15:45:00Z,10.32,beaver_creek_usgs_temp_3,60.65107,-151.09076,US/Alaska (UTC-9 / UTC-8),"west fork beaver creek, upstream of marathon road",Beaver Creek,STREAM,MAIN,TRUE,TRUE,TBD,FALSE
2022-09-18T16:00:00Z,10.345,beaver_creek_usgs_temp_3,60.65107,-151.09076,US/Alaska (UTC-9 / UTC-8),"west fork beaver creek, upstream of marathon road",Beaver Creek,STREAM,MAIN,TRUE,TRUE,TBD,FALSE
2022-09-18T16:15:00Z,10.418,beaver_creek_usgs_temp_3,60.65107,-151.09076,US/Alaska (UTC-9 / UTC-8),"west fork beaver creek, upstream of marathon road",Beaver Creek,STREAM,MAIN,TRUE,TRUE,TBD,FALSE
2022-09-18T16:30:00Z,10.443,beaver_creek_usgs_temp_3,60.65107,-151.09076,US/Alaska (UTC-9 / UTC-8),"west fork beaver creek, upstream of marathon road",Beaver Creek,STREAM,MAIN,TRUE,TRUE,TBD,FALSE
2022-09-18T16:45:00Z,10.467,beaver_creek_usgs_temp_3,60.65107,-151.09076,US/Alaska (UTC-9 / UTC-8),"west fork beaver creek, upstream of marathon road",Beaver Creek,STREAM,MAIN,TRUE,TRUE,TBD,FALSE
2022-09-18T17:00:00Z,10.516,beaver_creek_usgs_temp_3,60.65107,-151.09076,US/Alaska (UTC-9 / UTC-8),"west fork beaver creek, upstream of marathon road",Beaver Creek,STREAM,MAIN,TRUE,TRUE,TBD,FALSE
2022-09-18T17:15:00Z,10.565,beaver_creek_usgs_temp_3,60.65107,-151.09076,US/Alaska (UTC-9 / UTC-8),"west fork beaver creek, upstream of marathon road",Beaver Creek,STREAM,MAIN,TRUE,TRUE,TBD,FALSE
2022-09-18T17:30:00Z,10.59,beaver_creek_usgs_temp_3,60.65107,-151.09076,US/Alaska (UTC-9 / UTC-8),"west fork beaver creek, upstream of marathon road",Beaver Creek,STREAM,MAIN,TRUE,TRUE,TBD,FALSE
2022-09-18T17:45:00Z,10.614,beaver_creek_usgs_temp_3,60.65107,-151.09076,US/Alaska (UTC-9 / UTC-8),"west fork beaver creek, upstream of marathon road",Beaver Creek,STREAM,MAIN,TRUE,TRUE,TBD,FALSE
2022-09-18T18:00:00Z,10.638,beaver_creek_usgs_temp_3,60.65107,-151.09076,US/Alaska (UTC-9 / UTC-8),"west fork beaver creek, upstream of marathon road",Beaver Creek,STREAM,MAIN,TRUE,TRUE,TBD,FALSE
2022-09-18T18:15:00Z,10.663,beaver_creek_usgs_temp_3,60.65107,-151.09076,US/Alaska (UTC-9 / UTC-8),"west fork beaver creek, upstream of marathon road",Beaver Creek,STREAM,MAIN,TRUE,TRUE,TBD,FALSE
2022-09-18T18:30:00Z,10.663,beaver_creek_usgs_temp_3,60.65107,-151.09076,US/Alaska (UTC-9 / UTC-8),"west fork beaver creek, upstream of marathon road",Beaver Creek,STREAM,MAIN,TRUE,TRUE,TBD,FALSE
2022-09-18T18:45:00Z,10.663,beaver_creek_usgs_temp_3,60.65107,-151.09076,US/Alaska (UTC-9 / UTC-8),"west fork beaver creek, upstream of marathon road",Beaver Creek,STREAM,MAIN,TRUE,TRUE,TBD,FALSE
2022-09-18T19:00:00Z,10.663,beaver_creek_usgs_temp_3,60.65107,-151.09076,US/Alaska (UTC-9 / UTC-8),"west fork beaver creek, upstream of marathon road",Beaver Creek,STREAM,MAIN,TRUE,TRUE,TBD,FALSE
2022-09-18T19:15:00Z,10.663,beaver_creek_usgs_temp_3,60.65107,-151.09076,US/Alaska (UTC-9 / UTC-8),"west fork beaver creek, upstream of marathon road",Beaver Creek,STREAM,MAIN,TRUE,TRUE,TBD,FALSE
2022-09-18T19:30:00Z,10.663,beaver_creek_usgs_temp_3,60.65107,-151.09076,US/Alaska (UTC-9 / UTC-8),"west fork beaver creek, upstream of marathon road",Beaver Creek,STREAM,MAIN,TRUE,TRUE,TBD,FALSE
2022-09-18T19:45:00Z,10.663,beaver_creek_usgs_temp_3,60.65107,-151.09076,US/Alaska (UTC-9 / UTC-8),"west fork beaver creek, upstream of marathon road",Beaver Creek,STREAM,MAIN,TRUE,TRUE,TBD,FALSE
2022-09-18T20:00:00Z,10.638,beaver_creek_usgs_temp_3,60.65107,-151.09076,US/Alaska (UTC-9 / UTC-8),"west fork beaver creek, upstream of marathon road",Beaver Creek,STREAM,MAIN,TRUE,TRUE,TBD,FALSE
2022-09-18T20:15:00Z,10.638,beaver_creek_usgs_temp_3,60.65107,-151.09076,US/Alaska (UTC-9 / UTC-8),"west fork beaver creek, upstream of marathon road",Beaver Creek,STREAM,MAIN,TRUE,TRUE,TBD,FALSE
2022-09-18T20:30:00Z,10.614,beaver_creek_usgs_temp_3,60.65107,-151.09076,US/Alaska (UTC-9 / UTC-8),"west fork beaver creek, upstream of marathon road",Beaver Creek,STREAM,MAIN,TRUE,TRUE,TBD,FALSE
2022-09-18T20:45:00Z,10.614,beaver_creek_usgs_temp_3,60.65107,-151.09076,US/Alaska (UTC-9 / UTC-8),"west fork beaver creek, upstream of marathon road",Beaver Creek,STREAM,MAIN,TRUE,TRUE,TBD,FALSE
2022-09-18T21:00:00Z,10.614,beaver_creek_usgs_temp_3,60.65107,-151.09076,US/Alaska (UTC-9 / UTC-8),"west fork beaver creek, upstream of marathon road",Beaver Creek,STREAM,MAIN,TRUE,TRUE,TBD,FALSE
2022-09-18T21:15:00Z,10.59,beaver_creek_usgs_temp_3,60.65107,-151.09076,US/Alaska (UTC-9 / UTC-8),"west fork beaver creek, upstream of marathon road",Beaver Creek,STREAM,MAIN,TRUE,TRUE,TBD,FALSE
2022-09-18T21:30:00Z,10.565,beaver_creek_usgs_temp_3,60.65107,-151.09076,US/Alaska (UTC-9 / UTC-8),"west fork beaver creek, upstream of marathon road",Beaver Creek,STREAM,MAIN,TRUE,TRUE,TBD,FALSE
2022-09-18T21:45:00Z,10.565,beaver_creek_usgs_temp_3,60.65107,-151.09076,US/Alaska (UTC-9 / UTC-8),"west fork beaver creek, upstream of marathon road",Beaver Creek,STREAM,MAIN,TRUE,TRUE,TBD,FALSE
2022-09-18T22:00:00Z,10.565,beaver_creek_usgs_temp_3,60.65107,-151.09076,US/Alaska (UTC-9 / UTC-8),"west fork beaver creek, upstream of marathon road",Beaver Creek,STREAM,MAIN,TRUE,TRUE,TBD,FALSE
2022-09-18T22:15:00Z,10.565,beaver_creek_usgs_temp_3,60.65107,-151.09076,US/Alaska (UTC-9 / UTC-8),"west fork beaver creek, upstream of marathon road",Beaver Creek,STREAM,MAIN,TRUE,TRUE,TBD,FALSE
2022-09-18T22:30:00Z,10.541,beaver_creek_usgs_temp_3,60.65107,-151.09076,US/Alaska (UTC-9 / UTC-8),"west fork beaver creek, upstream of marathon road",Beaver Creek,STREAM,MAIN,TRUE,TRUE,TBD,FALSE
2022-09-18T22:45:00Z,10.541,beaver_creek_usgs_temp_3,60.65107,-151.09076,US/Alaska (UTC-9 / UTC-8),"west fork beaver creek, upstream of marathon road",Beaver Creek,STREAM,MAIN,TRUE,TRUE,TBD,FALSE
2022-09-18T23:00:00Z,10.516,beaver_creek_usgs_temp_3,60.65107,-151.09076,US/Alaska (UTC-9 / UTC-8),"west fork beaver creek, upstream of marathon road",Beaver Creek,STREAM,MAIN,TRUE,TRUE,TBD,FALSE
2022-09-18T23:15:00Z,10.516,beaver_creek_usgs_temp_3,60.65107,-151.09076,US/Alaska (UTC-9 / UTC-8),"west fork beaver creek, upstream of marathon road",Beaver Creek,STREAM,MAIN,TRUE,TRUE,TBD,FALSE
2022-09-18T23:30:00Z,10.516,beaver_creek_usgs_temp_3,60.65107,-151.09076,US/Alaska (UTC-9 / UTC-8),"west fork beaver creek, upstream of marathon road",Beaver Creek,STREAM,MAIN,TRUE,TRUE,TBD,FALSE
2022-09-18T23:45:00Z,10.516,beaver_creek_usgs_temp_3,60.65107,-151.09076,US/Alaska (UTC-9 / UTC-8),"west fork beaver creek, upstream of marathon road",Beaver Creek,STREAM,MAIN,TRUE,TRUE,TBD,FALSE
2022-09-19T00:00:00Z,10.516,beaver_creek_usgs_temp_3,60.65107,-151.09076,US/Alaska (UTC-9 / UTC-8),"west fork beaver creek, upstream of marathon road",Beaver Creek,STREAM,MAIN,TRUE,TRUE,TBD,FALSE
2022-09-19T00:15:00Z,10.492,beaver_creek_usgs_temp_3,60.65107,-151.09076,US/Alaska (UTC-9 / UTC-8),"west fork beaver creek, upstream of marathon road",Beaver Creek,STREAM,MAIN,TRUE,TRUE,TBD,FALSE
2022-09-19T00:30:00Z,10.492,beaver_creek_usgs_temp_3,60.65107,-151.09076,US/Alaska (UTC-9 / UTC-8),"west fork beaver creek, upstream of marathon road",Beaver Creek,STREAM,MAIN,TRUE,TRUE,TBD,FALSE
2022-09-19T00:45:00Z,10.492,beaver_creek_usgs_temp_3,60.65107,-151.09076,US/Alaska (UTC-9 / UTC-8),"west fork beaver creek, upstream of marathon road",Beaver Creek,STREAM,MAIN,TRUE,TRUE,TBD,FALSE
2022-09-19T01:00:00Z,10.492,beaver_creek_usgs_temp_3,60.65107,-151.09076,US/Alaska (UTC-9 / UTC-8),"west fork beaver creek, upstream of marathon road",Beaver Creek,STREAM,MAIN,TRUE,TRUE,TBD,FALSE
2022-09-19T01:15:00Z,10.467,beaver_creek_usgs_temp_3,60.65107,-151.09076,US/Alaska (UTC-9 / UTC-8),"west fork beaver creek, upstream of marathon road",Beaver Creek,STREAM,MAIN,TRUE,TRUE,TBD,FALSE
2022-09-19T01:30:00Z,10.467,beaver_creek_usgs_temp_3,60.65107,-151.09076,US/Alaska (UTC-9 / UTC-8),"west fork beaver creek, upstream of marathon road",Beaver Creek,STREAM,MAIN,TRUE,TRUE,TBD,FALSE
2022-09-19T01:45:00Z,10.467,beaver_creek_usgs_temp_3,60.65107,-151.09076,US/Alaska (UTC-9 / UTC-8),"west fork beaver creek, upstream of marathon road",Beaver Creek,STREAM,MAIN,TRUE,TRUE,TBD,FALSE
2022-09-19T02:00:00Z,10.467,beaver_creek_usgs_temp_3,60.65107,-151.09076,US/Alaska (UTC-9 / UTC-8),"west fork beaver creek, upstream of marathon road",Beaver Creek,STREAM,MAIN,TRUE,TRUE,TBD,FALSE
2022-09-19T02:15:00Z,10.443,beaver_creek_usgs_temp_3,60.65107,-151.09076,US/Alaska (UTC-9 / UTC-8),"west fork beaver creek, upstream of marathon road",Beaver Creek,STREAM,MAIN,TRUE,TRUE,TBD,FALSE
2022-09-19T02:30:00Z,10.443,beaver_creek_usgs_temp_3,60.65107,-151.09076,US/Alaska (UTC-9 / UTC-8),"west fork beaver creek, upstream of marathon road",Beaver Creek,STREAM,MAIN,TRUE,TRUE,TBD,FALSE
2022-09-19T02:45:00Z,10.443,beaver_creek_usgs_temp_3,60.65107,-151.09076,US/Alaska (UTC-9 / UTC-8),"west fork beaver creek, upstream of marathon road",Beaver Creek,STREAM,MAIN,TRUE,TRUE,TBD,FALSE
2022-09-19T03:00:00Z,10.418,beaver_creek_usgs_temp_3,60.65107,-151.09076,US/Alaska (UTC-9 / UTC-8),"west fork beaver creek, upstream of marathon road",Beaver Creek,STREAM,MAIN,TRUE,TRUE,TBD,FALSE
2022-09-19T03:15:00Z,10.418,beaver_creek_usgs_temp_3,60.65107,-151.09076,US/Alaska (UTC-9 / UTC-8),"west fork beaver creek, upstream of marathon road",Beaver Creek,STREAM,MAIN,TRUE,TRUE,TBD,FALSE
2022-09-19T03:30:00Z,10.418,beaver_creek_usgs_temp_3,60.65107,-151.09076,US/Alaska (UTC-9 / UTC-8),"west fork beaver creek, upstream of marathon road",Beaver Creek,STREAM,MAIN,TRUE,TRUE,TBD,FALSE
2022-09-19T03:45:00Z,10.418,beaver_creek_usgs_temp_3,60.65107,-151.09076,US/Alaska (UTC-9 / UTC-8),"west fork beaver creek, upstream of marathon road",Beaver Creek,STREAM,MAIN,TRUE,TRUE,TBD,FALSE
2022-09-19T04:00:00Z,10.418,beaver_creek_usgs_temp_3,60.65107,-151.09076,US/Alaska (UTC-9 / UTC-8),"west fork beaver creek, upstream of marathon road",Beaver Creek,STREAM,MAIN,TRUE,TRUE,TBD,FALSE
2022-09-19T04:15:00Z,10.418,beaver_creek_usgs_temp_3,60.65107,-151.09076,US/Alaska (UTC-9 / UTC-8),"west fork beaver creek, upstream of marathon road",Beaver Creek,STREAM,MAIN,TRUE,TRUE,TBD,FALSE
2022-09-19T04:30:00Z,10.418,beaver_creek_usgs_temp_3,60.65107,-151.09076,US/Alaska (UTC-9 / UTC-8),"west fork beaver creek, upstream of marathon road",Beaver Creek,STREAM,MAIN,TRUE,TRUE,TBD,FALSE
2022-09-19T04:45:00Z,10.394,beaver_creek_usgs_temp_3,60.65107,-151.09076,US/Alaska (UTC-9 / UTC-8),"west fork beaver creek, upstream of marathon road",Beaver Creek,STREAM,MAIN,TRUE,TRUE,TBD,FALSE
2022-09-19T05:00:00Z,10.394,beaver_creek_usgs_temp_3,60.65107,-151.09076,US/Alaska (UTC-9 / UTC-8),"west fork beaver creek, upstream of marathon road",Beaver Creek,STREAM,MAIN,TRUE,TRUE,TBD,FALSE
2022-09-19T05:15:00Z,10.394,beaver_creek_usgs_temp_3,60.65107,-151.09076,US/Alaska (UTC-9 / UTC-8),"west fork beaver creek, upstream of marathon road",Beaver Creek,STREAM,MAIN,TRUE,TRUE,TBD,FALSE
2022-09-19T05:30:00Z,10.394,beaver_creek_usgs_temp_3,60.65107,-151.09076,US/Alaska (UTC-9 / UTC-8),"west fork beaver creek, upstream of marathon road",Beaver Creek,STREAM,MAIN,TRUE,TRUE,TBD,FALSE
2022-09-19T05:45:00Z,10.369,beaver_creek_usgs_temp_3,60.65107,-151.09076,US/Alaska (UTC-9 / UTC-8),"west fork beaver creek, upstream of marathon road",Beaver Creek,STREAM,MAIN,TRUE,TRUE,TBD,FALSE
2022-09-19T06:00:00Z,10.369,beaver_creek_usgs_temp_3,60.65107,-151.09076,US/Alaska (UTC-9 / UTC-8),"west fork beaver creek, upstream of marathon road",Beaver Creek,STREAM,MAIN,TRUE,TRUE,TBD,FALSE
2022-09-19T06:15:00Z,10.369,beaver_creek_usgs_temp_3,60.65107,-151.09076,US/Alaska (UTC-9 / UTC-8),"west fork beaver creek, upstream of marathon road",Beaver Creek,STREAM,MAIN,TRUE,TRUE,TBD,FALSE
2022-09-19T06:30:00Z,10.369,beaver_creek_usgs_temp_3,60.65107,-151.09076,US/Alaska (UTC-9 / UTC-8),"west fork beaver creek, upstream of marathon road",Beaver Creek,STREAM,MAIN,TRUE,TRUE,TBD,FALSE
2022-09-19T06:45:00Z,10.345,beaver_creek_usgs_temp_3,60.65107,-151.09076,US/Alaska (UTC-9 / UTC-8),"west fork beaver creek, upstream of marathon road",Beaver Creek,STREAM,MAIN,TRUE,TRUE,TBD,FALSE
2022-09-19T07:00:00Z,10.345,beaver_creek_usgs_temp_3,60.65107,-151.09076,US/Alaska (UTC-9 / UTC-8),"west fork beaver creek, upstream of marathon road",Beaver Creek,STREAM,MAIN,TRUE,TRUE,TBD,FALSE
2022-09-19T07:15:00Z,10.345,beaver_creek_usgs_temp_3,60.65107,-151.09076,US/Alaska (UTC-9 / UTC-8),"west fork beaver creek, upstream of marathon road",Beaver Creek,STREAM,MAIN,TRUE,TRUE,TBD,FALSE
2022-09-19T07:30:00Z,10.32,beaver_creek_usgs_temp_3,60.65107,-151.09076,US/Alaska (UTC-9 / UTC-8),"west fork beaver creek, upstream of marathon road",Beaver Creek,STREAM,MAIN,TRUE,TRUE,TBD,FALSE
2022-09-19T07:45:00Z,10.32,beaver_creek_usgs_temp_3,60.65107,-151.09076,US/Alaska (UTC-9 / UTC-8),"west fork beaver creek, upstream of marathon road",Beaver Creek,STREAM,MAIN,TRUE,TRUE,TBD,FALSE
2022-09-19T08:00:00Z,10.32,beaver_creek_usgs_temp_3,60.65107,-151.09076,US/Alaska (UTC-9 / UTC-8),"west fork beaver creek, upstream of marathon road",Beaver Creek,STREAM,MAIN,TRUE,TRUE,TBD,FALSE
2022-09-19T08:15:00Z,10.32,beaver_creek_usgs_temp_3,60.65107,-151.09076,US/Alaska (UTC-9 / UTC-8),"west fork beaver creek, upstream of marathon road",Beaver Creek,STREAM,MAIN,TRUE,TRUE,TBD,FALSE
2022-09-19T08:30:00Z,10.296,beaver_creek_usgs_temp_3,60.65107,-151.09076,US/Alaska (UTC-9 / UTC-8),"west fork beaver creek, upstream of marathon road",Beaver Creek,STREAM,MAIN,TRUE,TRUE,TBD,FALSE
2022-09-19T08:45:00Z,10.296,beaver_creek_usgs_temp_3,60.65107,-151.09076,US/Alaska (UTC-9 / UTC-8),"west fork beaver creek, upstream of marathon road",Beaver Creek,STREAM,MAIN,TRUE,TRUE,TBD,FALSE
2022-09-19T09:00:00Z,10.296,beaver_creek_usgs_temp_3,60.65107,-151.09076,US/Alaska (UTC-9 / UTC-8),"west fork beaver creek, upstream of marathon road",Beaver Creek,STREAM,MAIN,TRUE,TRUE,TBD,FALSE
2022-09-19T09:15:00Z,10.296,beaver_creek_usgs_temp_3,60.65107,-151.09076,US/Alaska (UTC-9 / UTC-8),"west fork beaver creek, upstream of marathon road",Beaver Creek,STREAM,MAIN,TRUE,TRUE,TBD,FALSE
2022-09-19T09:30:00Z,10.296,beaver_creek_usgs_temp_3,60.65107,-151.09076,US/Alaska (UTC-9 / UTC-8),"west fork beaver creek, upstream of marathon road",Beaver Creek,STREAM,MAIN,TRUE,TRUE,TBD,FALSE
2022-09-19T09:45:00Z,10.296,beaver_creek_usgs_temp_3,60.65107,-151.09076,US/Alaska (UTC-9 / UTC-8),"west fork beaver creek, upstream of marathon road",Beaver Creek,STREAM,MAIN,TRUE,TRUE,TBD,FALSE
2022-09-19T10:00:00Z,10.296,beaver_creek_usgs_temp_3,60.65107,-151.09076,US/Alaska (UTC-9 / UTC-8),"west fork beaver creek, upstream of marathon road",Beaver Creek,STREAM,MAIN,TRUE,TRUE,TBD,FALSE
2022-09-19T10:15:00Z,10.32,beaver_creek_usgs_temp_3,60.65107,-151.09076,US/Alaska (UTC-9 / UTC-8),"west fork beaver creek, upstream of marathon road",Beaver Creek,STREAM,MAIN,TRUE,TRUE,TBD,FALSE
2022-09-19T10:30:00Z,10.32,beaver_creek_usgs_temp_3,60.65107,-151.09076,US/Alaska (UTC-9 / UTC-8),"west fork beaver creek, upstream of marathon road",Beaver Creek,STREAM,MAIN,TRUE,TRUE,TBD,FALSE
2022-09-19T10:45:00Z,10.32,beaver_creek_usgs_temp_3,60.65107,-151.09076,US/Alaska (UTC-9 / UTC-8),"west fork beaver creek, upstream of marathon road",Beaver Creek,STREAM,MAIN,TRUE,TRUE,TBD,FALSE
2022-09-19T11:00:00Z,10.345,beaver_creek_usgs_temp_3,60.65107,-151.09076,US/Alaska (UTC-9 / UTC-8),"west fork beaver creek, upstream of marathon road",Beaver Creek,STREAM,MAIN,TRUE,TRUE,TBD,FALSE
2022-09-19T11:15:00Z,10.345,beaver_creek_usgs_temp_3,60.65107,-151.09076,US/Alaska (UTC-9 / UTC-8),"west fork beaver creek, upstream of marathon road",Beaver Creek,STREAM,MAIN,TRUE,TRUE,TBD,FALSE
2022-09-19T11:30:00Z,10.369,beaver_creek_usgs_temp_3,60.65107,-151.09076,US/Alaska (UTC-9 / UTC-8),"west fork beaver creek, upstream of marathon road",Beaver Creek,STREAM,MAIN,TRUE,TRUE,TBD,FALSE
2022-09-19T11:45:00Z,10.369,beaver_creek_usgs_temp_3,60.65107,-151.09076,US/Alaska (UTC-9 / UTC-8),"west fork beaver creek, upstream of marathon road",Beaver Creek,STREAM,MAIN,TRUE,TRUE,TBD,FALSE
2022-09-19T12:00:00Z,10.394,beaver_creek_usgs_temp_3,60.65107,-151.09076,US/Alaska (UTC-9 / UTC-8),"west fork beaver creek, upstream of marathon road",Beaver Creek,STREAM,MAIN,TRUE,TRUE,TBD,FALSE
2022-09-19T12:15:00Z,10.418,beaver_creek_usgs_temp_3,60.65107,-151.09076,US/Alaska (UTC-9 / UTC-8),"west fork beaver creek, upstream of marathon road",Beaver Creek,STREAM,MAIN,TRUE,TRUE,TBD,FALSE
2022-09-19T12:30:00Z,10.418,beaver_creek_usgs_temp_3,60.65107,-151.09076,US/Alaska (UTC-9 / UTC-8),"west fork beaver creek, upstream of marathon road",Beaver Creek,STREAM,MAIN,TRUE,TRUE,TBD,FALSE
2022-09-19T12:45:00Z,10.443,beaver_creek_usgs_temp_3,60.65107,-151.09076,US/Alaska (UTC-9 / UTC-8),"west fork beaver creek, upstream of marathon road",Beaver Creek,STREAM,MAIN,TRUE,TRUE,TBD,FALSE
2022-09-19T13:00:00Z,10.467,beaver_creek_usgs_temp_3,60.65107,-151.09076,US/Alaska (UTC-9 / UTC-8),"west fork beaver creek, upstream of marathon road",Beaver Creek,STREAM,MAIN,TRUE,TRUE,TBD,FALSE
2022-09-19T13:15:00Z,10.492,beaver_creek_usgs_temp_3,60.65107,-151.09076,US/Alaska (UTC-9 / UTC-8),"west fork beaver creek, upstream of marathon road",Beaver Creek,STREAM,MAIN,TRUE,TRUE,TBD,FALSE
2022-09-19T13:30:00Z,10.516,beaver_creek_usgs_temp_3,60.65107,-151.09076,US/Alaska (UTC-9 / UTC-8),"west fork beaver creek, upstream of marathon road",Beaver Creek,STREAM,MAIN,TRUE,TRUE,TBD,FALSE
2022-09-19T13:45:00Z,10.541,beaver_creek_usgs_temp_3,60.65107,-151.09076,US/Alaska (UTC-9 / UTC-8),"west fork beaver creek, upstream of marathon road",Beaver Creek,STREAM,MAIN,TRUE,TRUE,TBD,FALSE
2022-09-19T14:00:00Z,10.565,beaver_creek_usgs_temp_3,60.65107,-151.09076,US/Alaska (UTC-9 / UTC-8),"west fork beaver creek, upstream of marathon road",Beaver Creek,STREAM,MAIN,TRUE,TRUE,TBD,FALSE
2022-09-19T14:15:00Z,10.614,beaver_creek_usgs_temp_3,60.65107,-151.09076,US/Alaska (UTC-9 / UTC-8),"west fork beaver creek, upstream of marathon road",Beaver Creek,STREAM,MAIN,TRUE,TRUE,TBD,FALSE
2022-09-19T14:30:00Z,10.663,beaver_creek_usgs_temp_3,60.65107,-151.09076,US/Alaska (UTC-9 / UTC-8),"west fork beaver creek, upstream of marathon road",Beaver Creek,STREAM,MAIN,TRUE,TRUE,TBD,FALSE
2022-09-19T14:45:00Z,10.687,beaver_creek_usgs_temp_3,60.65107,-151.09076,US/Alaska (UTC-9 / UTC-8),"west fork beaver creek, upstream of marathon road",Beaver Creek,STREAM,MAIN,TRUE,TRUE,TBD,FALSE
2022-09-19T15:00:00Z,10.712,beaver_creek_usgs_temp_3,60.65107,-151.09076,US/Alaska (UTC-9 / UTC-8),"west fork beaver creek, upstream of marathon road",Beaver Creek,STREAM,MAIN,TRUE,TRUE,TBD,FALSE
2022-09-19T15:15:00Z,10.761,beaver_creek_usgs_temp_3,60.65107,-151.09076,US/Alaska (UTC-9 / UTC-8),"west fork beaver creek, upstream of marathon road",Beaver Creek,STREAM,MAIN,TRUE,TRUE,TBD,FALSE
2022-09-19T15:30:00Z,10.81,beaver_creek_usgs_temp_3,60.65107,-151.09076,US/Alaska (UTC-9 / UTC-8),"west fork beaver creek, upstream of marathon road",Beaver Creek,STREAM,MAIN,TRUE,TRUE,TBD,FALSE
2022-09-19T15:45:00Z,10.81,beaver_creek_usgs_temp_3,60.65107,-151.09076,US/Alaska (UTC-9 / UTC-8),"west fork beaver creek, upstream of marathon road",Beaver Creek,STREAM,MAIN,TRUE,TRUE,TBD,FALSE
2022-09-19T16:00:00Z,10.858,beaver_creek_usgs_temp_3,60.65107,-151.09076,US/Alaska (UTC-9 / UTC-8),"west fork beaver creek, upstream of marathon road",Beaver Creek,STREAM,MAIN,TRUE,TRUE,TBD,FALSE
2022-09-19T16:15:00Z,10.883,beaver_creek_usgs_temp_3,60.65107,-151.09076,US/Alaska (UTC-9 / UTC-8),"west fork beaver creek, upstream of marathon road",Beaver Creek,STREAM,MAIN,TRUE,TRUE,TBD,FALSE
2022-09-19T16:30:00Z,10.907,beaver_creek_usgs_temp_3,60.65107,-151.09076,US/Alaska (UTC-9 / UTC-8),"west fork beaver creek, upstream of marathon road",Beaver Creek,STREAM,MAIN,TRUE,TRUE,TBD,FALSE
2022-09-19T16:45:00Z,10.956,beaver_creek_usgs_temp_3,60.65107,-151.09076,US/Alaska (UTC-9 / UTC-8),"west fork beaver creek, upstream of marathon road",Beaver Creek,STREAM,MAIN,TRUE,TRUE,TBD,FALSE
2022-09-19T17:00:00Z,11.005,beaver_creek_usgs_temp_3,60.65107,-151.09076,US/Alaska (UTC-9 / UTC-8),"west fork beaver creek, upstream of marathon road",Beaver Creek,STREAM,MAIN,TRUE,TRUE,TBD,FALSE
2022-09-19T17:15:00Z,11.029,beaver_creek_usgs_temp_3,60.65107,-151.09076,US/Alaska (UTC-9 / UTC-8),"west fork beaver creek, upstream of marathon road",Beaver Creek,STREAM,MAIN,TRUE,TRUE,TBD,FALSE
2022-09-19T17:30:00Z,11.053,beaver_creek_usgs_temp_3,60.65107,-151.09076,US/Alaska (UTC-9 / UTC-8),"west fork beaver creek, upstream of marathon road",Beaver Creek,STREAM,MAIN,TRUE,TRUE,TBD,FALSE
2022-09-19T17:45:00Z,11.078,beaver_creek_usgs_temp_3,60.65107,-151.09076,US/Alaska (UTC-9 / UTC-8),"west fork beaver creek, upstream of marathon road",Beaver Creek,STREAM,MAIN,TRUE,TRUE,TBD,FALSE
2022-09-19T18:00:00Z,11.127,beaver_creek_usgs_temp_3,60.65107,-151.09076,US/Alaska (UTC-9 / UTC-8),"west fork beaver creek, upstream of marathon road",Beaver Creek,STREAM,MAIN,TRUE,TRUE,TBD,FALSE
2022-09-19T18:15:00Z,11.151,beaver_creek_usgs_temp_3,60.65107,-151.09076,US/Alaska (UTC-9 / UTC-8),"west fork beaver creek, upstream of marathon road",Beaver Creek,STREAM,MAIN,TRUE,TRUE,TBD,FALSE
2022-09-19T18:30:00Z,11.2,beaver_creek_usgs_temp_3,60.65107,-151.09076,US/Alaska (UTC-9 / UTC-8),"west fork beaver creek, upstream of marathon road",Beaver Creek,STREAM,MAIN,TRUE,TRUE,TBD,FALSE
2022-09-19T18:45:00Z,11.2,beaver_creek_usgs_temp_3,60.65107,-151.09076,US/Alaska (UTC-9 / UTC-8),"west fork beaver creek, upstream of marathon road",Beaver Creek,STREAM,MAIN,TRUE,TRUE,TBD,FALSE
2022-09-19T19:00:00Z,11.224,beaver_creek_usgs_temp_3,60.65107,-151.09076,US/Alaska (UTC-9 / UTC-8),"west fork beaver creek, upstream of marathon road",Beaver Creek,STREAM,MAIN,TRUE,TRUE,TBD,FALSE
2022-09-19T19:15:00Z,11.224,beaver_creek_usgs_temp_3,60.65107,-151.09076,US/Alaska (UTC-9 / UTC-8),"west fork beaver creek, upstream of marathon road",Beaver Creek,STREAM,MAIN,TRUE,TRUE,TBD,FALSE
2022-09-19T19:30:00Z,11.248,beaver_creek_usgs_temp_3,60.65107,-151.09076,US/Alaska (UTC-9 / UTC-8),"west fork beaver creek, upstream of marathon road",Beaver Creek,STREAM,MAIN,TRUE,TRUE,TBD,FALSE
2022-09-19T19:45:00Z,11.248,beaver_creek_usgs_temp_3,60.65107,-151.09076,US/Alaska (UTC-9 / UTC-8),"west fork beaver creek, upstream of marathon road",Beaver Creek,STREAM,MAIN,TRUE,TRUE,TBD,FALSE
2022-09-19T20:00:00Z,11.248,beaver_creek_usgs_temp_3,60.65107,-151.09076,US/Alaska (UTC-9 / UTC-8),"west fork beaver creek, upstream of marathon road",Beaver Creek,STREAM,MAIN,TRUE,TRUE,TBD,FALSE
2022-09-19T20:15:00Z,11.273,beaver_creek_usgs_temp_3,60.65107,-151.09076,US/Alaska (UTC-9 / UTC-8),"west fork beaver creek, upstream of marathon road",Beaver Creek,STREAM,MAIN,TRUE,TRUE,TBD,FALSE
2022-09-19T20:30:00Z,11.273,beaver_creek_usgs_temp_3,60.65107,-151.09076,US/Alaska (UTC-9 / UTC-8),"west fork beaver creek, upstream of marathon road",Beaver Creek,STREAM,MAIN,TRUE,TRUE,TBD,FALSE
2022-09-19T20:45:00Z,11.297,beaver_creek_usgs_temp_3,60.65107,-151.09076,US/Alaska (UTC-9 / UTC-8),"west fork beaver creek, upstream of marathon road",Beaver Creek,STREAM,MAIN,TRUE,TRUE,TBD,FALSE
2022-09-19T21:00:00Z,11.297,beaver_creek_usgs_temp_3,60.65107,-151.09076,US/Alaska (UTC-9 / UTC-8),"west fork beaver creek, upstream of marathon road",Beaver Creek,STREAM,MAIN,TRUE,TRUE,TBD,FALSE
2022-09-19T21:15:00Z,11.297,beaver_creek_usgs_temp_3,60.65107,-151.09076,US/Alaska (UTC-9 / UTC-8),"west fork beaver creek, upstream of marathon road",Beaver Creek,STREAM,MAIN,TRUE,TRUE,TBD,FALSE
2022-09-19T21:30:00Z,11.297,beaver_creek_usgs_temp_3,60.65107,-151.09076,US/Alaska (UTC-9 / UTC-8),"west fork beaver creek, upstream of marathon road",Beaver Creek,STREAM,MAIN,TRUE,TRUE,TBD,FALSE
2022-09-19T21:45:00Z,11.297,beaver_creek_usgs_temp_3,60.65107,-151.09076,US/Alaska (UTC-9 / UTC-8),"west fork beaver creek, upstream of marathon road",Beaver Creek,STREAM,MAIN,TRUE,TRUE,TBD,FALSE
2022-09-19T22:00:00Z,11.321,beaver_creek_usgs_temp_3,60.65107,-151.09076,US/Alaska (UTC-9 / UTC-8),"west fork beaver creek, upstream of marathon road",Beaver Creek,STREAM,MAIN,TRUE,TRUE,TBD,FALSE
2022-09-19T22:15:00Z,11.321,beaver_creek_usgs_temp_3,60.65107,-151.09076,US/Alaska (UTC-9 / UTC-8),"west fork beaver creek, upstream of marathon road",Beaver Creek,STREAM,MAIN,TRUE,TRUE,TBD,FALSE
2022-09-19T22:30:00Z,11.321,beaver_creek_usgs_temp_3,60.65107,-151.09076,US/Alaska (UTC-9 / UTC-8),"west fork beaver creek, upstream of marathon road",Beaver Creek,STREAM,MAIN,TRUE,TRUE,TBD,FALSE
2022-09-19T22:45:00Z,11.321,beaver_creek_usgs_temp_3,60.65107,-151.09076,US/Alaska (UTC-9 / UTC-8),"west fork beaver creek, upstream of marathon road",Beaver Creek,STREAM,MAIN,TRUE,TRUE,TBD,FALSE
2022-09-19T23:00:00Z,11.321,beaver_creek_usgs_temp_3,60.65107,-151.09076,US/Alaska (UTC-9 / UTC-8),"west fork beaver creek, upstream of marathon road",Beaver Creek,STREAM,MAIN,TRUE,TRUE,TBD,FALSE
2022-09-19T23:15:00Z,11.321,beaver_creek_usgs_temp_3,60.65107,-151.09076,US/Alaska (UTC-9 / UTC-8),"west fork beaver creek, upstream of marathon road",Beaver Creek,STREAM,MAIN,TRUE,TRUE,TBD,FALSE
2022-09-19T23:30:00Z,11.321,beaver_creek_usgs_temp_3,60.65107,-151.09076,US/Alaska (UTC-9 / UTC-8),"west fork beaver creek, upstream of marathon road",Beaver Creek,STREAM,MAIN,TRUE,TRUE,TBD,FALSE
2022-09-19T23:45:00Z,11.321,beaver_creek_usgs_temp_3,60.65107,-151.09076,US/Alaska (UTC-9 / UTC-8),"west fork beaver creek, upstream of marathon road",Beaver Creek,STREAM,MAIN,TRUE,TRUE,TBD,FALSE
2022-09-20T00:00:00Z,11.321,beaver_creek_usgs_temp_3,60.65107,-151.09076,US/Alaska (UTC-9 / UTC-8),"west fork beaver creek, upstream of marathon road",Beaver Creek,STREAM,MAIN,TRUE,TRUE,TBD,FALSE
2022-09-20T00:15:00Z,11.321,beaver_creek_usgs_temp_3,60.65107,-151.09076,US/Alaska (UTC-9 / UTC-8),"west fork beaver creek, upstream of marathon road",Beaver Creek,STREAM,MAIN,TRUE,TRUE,TBD,FALSE
2022-09-20T00:30:00Z,11.321,beaver_creek_usgs_temp_3,60.65107,-151.09076,US/Alaska (UTC-9 / UTC-8),"west fork beaver creek, upstream of marathon road",Beaver Creek,STREAM,MAIN,TRUE,TRUE,TBD,FALSE
2022-09-20T00:45:00Z,11.321,beaver_creek_usgs_temp_3,60.65107,-151.09076,US/Alaska (UTC-9 / UTC-8),"west fork beaver creek, upstream of marathon road",Beaver Creek,STREAM,MAIN,TRUE,TRUE,TBD,FALSE
2022-09-20T01:00:00Z,11.297,beaver_creek_usgs_temp_3,60.65107,-151.09076,US/Alaska (UTC-9 / UTC-8),"west fork beaver creek, upstream of marathon road",Beaver Creek,STREAM,MAIN,TRUE,TRUE,TBD,FALSE
2022-09-20T01:15:00Z,11.297,beaver_creek_usgs_temp_3,60.65107,-151.09076,US/Alaska (UTC-9 / UTC-8),"west fork beaver creek, upstream of marathon road",Beaver Creek,STREAM,MAIN,TRUE,TRUE,TBD,FALSE
2022-09-20T01:30:00Z,11.297,beaver_creek_usgs_temp_3,60.65107,-151.09076,US/Alaska (UTC-9 / UTC-8),"west fork beaver creek, upstream of marathon road",Beaver Creek,STREAM,MAIN,TRUE,TRUE,TBD,FALSE
2022-09-20T01:45:00Z,11.297,beaver_creek_usgs_temp_3,60.65107,-151.09076,US/Alaska (UTC-9 / UTC-8),"west fork beaver creek, upstream of marathon road",Beaver Creek,STREAM,MAIN,TRUE,TRUE,TBD,FALSE
2022-09-20T02:00:00Z,11.297,beaver_creek_usgs_temp_3,60.65107,-151.09076,US/Alaska (UTC-9 / UTC-8),"west fork beaver creek, upstream of marathon road",Beaver Creek,STREAM,MAIN,TRUE,TRUE,TBD,FALSE
2022-09-20T02:15:00Z,11.297,beaver_creek_usgs_temp_3,60.65107,-151.09076,US/Alaska (UTC-9 / UTC-8),"west fork beaver creek, upstream of marathon road",Beaver Creek,STREAM,MAIN,TRUE,TRUE,TBD,FALSE
2022-09-20T02:30:00Z,11.297,beaver_creek_usgs_temp_3,60.65107,-151.09076,US/Alaska (UTC-9 / UTC-8),"west fork beaver creek, upstream of marathon road",Beaver Creek,STREAM,MAIN,TRUE,TRUE,TBD,FALSE
2022-09-20T02:45:00Z,11.273,beaver_creek_usgs_temp_3,60.65107,-151.09076,US/Alaska (UTC-9 / UTC-8),"west fork beaver creek, upstream of marathon road",Beaver Creek,STREAM,MAIN,TRUE,TRUE,TBD,FALSE
2022-09-20T03:00:00Z,11.273,beaver_creek_usgs_temp_3,60.65107,-151.09076,US/Alaska (UTC-9 / UTC-8),"west fork beaver creek, upstream of marathon road",Beaver Creek,STREAM,MAIN,TRUE,TRUE,TBD,FALSE
2022-09-20T03:15:00Z,11.248,beaver_creek_usgs_temp_3,60.65107,-151.09076,US/Alaska (UTC-9 / UTC-8),"west fork beaver creek, upstream of marathon road",Beaver Creek,STREAM,MAIN,TRUE,TRUE,TBD,FALSE
2022-09-20T03:30:00Z,11.248,beaver_creek_usgs_temp_3,60.65107,-151.09076,US/Alaska (UTC-9 / UTC-8),"west fork beaver creek, upstream of marathon road",Beaver Creek,STREAM,MAIN,TRUE,TRUE,TBD,FALSE
2022-09-20T03:45:00Z,11.248,beaver_creek_usgs_temp_3,60.65107,-151.09076,US/Alaska (UTC-9 / UTC-8),"west fork beaver creek, upstream of marathon road",Beaver Creek,STREAM,MAIN,TRUE,TRUE,TBD,FALSE
2022-09-20T04:00:00Z,11.224,beaver_creek_usgs_temp_3,60.65107,-151.09076,US/Alaska (UTC-9 / UTC-8),"west fork beaver creek, upstream of marathon road",Beaver Creek,STREAM,MAIN,TRUE,TRUE,TBD,FALSE
2022-09-20T04:15:00Z,11.2,beaver_creek_usgs_temp_3,60.65107,-151.09076,US/Alaska (UTC-9 / UTC-8),"west fork beaver creek, upstream of marathon road",Beaver Creek,STREAM,MAIN,TRUE,TRUE,TBD,FALSE
2022-09-20T04:30:00Z,11.2,beaver_creek_usgs_temp_3,60.65107,-151.09076,US/Alaska (UTC-9 / UTC-8),"west fork beaver creek, upstream of marathon road",Beaver Creek,STREAM,MAIN,TRUE,TRUE,TBD,FALSE
2022-09-20T04:45:00Z,11.175,beaver_creek_usgs_temp_3,60.65107,-151.09076,US/Alaska (UTC-9 / UTC-8),"west fork beaver creek, upstream of marathon road",Beaver Creek,STREAM,MAIN,TRUE,TRUE,TBD,FALSE
2022-09-20T05:00:00Z,11.151,beaver_creek_usgs_temp_3,60.65107,-151.09076,US/Alaska (UTC-9 / UTC-8),"west fork beaver creek, upstream of marathon road",Beaver Creek,STREAM,MAIN,TRUE,TRUE,TBD,FALSE
2022-09-20T05:15:00Z,11.151,beaver_creek_usgs_temp_3,60.65107,-151.09076,US/Alaska (UTC-9 / UTC-8),"west fork beaver creek, upstream of marathon road",Beaver Creek,STREAM,MAIN,TRUE,TRUE,TBD,FALSE
2022-09-20T05:30:00Z,11.102,beaver_creek_usgs_temp_3,60.65107,-151.09076,US/Alaska (UTC-9 / UTC-8),"west fork beaver creek, upstream of marathon road",Beaver Creek,STREAM,MAIN,TRUE,TRUE,TBD,FALSE
2022-09-20T05:45:00Z,11.102,beaver_creek_usgs_temp_3,60.65107,-151.09076,US/Alaska (UTC-9 / UTC-8),"west fork beaver creek, upstream of marathon road",Beaver Creek,STREAM,MAIN,TRUE,TRUE,TBD,FALSE
2022-09-20T06:00:00Z,11.078,beaver_creek_usgs_temp_3,60.65107,-151.09076,US/Alaska (UTC-9 / UTC-8),"west fork beaver creek, upstream of marathon road",Beaver Creek,STREAM,MAIN,TRUE,TRUE,TBD,FALSE
2022-09-20T06:15:00Z,11.053,beaver_creek_usgs_temp_3,60.65107,-151.09076,US/Alaska (UTC-9 / UTC-8),"west fork beaver creek, upstream of marathon road",Beaver Creek,STREAM,MAIN,TRUE,TRUE,TBD,FALSE
2022-09-20T06:30:00Z,11.053,beaver_creek_usgs_temp_3,60.65107,-151.09076,US/Alaska (UTC-9 / UTC-8),"west fork beaver creek, upstream of marathon road",Beaver Creek,STREAM,MAIN,TRUE,TRUE,TBD,FALSE
2022-09-20T06:45:00Z,11.029,beaver_creek_usgs_temp_3,60.65107,-151.09076,US/Alaska (UTC-9 / UTC-8),"west fork beaver creek, upstream of marathon road",Beaver Creek,STREAM,MAIN,TRUE,TRUE,TBD,FALSE
2022-09-20T07:00:00Z,11.005,beaver_creek_usgs_temp_3,60.65107,-151.09076,US/Alaska (UTC-9 / UTC-8),"west fork beaver creek, upstream of marathon road",Beaver Creek,STREAM,MAIN,TRUE,TRUE,TBD,FALSE
2022-09-20T07:15:00Z,10.98,beaver_creek_usgs_temp_3,60.65107,-151.09076,US/Alaska (UTC-9 / UTC-8),"west fork beaver creek, upstream of marathon road",Beaver Creek,STREAM,MAIN,TRUE,TRUE,TBD,FALSE
2022-09-20T07:30:00Z,10.956,beaver_creek_usgs_temp_3,60.65107,-151.09076,US/Alaska (UTC-9 / UTC-8),"west fork beaver creek, upstream of marathon road",Beaver Creek,STREAM,MAIN,TRUE,TRUE,TBD,FALSE
2022-09-20T07:45:00Z,10.932,beaver_creek_usgs_temp_3,60.65107,-151.09076,US/Alaska (UTC-9 / UTC-8),"west fork beaver creek, upstream of marathon road",Beaver Creek,STREAM,MAIN,TRUE,TRUE,TBD,FALSE
2022-09-20T08:00:00Z,10.907,beaver_creek_usgs_temp_3,60.65107,-151.09076,US/Alaska (UTC-9 / UTC-8),"west fork beaver creek, upstream of marathon road",Beaver Creek,STREAM,MAIN,TRUE,TRUE,TBD,FALSE
2022-09-20T08:15:00Z,10.907,beaver_creek_usgs_temp_3,60.65107,-151.09076,US/Alaska (UTC-9 / UTC-8),"west fork beaver creek, upstream of marathon road",Beaver Creek,STREAM,MAIN,TRUE,TRUE,TBD,FALSE
2022-09-20T08:30:00Z,10.883,beaver_creek_usgs_temp_3,60.65107,-151.09076,US/Alaska (UTC-9 / UTC-8),"west fork beaver creek, upstream of marathon road",Beaver Creek,STREAM,MAIN,TRUE,TRUE,TBD,FALSE
2022-09-20T08:45:00Z,10.858,beaver_creek_usgs_temp_3,60.65107,-151.09076,US/Alaska (UTC-9 / UTC-8),"west fork beaver creek, upstream of marathon road",Beaver Creek,STREAM,MAIN,TRUE,TRUE,TBD,FALSE
2022-09-20T09:00:00Z,10.858,beaver_creek_usgs_temp_3,60.65107,-151.09076,US/Alaska (UTC-9 / UTC-8),"west fork beaver creek, upstream of marathon road",Beaver Creek,STREAM,MAIN,TRUE,TRUE,TBD,FALSE
2022-09-20T09:15:00Z,10.834,beaver_creek_usgs_temp_3,60.65107,-151.09076,US/Alaska (UTC-9 / UTC-8),"west fork beaver creek, upstream of marathon road",Beaver Creek,STREAM,MAIN,TRUE,TRUE,TBD,FALSE
2022-09-20T09:30:00Z,10.834,beaver_creek_usgs_temp_3,60.65107,-151.09076,US/Alaska (UTC-9 / UTC-8),"west fork beaver creek, upstream of marathon road",Beaver Creek,STREAM,MAIN,TRUE,TRUE,TBD,FALSE
2022-09-20T09:45:00Z,10.834,beaver_creek_usgs_temp_3,60.65107,-151.09076,US/Alaska (UTC-9 / UTC-8),"west fork beaver creek, upstream of marathon road",Beaver Creek,STREAM,MAIN,TRUE,TRUE,TBD,FALSE
2022-09-20T10:00:00Z,10.81,beaver_creek_usgs_temp_3,60.65107,-151.09076,US/Alaska (UTC-9 / UTC-8),"west fork beaver creek, upstream of marathon road",Beaver Creek,STREAM,MAIN,TRUE,TRUE,TBD,FALSE
2022-09-20T10:15:00Z,10.81,beaver_creek_usgs_temp_3,60.65107,-151.09076,US/Alaska (UTC-9 / UTC-8),"west fork beaver creek, upstream of marathon road",Beaver Creek,STREAM,MAIN,TRUE,TRUE,TBD,FALSE
2022-09-20T10:30:00Z,10.834,beaver_creek_usgs_temp_3,60.65107,-151.09076,US/Alaska (UTC-9 / UTC-8),"west fork beaver creek, upstream of marathon road",Beaver Creek,STREAM,MAIN,TRUE,TRUE,TBD,FALSE
2022-09-20T10:45:00Z,10.858,beaver_creek_usgs_temp_3,60.65107,-151.09076,US/Alaska (UTC-9 / UTC-8),"west fork beaver creek, upstream of marathon road",Beaver Creek,STREAM,MAIN,TRUE,TRUE,TBD,FALSE
2022-09-20T11:00:00Z,10.883,beaver_creek_usgs_temp_3,60.65107,-151.09076,US/Alaska (UTC-9 / UTC-8),"west fork beaver creek, upstream of marathon road",Beaver Creek,STREAM,MAIN,TRUE,TRUE,TBD,FALSE
2022-09-20T11:15:00Z,10.907,beaver_creek_usgs_temp_3,60.65107,-151.09076,US/Alaska (UTC-9 / UTC-8),"west fork beaver creek, upstream of marathon road",Beaver Creek,STREAM,MAIN,TRUE,TRUE,TBD,FALSE
2022-09-20T11:30:00Z,10.932,beaver_creek_usgs_temp_3,60.65107,-151.09076,US/Alaska (UTC-9 / UTC-8),"west fork beaver creek, upstream of marathon road",Beaver Creek,STREAM,MAIN,TRUE,TRUE,TBD,FALSE
2022-09-20T11:45:00Z,10.956,beaver_creek_usgs_temp_3,60.65107,-151.09076,US/Alaska (UTC-9 / UTC-8),"west fork beaver creek, upstream of marathon road",Beaver Creek,STREAM,MAIN,TRUE,TRUE,TBD,FALSE
2022-09-20T12:00:00Z,11.005,beaver_creek_usgs_temp_3,60.65107,-151.09076,US/Alaska (UTC-9 / UTC-8),"west fork beaver creek, upstream of marathon road",Beaver Creek,STREAM,MAIN,TRUE,TRUE,TBD,FALSE
2022-09-20T12:15:00Z,11.053,beaver_creek_usgs_temp_3,60.65107,-151.09076,US/Alaska (UTC-9 / UTC-8),"west fork beaver creek, upstream of marathon road",Beaver Creek,STREAM,MAIN,TRUE,TRUE,TBD,FALSE
2022-09-20T12:30:00Z,11.078,beaver_creek_usgs_temp_3,60.65107,-151.09076,US/Alaska (UTC-9 / UTC-8),"west fork beaver creek, upstream of marathon road",Beaver Creek,STREAM,MAIN,TRUE,TRUE,TBD,FALSE
2022-09-20T12:45:00Z,11.127,beaver_creek_usgs_temp_3,60.65107,-151.09076,US/Alaska (UTC-9 / UTC-8),"west fork beaver creek, upstream of marathon road",Beaver Creek,STREAM,MAIN,TRUE,TRUE,TBD,FALSE
2022-09-20T13:00:00Z,11.2,beaver_creek_usgs_temp_3,60.65107,-151.09076,US/Alaska (UTC-9 / UTC-8),"west fork beaver creek, upstream of marathon road",Beaver Creek,STREAM,MAIN,TRUE,TRUE,TBD,FALSE
2022-09-20T13:15:00Z,11.273,beaver_creek_usgs_temp_3,60.65107,-151.09076,US/Alaska (UTC-9 / UTC-8),"west fork beaver creek, upstream of marathon road",Beaver Creek,STREAM,MAIN,TRUE,TRUE,TBD,FALSE
2022-09-20T13:30:00Z,11.346,beaver_creek_usgs_temp_3,60.65107,-151.09076,US/Alaska (UTC-9 / UTC-8),"west fork beaver creek, upstream of marathon road",Beaver Creek,STREAM,MAIN,TRUE,TRUE,TBD,FALSE
2022-09-20T13:45:00Z,11.419,beaver_creek_usgs_temp_3,60.65107,-151.09076,US/Alaska (UTC-9 / UTC-8),"west fork beaver creek, upstream of marathon road",Beaver Creek,STREAM,MAIN,TRUE,TRUE,TBD,FALSE
2022-09-20T14:00:00Z,11.492,beaver_creek_usgs_temp_3,60.65107,-151.09076,US/Alaska (UTC-9 / UTC-8),"west fork beaver creek, upstream of marathon road",Beaver Creek,STREAM,MAIN,TRUE,TRUE,TBD,FALSE
2022-09-20T14:15:00Z,11.54,beaver_creek_usgs_temp_3,60.65107,-151.09076,US/Alaska (UTC-9 / UTC-8),"west fork beaver creek, upstream of marathon road",Beaver Creek,STREAM,MAIN,TRUE,TRUE,TBD,FALSE
2022-09-20T14:30:00Z,11.613,beaver_creek_usgs_temp_3,60.65107,-151.09076,US/Alaska (UTC-9 / UTC-8),"west fork beaver creek, upstream of marathon road",Beaver Creek,STREAM,MAIN,TRUE,TRUE,TBD,FALSE
2022-09-20T14:45:00Z,11.759,beaver_creek_usgs_temp_3,60.65107,-151.09076,US/Alaska (UTC-9 / UTC-8),"west fork beaver creek, upstream of marathon road",Beaver Creek,STREAM,MAIN,TRUE,TRUE,TBD,FALSE
2022-09-20T15:00:00Z,11.856,beaver_creek_usgs_temp_3,60.65107,-151.09076,US/Alaska (UTC-9 / UTC-8),"west fork beaver creek, upstream of marathon road",Beaver Creek,STREAM,MAIN,TRUE,TRUE,TBD,FALSE
2022-09-20T15:15:00Z,11.929,beaver_creek_usgs_temp_3,60.65107,-151.09076,US/Alaska (UTC-9 / UTC-8),"west fork beaver creek, upstream of marathon road",Beaver Creek,STREAM,MAIN,TRUE,TRUE,TBD,FALSE
2022-09-20T15:30:00Z,12.001,beaver_creek_usgs_temp_3,60.65107,-151.09076,US/Alaska (UTC-9 / UTC-8),"west fork beaver creek, upstream of marathon road",Beaver Creek,STREAM,MAIN,TRUE,TRUE,TBD,FALSE
2022-09-20T15:45:00Z,12.05,beaver_creek_usgs_temp_3,60.65107,-151.09076,US/Alaska (UTC-9 / UTC-8),"west fork beaver creek, upstream of marathon road",Beaver Creek,STREAM,MAIN,TRUE,TRUE,TBD,FALSE
2022-09-20T16:00:00Z,12.098,beaver_creek_usgs_temp_3,60.65107,-151.09076,US/Alaska (UTC-9 / UTC-8),"west fork beaver creek, upstream of marathon road",Beaver Creek,STREAM,MAIN,TRUE,TRUE,TBD,FALSE
2022-09-20T16:15:00Z,12.147,beaver_creek_usgs_temp_3,60.65107,-151.09076,US/Alaska (UTC-9 / UTC-8),"west fork beaver creek, upstream of marathon road",Beaver Creek,STREAM,MAIN,TRUE,TRUE,TBD,FALSE
2022-09-20T16:30:00Z,12.219,beaver_creek_usgs_temp_3,60.65107,-151.09076,US/Alaska (UTC-9 / UTC-8),"west fork beaver creek, upstream of marathon road",Beaver Creek,STREAM,MAIN,TRUE,TRUE,TBD,FALSE
2022-09-20T16:45:00Z,12.268,beaver_creek_usgs_temp_3,60.65107,-151.09076,US/Alaska (UTC-9 / UTC-8),"west fork beaver creek, upstream of marathon road",Beaver Creek,STREAM,MAIN,TRUE,TRUE,TBD,FALSE
2022-09-20T17:00:00Z,12.34,beaver_creek_usgs_temp_3,60.65107,-151.09076,US/Alaska (UTC-9 / UTC-8),"west fork beaver creek, upstream of marathon road",Beaver Creek,STREAM,MAIN,TRUE,TRUE,TBD,FALSE
2022-09-20T17:15:00Z,12.389,beaver_creek_usgs_temp_3,60.65107,-151.09076,US/Alaska (UTC-9 / UTC-8),"west fork beaver creek, upstream of marathon road",Beaver Creek,STREAM,MAIN,TRUE,TRUE,TBD,FALSE
2022-09-20T17:30:00Z,12.413,beaver_creek_usgs_temp_3,60.65107,-151.09076,US/Alaska (UTC-9 / UTC-8),"west fork beaver creek, upstream of marathon road",Beaver Creek,STREAM,MAIN,TRUE,TRUE,TBD,FALSE
2022-09-20T17:45:00Z,12.413,beaver_creek_usgs_temp_3,60.65107,-151.09076,US/Alaska (UTC-9 / UTC-8),"west fork beaver creek, upstream of marathon road",Beaver Creek,STREAM,MAIN,TRUE,TRUE,TBD,FALSE
2022-09-20T18:00:00Z,12.461,beaver_creek_usgs_temp_3,60.65107,-151.09076,US/Alaska (UTC-9 / UTC-8),"west fork beaver creek, upstream of marathon road",Beaver Creek,STREAM,MAIN,TRUE,TRUE,TBD,FALSE
2022-09-20T18:15:00Z,12.485,beaver_creek_usgs_temp_3,60.65107,-151.09076,US/Alaska (UTC-9 / UTC-8),"west fork beaver creek, upstream of marathon road",Beaver Creek,STREAM,MAIN,TRUE,TRUE,TBD,FALSE
2022-09-20T18:30:00Z,12.534,beaver_creek_usgs_temp_3,60.65107,-151.09076,US/Alaska (UTC-9 / UTC-8),"west fork beaver creek, upstream of marathon road",Beaver Creek,STREAM,MAIN,TRUE,TRUE,TBD,FALSE
2022-09-20T18:45:00Z,12.558,beaver_creek_usgs_temp_3,60.65107,-151.09076,US/Alaska (UTC-9 / UTC-8),"west fork beaver creek, upstream of marathon road",Beaver Creek,STREAM,MAIN,TRUE,TRUE,TBD,FALSE
2022-09-20T19:00:00Z,12.558,beaver_creek_usgs_temp_3,60.65107,-151.09076,US/Alaska (UTC-9 / UTC-8),"west fork beaver creek, upstream of marathon road",Beaver Creek,STREAM,MAIN,TRUE,TRUE,TBD,FALSE
2022-09-20T19:15:00Z,12.534,beaver_creek_usgs_temp_3,60.65107,-151.09076,US/Alaska (UTC-9 / UTC-8),"west fork beaver creek, upstream of marathon road",Beaver Creek,STREAM,MAIN,TRUE,TRUE,TBD,FALSE
2022-09-20T19:30:00Z,12.534,beaver_creek_usgs_temp_3,60.65107,-151.09076,US/Alaska (UTC-9 / UTC-8),"west fork beaver creek, upstream of marathon road",Beaver Creek,STREAM,MAIN,TRUE,TRUE,TBD,FALSE
2022-09-20T19:45:00Z,12.509,beaver_creek_usgs_temp_3,60.65107,-151.09076,US/Alaska (UTC-9 / UTC-8),"west fork beaver creek, upstream of marathon road",Beaver Creek,STREAM,MAIN,TRUE,TRUE,TBD,FALSE
2022-09-20T20:00:00Z,12.485,beaver_creek_usgs_temp_3,60.65107,-151.09076,US/Alaska (UTC-9 / UTC-8),"west fork beaver creek, upstream of marathon road",Beaver Creek,STREAM,MAIN,TRUE,TRUE,TBD,FALSE
2022-09-20T20:15:00Z,12.437,beaver_creek_usgs_temp_3,60.65107,-151.09076,US/Alaska (UTC-9 / UTC-8),"west fork beaver creek, upstream of marathon road",Beaver Creek,STREAM,MAIN,TRUE,TRUE,TBD,FALSE
2022-09-20T20:30:00Z,12.389,beaver_creek_usgs_temp_3,60.65107,-151.09076,US/Alaska (UTC-9 / UTC-8),"west fork beaver creek, upstream of marathon road",Beaver Creek,STREAM,MAIN,TRUE,TRUE,TBD,FALSE
2022-09-20T20:45:00Z,12.34,beaver_creek_usgs_temp_3,60.65107,-151.09076,US/Alaska (UTC-9 / UTC-8),"west fork beaver creek, upstream of marathon road",Beaver Creek,STREAM,MAIN,TRUE,TRUE,TBD,FALSE
2022-09-20T21:00:00Z,12.292,beaver_creek_usgs_temp_3,60.65107,-151.09076,US/Alaska (UTC-9 / UTC-8),"west fork beaver creek, upstream of marathon road",Beaver Creek,STREAM,MAIN,TRUE,TRUE,TBD,FALSE
2022-09-20T21:15:00Z,12.243,beaver_creek_usgs_temp_3,60.65107,-151.09076,US/Alaska (UTC-9 / UTC-8),"west fork beaver creek, upstream of marathon road",Beaver Creek,STREAM,MAIN,TRUE,TRUE,TBD,FALSE
2022-09-20T21:30:00Z,12.171,beaver_creek_usgs_temp_3,60.65107,-151.09076,US/Alaska (UTC-9 / UTC-8),"west fork beaver creek, upstream of marathon road",Beaver Creek,STREAM,MAIN,TRUE,TRUE,TBD,FALSE
2022-09-20T21:45:00Z,12.122,beaver_creek_usgs_temp_3,60.65107,-151.09076,US/Alaska (UTC-9 / UTC-8),"west fork beaver creek, upstream of marathon road",Beaver Creek,STREAM,MAIN,TRUE,TRUE,TBD,FALSE
2022-09-20T22:00:00Z,12.05,beaver_creek_usgs_temp_3,60.65107,-151.09076,US/Alaska (UTC-9 / UTC-8),"west fork beaver creek, upstream of marathon road",Beaver Creek,STREAM,MAIN,TRUE,TRUE,TBD,FALSE
2022-09-20T22:15:00Z,11.977,beaver_creek_usgs_temp_3,60.65107,-151.09076,US/Alaska (UTC-9 / UTC-8),"west fork beaver creek, upstream of marathon road",Beaver Creek,STREAM,MAIN,TRUE,TRUE,TBD,FALSE
2022-09-20T22:30:00Z,11.929,beaver_creek_usgs_temp_3,60.65107,-151.09076,US/Alaska (UTC-9 / UTC-8),"west fork beaver creek, upstream of marathon road",Beaver Creek,STREAM,MAIN,TRUE,TRUE,TBD,FALSE
2022-09-20T22:45:00Z,11.832,beaver_creek_usgs_temp_3,60.65107,-151.09076,US/Alaska (UTC-9 / UTC-8),"west fork beaver creek, upstream of marathon road",Beaver Creek,STREAM,MAIN,TRUE,TRUE,TBD,FALSE
2022-09-20T23:00:00Z,11.783,beaver_creek_usgs_temp_3,60.65107,-151.09076,US/Alaska (UTC-9 / UTC-8),"west fork beaver creek, upstream of marathon road",Beaver Creek,STREAM,MAIN,TRUE,TRUE,TBD,FALSE
2022-09-20T23:15:00Z,11.686,beaver_creek_usgs_temp_3,60.65107,-151.09076,US/Alaska (UTC-9 / UTC-8),"west fork beaver creek, upstream of marathon road",Beaver Creek,STREAM,MAIN,TRUE,TRUE,TBD,FALSE
2022-09-20T23:30:00Z,11.637,beaver_creek_usgs_temp_3,60.65107,-151.09076,US/Alaska (UTC-9 / UTC-8),"west fork beaver creek, upstream of marathon road",Beaver Creek,STREAM,MAIN,TRUE,TRUE,TBD,FALSE
2022-09-20T23:45:00Z,11.54,beaver_creek_usgs_temp_3,60.65107,-151.09076,US/Alaska (UTC-9 / UTC-8),"west fork beaver creek, upstream of marathon road",Beaver Creek,STREAM,MAIN,TRUE,TRUE,TBD,FALSE
2022-09-21T00:00:00Z,11.467,beaver_creek_usgs_temp_3,60.65107,-151.09076,US/Alaska (UTC-9 / UTC-8),"west fork beaver creek, upstream of marathon road",Beaver Creek,STREAM,MAIN,TRUE,TRUE,TBD,FALSE
2022-09-21T00:15:00Z,11.394,beaver_creek_usgs_temp_3,60.65107,-151.09076,US/Alaska (UTC-9 / UTC-8),"west fork beaver creek, upstream of marathon road",Beaver Creek,STREAM,MAIN,TRUE,TRUE,TBD,FALSE
2022-09-21T00:30:00Z,11.321,beaver_creek_usgs_temp_3,60.65107,-151.09076,US/Alaska (UTC-9 / UTC-8),"west fork beaver creek, upstream of marathon road",Beaver Creek,STREAM,MAIN,TRUE,TRUE,TBD,FALSE
2022-09-21T00:45:00Z,11.248,beaver_creek_usgs_temp_3,60.65107,-151.09076,US/Alaska (UTC-9 / UTC-8),"west fork beaver creek, upstream of marathon road",Beaver Creek,STREAM,MAIN,TRUE,TRUE,TBD,FALSE
2022-09-21T01:00:00Z,11.151,beaver_creek_usgs_temp_3,60.65107,-151.09076,US/Alaska (UTC-9 / UTC-8),"west fork beaver creek, upstream of marathon road",Beaver Creek,STREAM,MAIN,TRUE,TRUE,TBD,FALSE
2022-09-21T01:15:00Z,11.078,beaver_creek_usgs_temp_3,60.65107,-151.09076,US/Alaska (UTC-9 / UTC-8),"west fork beaver creek, upstream of marathon road",Beaver Creek,STREAM,MAIN,TRUE,TRUE,TBD,FALSE
2022-09-21T01:30:00Z,11.005,beaver_creek_usgs_temp_3,60.65107,-151.09076,US/Alaska (UTC-9 / UTC-8),"west fork beaver creek, upstream of marathon road",Beaver Creek,STREAM,MAIN,TRUE,TRUE,TBD,FALSE
2022-09-21T01:45:00Z,10.907,beaver_creek_usgs_temp_3,60.65107,-151.09076,US/Alaska (UTC-9 / UTC-8),"west fork beaver creek, upstream of marathon road",Beaver Creek,STREAM,MAIN,TRUE,TRUE,TBD,FALSE
2022-09-21T02:00:00Z,10.81,beaver_creek_usgs_temp_3,60.65107,-151.09076,US/Alaska (UTC-9 / UTC-8),"west fork beaver creek, upstream of marathon road",Beaver Creek,STREAM,MAIN,TRUE,TRUE,TBD,FALSE
2022-09-21T02:15:00Z,10.736,beaver_creek_usgs_temp_3,60.65107,-151.09076,US/Alaska (UTC-9 / UTC-8),"west fork beaver creek, upstream of marathon road",Beaver Creek,STREAM,MAIN,TRUE,TRUE,TBD,FALSE
2022-09-21T02:30:00Z,10.663,beaver_creek_usgs_temp_3,60.65107,-151.09076,US/Alaska (UTC-9 / UTC-8),"west fork beaver creek, upstream of marathon road",Beaver Creek,STREAM,MAIN,TRUE,TRUE,TBD,FALSE
2022-09-21T02:45:00Z,10.565,beaver_creek_usgs_temp_3,60.65107,-151.09076,US/Alaska (UTC-9 / UTC-8),"west fork beaver creek, upstream of marathon road",Beaver Creek,STREAM,MAIN,TRUE,TRUE,TBD,FALSE
2022-09-21T03:00:00Z,10.467,beaver_creek_usgs_temp_3,60.65107,-151.09076,US/Alaska (UTC-9 / UTC-8),"west fork beaver creek, upstream of marathon road",Beaver Creek,STREAM,MAIN,TRUE,TRUE,TBD,FALSE
2022-09-21T03:15:00Z,10.394,beaver_creek_usgs_temp_3,60.65107,-151.09076,US/Alaska (UTC-9 / UTC-8),"west fork beaver creek, upstream of marathon road",Beaver Creek,STREAM,MAIN,TRUE,TRUE,TBD,FALSE
2022-09-21T03:30:00Z,10.32,beaver_creek_usgs_temp_3,60.65107,-151.09076,US/Alaska (UTC-9 / UTC-8),"west fork beaver creek, upstream of marathon road",Beaver Creek,STREAM,MAIN,TRUE,TRUE,TBD,FALSE
2022-09-21T03:45:00Z,10.247,beaver_creek_usgs_temp_3,60.65107,-151.09076,US/Alaska (UTC-9 / UTC-8),"west fork beaver creek, upstream of marathon road",Beaver Creek,STREAM,MAIN,TRUE,TRUE,TBD,FALSE
2022-09-21T04:00:00Z,10.173,beaver_creek_usgs_temp_3,60.65107,-151.09076,US/Alaska (UTC-9 / UTC-8),"west fork beaver creek, upstream of marathon road",Beaver Creek,STREAM,MAIN,TRUE,TRUE,TBD,FALSE
2022-09-21T04:15:00Z,10.124,beaver_creek_usgs_temp_3,60.65107,-151.09076,US/Alaska (UTC-9 / UTC-8),"west fork beaver creek, upstream of marathon road",Beaver Creek,STREAM,MAIN,TRUE,TRUE,TBD,FALSE
2022-09-21T04:30:00Z,10.026,beaver_creek_usgs_temp_3,60.65107,-151.09076,US/Alaska (UTC-9 / UTC-8),"west fork beaver creek, upstream of marathon road",Beaver Creek,STREAM,MAIN,TRUE,TRUE,TBD,FALSE
2022-09-21T04:45:00Z,9.977,beaver_creek_usgs_temp_3,60.65107,-151.09076,US/Alaska (UTC-9 / UTC-8),"west fork beaver creek, upstream of marathon road",Beaver Creek,STREAM,MAIN,TRUE,TRUE,TBD,FALSE
2022-09-21T05:00:00Z,9.879,beaver_creek_usgs_temp_3,60.65107,-151.09076,US/Alaska (UTC-9 / UTC-8),"west fork beaver creek, upstream of marathon road",Beaver Creek,STREAM,MAIN,TRUE,TRUE,TBD,FALSE
2022-09-21T05:15:00Z,9.829,beaver_creek_usgs_temp_3,60.65107,-151.09076,US/Alaska (UTC-9 / UTC-8),"west fork beaver creek, upstream of marathon road",Beaver Creek,STREAM,MAIN,TRUE,TRUE,TBD,FALSE
2022-09-21T05:30:00Z,9.756,beaver_creek_usgs_temp_3,60.65107,-151.09076,US/Alaska (UTC-9 / UTC-8),"west fork beaver creek, upstream of marathon road",Beaver Creek,STREAM,MAIN,TRUE,TRUE,TBD,FALSE
2022-09-21T05:45:00Z,9.682,beaver_creek_usgs_temp_3,60.65107,-151.09076,US/Alaska (UTC-9 / UTC-8),"west fork beaver creek, upstream of marathon road",Beaver Creek,STREAM,MAIN,TRUE,TRUE,TBD,FALSE
2022-09-21T06:00:00Z,9.632,beaver_creek_usgs_temp_3,60.65107,-151.09076,US/Alaska (UTC-9 / UTC-8),"west fork beaver creek, upstream of marathon road",Beaver Creek,STREAM,MAIN,TRUE,TRUE,TBD,FALSE
2022-09-21T06:15:00Z,9.558,beaver_creek_usgs_temp_3,60.65107,-151.09076,US/Alaska (UTC-9 / UTC-8),"west fork beaver creek, upstream of marathon road",Beaver Creek,STREAM,MAIN,TRUE,TRUE,TBD,FALSE
2022-09-21T06:30:00Z,9.485,beaver_creek_usgs_temp_3,60.65107,-151.09076,US/Alaska (UTC-9 / UTC-8),"west fork beaver creek, upstream of marathon road",Beaver Creek,STREAM,MAIN,TRUE,TRUE,TBD,FALSE
2022-09-21T06:45:00Z,9.435,beaver_creek_usgs_temp_3,60.65107,-151.09076,US/Alaska (UTC-9 / UTC-8),"west fork beaver creek, upstream of marathon road",Beaver Creek,STREAM,MAIN,TRUE,TRUE,TBD,FALSE
2022-09-21T07:00:00Z,9.336,beaver_creek_usgs_temp_3,60.65107,-151.09076,US/Alaska (UTC-9 / UTC-8),"west fork beaver creek, upstream of marathon road",Beaver Creek,STREAM,MAIN,TRUE,TRUE,TBD,FALSE
2022-09-21T07:15:00Z,9.262,beaver_creek_usgs_temp_3,60.65107,-151.09076,US/Alaska (UTC-9 / UTC-8),"west fork beaver creek, upstream of marathon road",Beaver Creek,STREAM,MAIN,TRUE,TRUE,TBD,FALSE
2022-09-21T07:30:00Z,9.188,beaver_creek_usgs_temp_3,60.65107,-151.09076,US/Alaska (UTC-9 / UTC-8),"west fork beaver creek, upstream of marathon road",Beaver Creek,STREAM,MAIN,TRUE,TRUE,TBD,FALSE
2022-09-21T07:45:00Z,9.114,beaver_creek_usgs_temp_3,60.65107,-151.09076,US/Alaska (UTC-9 / UTC-8),"west fork beaver creek, upstream of marathon road",Beaver Creek,STREAM,MAIN,TRUE,TRUE,TBD,FALSE
2022-09-21T08:00:00Z,9.015,beaver_creek_usgs_temp_3,60.65107,-151.09076,US/Alaska (UTC-9 / UTC-8),"west fork beaver creek, upstream of marathon road",Beaver Creek,STREAM,MAIN,TRUE,TRUE,TBD,FALSE
2022-09-21T08:15:00Z,8.941,beaver_creek_usgs_temp_3,60.65107,-151.09076,US/Alaska (UTC-9 / UTC-8),"west fork beaver creek, upstream of marathon road",Beaver Creek,STREAM,MAIN,TRUE,TRUE,TBD,FALSE
2022-09-21T08:30:00Z,8.841,beaver_creek_usgs_temp_3,60.65107,-151.09076,US/Alaska (UTC-9 / UTC-8),"west fork beaver creek, upstream of marathon road",Beaver Creek,STREAM,MAIN,TRUE,TRUE,TBD,FALSE
2022-09-21T08:45:00Z,8.767,beaver_creek_usgs_temp_3,60.65107,-151.09076,US/Alaska (UTC-9 / UTC-8),"west fork beaver creek, upstream of marathon road",Beaver Creek,STREAM,MAIN,TRUE,TRUE,TBD,FALSE
2022-09-21T09:00:00Z,8.693,beaver_creek_usgs_temp_3,60.65107,-151.09076,US/Alaska (UTC-9 / UTC-8),"west fork beaver creek, upstream of marathon road",Beaver Creek,STREAM,MAIN,TRUE,TRUE,TBD,FALSE
2022-09-21T09:15:00Z,8.618,beaver_creek_usgs_temp_3,60.65107,-151.09076,US/Alaska (UTC-9 / UTC-8),"west fork beaver creek, upstream of marathon road",Beaver Creek,STREAM,MAIN,TRUE,TRUE,TBD,FALSE
2022-09-21T09:30:00Z,8.568,beaver_creek_usgs_temp_3,60.65107,-151.09076,US/Alaska (UTC-9 / UTC-8),"west fork beaver creek, upstream of marathon road",Beaver Creek,STREAM,MAIN,TRUE,TRUE,TBD,FALSE
2022-09-21T09:45:00Z,8.494,beaver_creek_usgs_temp_3,60.65107,-151.09076,US/Alaska (UTC-9 / UTC-8),"west fork beaver creek, upstream of marathon road",Beaver Creek,STREAM,MAIN,TRUE,TRUE,TBD,FALSE
2022-09-21T10:00:00Z,8.469,beaver_creek_usgs_temp_3,60.65107,-151.09076,US/Alaska (UTC-9 / UTC-8),"west fork beaver creek, upstream of marathon road",Beaver Creek,STREAM,MAIN,TRUE,TRUE,TBD,FALSE
2022-09-21T10:15:00Z,8.469,beaver_creek_usgs_temp_3,60.65107,-151.09076,US/Alaska (UTC-9 / UTC-8),"west fork beaver creek, upstream of marathon road",Beaver Creek,STREAM,MAIN,TRUE,TRUE,TBD,FALSE
2022-09-21T10:30:00Z,8.469,beaver_creek_usgs_temp_3,60.65107,-151.09076,US/Alaska (UTC-9 / UTC-8),"west fork beaver creek, upstream of marathon road",Beaver Creek,STREAM,MAIN,TRUE,TRUE,TBD,FALSE
2022-09-21T10:45:00Z,8.494,beaver_creek_usgs_temp_3,60.65107,-151.09076,US/Alaska (UTC-9 / UTC-8),"west fork beaver creek, upstream of marathon road",Beaver Creek,STREAM,MAIN,TRUE,TRUE,TBD,FALSE
2022-09-21T11:00:00Z,8.519,beaver_creek_usgs_temp_3,60.65107,-151.09076,US/Alaska (UTC-9 / UTC-8),"west fork beaver creek, upstream of marathon road",Beaver Creek,STREAM,MAIN,TRUE,TRUE,TBD,FALSE
2022-09-21T11:15:00Z,8.593,beaver_creek_usgs_temp_3,60.65107,-151.09076,US/Alaska (UTC-9 / UTC-8),"west fork beaver creek, upstream of marathon road",Beaver Creek,STREAM,MAIN,TRUE,TRUE,TBD,FALSE
2022-09-21T11:30:00Z,8.643,beaver_creek_usgs_temp_3,60.65107,-151.09076,US/Alaska (UTC-9 / UTC-8),"west fork beaver creek, upstream of marathon road",Beaver Creek,STREAM,MAIN,TRUE,TRUE,TBD,FALSE
2022-09-21T11:45:00Z,8.643,beaver_creek_usgs_temp_3,60.65107,-151.09076,US/Alaska (UTC-9 / UTC-8),"west fork beaver creek, upstream of marathon road",Beaver Creek,STREAM,MAIN,TRUE,TRUE,TBD,FALSE
2022-09-21T12:00:00Z,8.693,beaver_creek_usgs_temp_3,60.65107,-151.09076,US/Alaska (UTC-9 / UTC-8),"west fork beaver creek, upstream of marathon road",Beaver Creek,STREAM,MAIN,TRUE,TRUE,TBD,FALSE
2022-09-21T12:15:00Z,8.742,beaver_creek_usgs_temp_3,60.65107,-151.09076,US/Alaska (UTC-9 / UTC-8),"west fork beaver creek, upstream of marathon road",Beaver Creek,STREAM,MAIN,TRUE,TRUE,TBD,FALSE
2022-09-21T12:30:00Z,8.817,beaver_creek_usgs_temp_3,60.65107,-151.09076,US/Alaska (UTC-9 / UTC-8),"west fork beaver creek, upstream of marathon road",Beaver Creek,STREAM,MAIN,TRUE,TRUE,TBD,FALSE
2022-09-21T12:45:00Z,8.891,beaver_creek_usgs_temp_3,60.65107,-151.09076,US/Alaska (UTC-9 / UTC-8),"west fork beaver creek, upstream of marathon road",Beaver Creek,STREAM,MAIN,TRUE,TRUE,TBD,FALSE
2022-09-21T13:00:00Z,8.941,beaver_creek_usgs_temp_3,60.65107,-151.09076,US/Alaska (UTC-9 / UTC-8),"west fork beaver creek, upstream of marathon road",Beaver Creek,STREAM,MAIN,TRUE,TRUE,TBD,FALSE
2022-09-21T13:15:00Z,9.04,beaver_creek_usgs_temp_3,60.65107,-151.09076,US/Alaska (UTC-9 / UTC-8),"west fork beaver creek, upstream of marathon road",Beaver Creek,STREAM,MAIN,TRUE,TRUE,TBD,FALSE
2022-09-21T13:30:00Z,9.114,beaver_creek_usgs_temp_3,60.65107,-151.09076,US/Alaska (UTC-9 / UTC-8),"west fork beaver creek, upstream of marathon road",Beaver Creek,STREAM,MAIN,TRUE,TRUE,TBD,FALSE
2022-09-21T13:45:00Z,9.213,beaver_creek_usgs_temp_3,60.65107,-151.09076,US/Alaska (UTC-9 / UTC-8),"west fork beaver creek, upstream of marathon road",Beaver Creek,STREAM,MAIN,TRUE,TRUE,TBD,FALSE
2022-09-21T14:00:00Z,9.312,beaver_creek_usgs_temp_3,60.65107,-151.09076,US/Alaska (UTC-9 / UTC-8),"west fork beaver creek, upstream of marathon road",Beaver Creek,STREAM,MAIN,TRUE,TRUE,TBD,FALSE
2022-09-21T14:15:00Z,9.41,beaver_creek_usgs_temp_3,60.65107,-151.09076,US/Alaska (UTC-9 / UTC-8),"west fork beaver creek, upstream of marathon road",Beaver Creek,STREAM,MAIN,TRUE,TRUE,TBD,FALSE
2022-09-21T14:30:00Z,9.509,beaver_creek_usgs_temp_3,60.65107,-151.09076,US/Alaska (UTC-9 / UTC-8),"west fork beaver creek, upstream of marathon road",Beaver Creek,STREAM,MAIN,TRUE,TRUE,TBD,FALSE
2022-09-21T14:45:00Z,9.657,beaver_creek_usgs_temp_3,60.65107,-151.09076,US/Alaska (UTC-9 / UTC-8),"west fork beaver creek, upstream of marathon road",Beaver Creek,STREAM,MAIN,TRUE,TRUE,TBD,FALSE
2022-09-21T15:00:00Z,9.731,beaver_creek_usgs_temp_3,60.65107,-151.09076,US/Alaska (UTC-9 / UTC-8),"west fork beaver creek, upstream of marathon road",Beaver Creek,STREAM,MAIN,TRUE,TRUE,TBD,FALSE
2022-09-21T15:15:00Z,9.829,beaver_creek_usgs_temp_3,60.65107,-151.09076,US/Alaska (UTC-9 / UTC-8),"west fork beaver creek, upstream of marathon road",Beaver Creek,STREAM,MAIN,TRUE,TRUE,TBD,FALSE
2022-09-21T15:30:00Z,9.952,beaver_creek_usgs_temp_3,60.65107,-151.09076,US/Alaska (UTC-9 / UTC-8),"west fork beaver creek, upstream of marathon road",Beaver Creek,STREAM,MAIN,TRUE,TRUE,TBD,FALSE
2022-09-21T15:45:00Z,10.075,beaver_creek_usgs_temp_3,60.65107,-151.09076,US/Alaska (UTC-9 / UTC-8),"west fork beaver creek, upstream of marathon road",Beaver Creek,STREAM,MAIN,TRUE,TRUE,TBD,FALSE
2022-09-21T16:00:00Z,10.198,beaver_creek_usgs_temp_3,60.65107,-151.09076,US/Alaska (UTC-9 / UTC-8),"west fork beaver creek, upstream of marathon road",Beaver Creek,STREAM,MAIN,TRUE,TRUE,TBD,FALSE
2022-09-21T16:15:00Z,10.32,beaver_creek_usgs_temp_3,60.65107,-151.09076,US/Alaska (UTC-9 / UTC-8),"west fork beaver creek, upstream of marathon road",Beaver Creek,STREAM,MAIN,TRUE,TRUE,TBD,FALSE
2022-09-21T16:30:00Z,10.369,beaver_creek_usgs_temp_3,60.65107,-151.09076,US/Alaska (UTC-9 / UTC-8),"west fork beaver creek, upstream of marathon road",Beaver Creek,STREAM,MAIN,TRUE,TRUE,TBD,FALSE
2022-09-21T16:45:00Z,10.418,beaver_creek_usgs_temp_3,60.65107,-151.09076,US/Alaska (UTC-9 / UTC-8),"west fork beaver creek, upstream of marathon road",Beaver Creek,STREAM,MAIN,TRUE,TRUE,TBD,FALSE
2022-09-21T17:00:00Z,10.516,beaver_creek_usgs_temp_3,60.65107,-151.09076,US/Alaska (UTC-9 / UTC-8),"west fork beaver creek, upstream of marathon road",Beaver Creek,STREAM,MAIN,TRUE,TRUE,TBD,FALSE
2022-09-21T17:15:00Z,10.59,beaver_creek_usgs_temp_3,60.65107,-151.09076,US/Alaska (UTC-9 / UTC-8),"west fork beaver creek, upstream of marathon road",Beaver Creek,STREAM,MAIN,TRUE,TRUE,TBD,FALSE
2022-09-21T17:30:00Z,10.687,beaver_creek_usgs_temp_3,60.65107,-151.09076,US/Alaska (UTC-9 / UTC-8),"west fork beaver creek, upstream of marathon road",Beaver Creek,STREAM,MAIN,TRUE,TRUE,TBD,FALSE
2022-09-21T17:45:00Z,10.761,beaver_creek_usgs_temp_3,60.65107,-151.09076,US/Alaska (UTC-9 / UTC-8),"west fork beaver creek, upstream of marathon road",Beaver Creek,STREAM,MAIN,TRUE,TRUE,TBD,FALSE
2022-09-21T18:00:00Z,10.834,beaver_creek_usgs_temp_3,60.65107,-151.09076,US/Alaska (UTC-9 / UTC-8),"west fork beaver creek, upstream of marathon road",Beaver Creek,STREAM,MAIN,TRUE,TRUE,TBD,FALSE
2022-09-21T18:15:00Z,10.907,beaver_creek_usgs_temp_3,60.65107,-151.09076,US/Alaska (UTC-9 / UTC-8),"west fork beaver creek, upstream of marathon road",Beaver Creek,STREAM,MAIN,TRUE,TRUE,TBD,FALSE
2022-09-21T18:30:00Z,10.956,beaver_creek_usgs_temp_3,60.65107,-151.09076,US/Alaska (UTC-9 / UTC-8),"west fork beaver creek, upstream of marathon road",Beaver Creek,STREAM,MAIN,TRUE,TRUE,TBD,FALSE
2022-09-21T18:45:00Z,10.956,beaver_creek_usgs_temp_3,60.65107,-151.09076,US/Alaska (UTC-9 / UTC-8),"west fork beaver creek, upstream of marathon road",Beaver Creek,STREAM,MAIN,TRUE,TRUE,TBD,FALSE
2022-09-21T19:00:00Z,10.956,beaver_creek_usgs_temp_3,60.65107,-151.09076,US/Alaska (UTC-9 / UTC-8),"west fork beaver creek, upstream of marathon road",Beaver Creek,STREAM,MAIN,TRUE,TRUE,TBD,FALSE
2022-09-21T19:15:00Z,10.956,beaver_creek_usgs_temp_3,60.65107,-151.09076,US/Alaska (UTC-9 / UTC-8),"west fork beaver creek, upstream of marathon road",Beaver Creek,STREAM,MAIN,TRUE,TRUE,TBD,FALSE
2022-09-21T19:30:00Z,10.932,beaver_creek_usgs_temp_3,60.65107,-151.09076,US/Alaska (UTC-9 / UTC-8),"west fork beaver creek, upstream of marathon road",Beaver Creek,STREAM,MAIN,TRUE,TRUE,TBD,FALSE
2022-09-21T19:45:00Z,10.907,beaver_creek_usgs_temp_3,60.65107,-151.09076,US/Alaska (UTC-9 / UTC-8),"west fork beaver creek, upstream of marathon road",Beaver Creek,STREAM,MAIN,TRUE,TRUE,TBD,FALSE
2022-09-21T20:00:00Z,10.883,beaver_creek_usgs_temp_3,60.65107,-151.09076,US/Alaska (UTC-9 / UTC-8),"west fork beaver creek, upstream of marathon road",Beaver Creek,STREAM,MAIN,TRUE,TRUE,TBD,FALSE
2022-09-21T20:15:00Z,10.858,beaver_creek_usgs_temp_3,60.65107,-151.09076,US/Alaska (UTC-9 / UTC-8),"west fork beaver creek, upstream of marathon road",Beaver Creek,STREAM,MAIN,TRUE,TRUE,TBD,FALSE
2022-09-21T20:30:00Z,10.834,beaver_creek_usgs_temp_3,60.65107,-151.09076,US/Alaska (UTC-9 / UTC-8),"west fork beaver creek, upstream of marathon road",Beaver Creek,STREAM,MAIN,TRUE,TRUE,TBD,FALSE
2022-09-21T20:45:00Z,10.81,beaver_creek_usgs_temp_3,60.65107,-151.09076,US/Alaska (UTC-9 / UTC-8),"west fork beaver creek, upstream of marathon road",Beaver Creek,STREAM,MAIN,TRUE,TRUE,TBD,FALSE
2022-09-21T21:00:00Z,10.761,beaver_creek_usgs_temp_3,60.65107,-151.09076,US/Alaska (UTC-9 / UTC-8),"west fork beaver creek, upstream of marathon road",Beaver Creek,STREAM,MAIN,TRUE,TRUE,TBD,FALSE
2022-09-21T21:15:00Z,10.712,beaver_creek_usgs_temp_3,60.65107,-151.09076,US/Alaska (UTC-9 / UTC-8),"west fork beaver creek, upstream of marathon road",Beaver Creek,STREAM,MAIN,TRUE,TRUE,TBD,FALSE
2022-09-21T21:30:00Z,10.663,beaver_creek_usgs_temp_3,60.65107,-151.09076,US/Alaska (UTC-9 / UTC-8),"west fork beaver creek, upstream of marathon road",Beaver Creek,STREAM,MAIN,TRUE,TRUE,TBD,FALSE
2022-09-21T21:45:00Z,10.614,beaver_creek_usgs_temp_3,60.65107,-151.09076,US/Alaska (UTC-9 / UTC-8),"west fork beaver creek, upstream of marathon road",Beaver Creek,STREAM,MAIN,TRUE,TRUE,TBD,FALSE
2022-09-21T22:00:00Z,10.565,beaver_creek_usgs_temp_3,60.65107,-151.09076,US/Alaska (UTC-9 / UTC-8),"west fork beaver creek, upstream of marathon road",Beaver Creek,STREAM,MAIN,TRUE,TRUE,TBD,FALSE
2022-09-21T22:15:00Z,10.516,beaver_creek_usgs_temp_3,60.65107,-151.09076,US/Alaska (UTC-9 / UTC-8),"west fork beaver creek, upstream of marathon road",Beaver Creek,STREAM,MAIN,TRUE,TRUE,TBD,FALSE
2022-09-21T22:30:00Z,10.467,beaver_creek_usgs_temp_3,60.65107,-151.09076,US/Alaska (UTC-9 / UTC-8),"west fork beaver creek, upstream of marathon road",Beaver Creek,STREAM,MAIN,TRUE,TRUE,TBD,FALSE
2022-09-21T22:45:00Z,10.418,beaver_creek_usgs_temp_3,60.65107,-151.09076,US/Alaska (UTC-9 / UTC-8),"west fork beaver creek, upstream of marathon road",Beaver Creek,STREAM,MAIN,TRUE,TRUE,TBD,FALSE
2022-09-21T23:00:00Z,10.345,beaver_creek_usgs_temp_3,60.65107,-151.09076,US/Alaska (UTC-9 / UTC-8),"west fork beaver creek, upstream of marathon road",Beaver Creek,STREAM,MAIN,TRUE,TRUE,TBD,FALSE
2022-09-21T23:15:00Z,10.296,beaver_creek_usgs_temp_3,60.65107,-151.09076,US/Alaska (UTC-9 / UTC-8),"west fork beaver creek, upstream of marathon road",Beaver Creek,STREAM,MAIN,TRUE,TRUE,TBD,FALSE
2022-09-21T23:30:00Z,10.247,beaver_creek_usgs_temp_3,60.65107,-151.09076,US/Alaska (UTC-9 / UTC-8),"west fork beaver creek, upstream of marathon road",Beaver Creek,STREAM,MAIN,TRUE,TRUE,TBD,FALSE
2022-09-21T23:45:00Z,10.198,beaver_creek_usgs_temp_3,60.65107,-151.09076,US/Alaska (UTC-9 / UTC-8),"west fork beaver creek, upstream of marathon road",Beaver Creek,STREAM,MAIN,TRUE,TRUE,TBD,FALSE
2022-09-22T00:00:00Z,10.124,beaver_creek_usgs_temp_3,60.65107,-151.09076,US/Alaska (UTC-9 / UTC-8),"west fork beaver creek, upstream of marathon road",Beaver Creek,STREAM,MAIN,TRUE,TRUE,TBD,FALSE
2022-09-22T00:15:00Z,10.075,beaver_creek_usgs_temp_3,60.65107,-151.09076,US/Alaska (UTC-9 / UTC-8),"west fork beaver creek, upstream of marathon road",Beaver Creek,STREAM,MAIN,TRUE,TRUE,TBD,FALSE
2022-09-22T00:30:00Z,10.026,beaver_creek_usgs_temp_3,60.65107,-151.09076,US/Alaska (UTC-9 / UTC-8),"west fork beaver creek, upstream of marathon road",Beaver Creek,STREAM,MAIN,TRUE,TRUE,TBD,FALSE
2022-09-22T00:45:00Z,9.977,beaver_creek_usgs_temp_3,60.65107,-151.09076,US/Alaska (UTC-9 / UTC-8),"west fork beaver creek, upstream of marathon road",Beaver Creek,STREAM,MAIN,TRUE,TRUE,TBD,FALSE
2022-09-22T01:00:00Z,9.928,beaver_creek_usgs_temp_3,60.65107,-151.09076,US/Alaska (UTC-9 / UTC-8),"west fork beaver creek, upstream of marathon road",Beaver Creek,STREAM,MAIN,TRUE,TRUE,TBD,FALSE
2022-09-22T01:15:00Z,9.879,beaver_creek_usgs_temp_3,60.65107,-151.09076,US/Alaska (UTC-9 / UTC-8),"west fork beaver creek, upstream of marathon road",Beaver Creek,STREAM,MAIN,TRUE,TRUE,TBD,FALSE
2022-09-22T01:30:00Z,9.829,beaver_creek_usgs_temp_3,60.65107,-151.09076,US/Alaska (UTC-9 / UTC-8),"west fork beaver creek, upstream of marathon road",Beaver Creek,STREAM,MAIN,TRUE,TRUE,TBD,FALSE
2022-09-22T01:45:00Z,9.756,beaver_creek_usgs_temp_3,60.65107,-151.09076,US/Alaska (UTC-9 / UTC-8),"west fork beaver creek, upstream of marathon road",Beaver Creek,STREAM,MAIN,TRUE,TRUE,TBD,FALSE
2022-09-22T02:00:00Z,9.706,beaver_creek_usgs_temp_3,60.65107,-151.09076,US/Alaska (UTC-9 / UTC-8),"west fork beaver creek, upstream of marathon road",Beaver Creek,STREAM,MAIN,TRUE,TRUE,TBD,FALSE
2022-09-22T02:15:00Z,9.632,beaver_creek_usgs_temp_3,60.65107,-151.09076,US/Alaska (UTC-9 / UTC-8),"west fork beaver creek, upstream of marathon road",Beaver Creek,STREAM,MAIN,TRUE,TRUE,TBD,FALSE
2022-09-22T02:30:00Z,9.558,beaver_creek_usgs_temp_3,60.65107,-151.09076,US/Alaska (UTC-9 / UTC-8),"west fork beaver creek, upstream of marathon road",Beaver Creek,STREAM,MAIN,TRUE,TRUE,TBD,FALSE
2022-09-22T02:45:00Z,9.509,beaver_creek_usgs_temp_3,60.65107,-151.09076,US/Alaska (UTC-9 / UTC-8),"west fork beaver creek, upstream of marathon road",Beaver Creek,STREAM,MAIN,TRUE,TRUE,TBD,FALSE
2022-09-22T03:00:00Z,9.46,beaver_creek_usgs_temp_3,60.65107,-151.09076,US/Alaska (UTC-9 / UTC-8),"west fork beaver creek, upstream of marathon road",Beaver Creek,STREAM,MAIN,TRUE,TRUE,TBD,FALSE
2022-09-22T03:15:00Z,9.41,beaver_creek_usgs_temp_3,60.65107,-151.09076,US/Alaska (UTC-9 / UTC-8),"west fork beaver creek, upstream of marathon road",Beaver Creek,STREAM,MAIN,TRUE,TRUE,TBD,FALSE
2022-09-22T03:30:00Z,9.336,beaver_creek_usgs_temp_3,60.65107,-151.09076,US/Alaska (UTC-9 / UTC-8),"west fork beaver creek, upstream of marathon road",Beaver Creek,STREAM,MAIN,TRUE,TRUE,TBD,FALSE
2022-09-22T03:45:00Z,9.287,beaver_creek_usgs_temp_3,60.65107,-151.09076,US/Alaska (UTC-9 / UTC-8),"west fork beaver creek, upstream of marathon road",Beaver Creek,STREAM,MAIN,TRUE,TRUE,TBD,FALSE
2022-09-22T04:00:00Z,9.238,beaver_creek_usgs_temp_3,60.65107,-151.09076,US/Alaska (UTC-9 / UTC-8),"west fork beaver creek, upstream of marathon road",Beaver Creek,STREAM,MAIN,TRUE,TRUE,TBD,FALSE
2022-09-22T04:15:00Z,9.163,beaver_creek_usgs_temp_3,60.65107,-151.09076,US/Alaska (UTC-9 / UTC-8),"west fork beaver creek, upstream of marathon road",Beaver Creek,STREAM,MAIN,TRUE,TRUE,TBD,FALSE
2022-09-22T04:30:00Z,9.114,beaver_creek_usgs_temp_3,60.65107,-151.09076,US/Alaska (UTC-9 / UTC-8),"west fork beaver creek, upstream of marathon road",Beaver Creek,STREAM,MAIN,TRUE,TRUE,TBD,FALSE
2022-09-22T04:45:00Z,9.04,beaver_creek_usgs_temp_3,60.65107,-151.09076,US/Alaska (UTC-9 / UTC-8),"west fork beaver creek, upstream of marathon road",Beaver Creek,STREAM,MAIN,TRUE,TRUE,TBD,FALSE
2022-09-22T05:00:00Z,8.965,beaver_creek_usgs_temp_3,60.65107,-151.09076,US/Alaska (UTC-9 / UTC-8),"west fork beaver creek, upstream of marathon road",Beaver Creek,STREAM,MAIN,TRUE,TRUE,TBD,FALSE
2022-09-22T05:15:00Z,8.891,beaver_creek_usgs_temp_3,60.65107,-151.09076,US/Alaska (UTC-9 / UTC-8),"west fork beaver creek, upstream of marathon road",Beaver Creek,STREAM,MAIN,TRUE,TRUE,TBD,FALSE
2022-09-22T05:30:00Z,8.841,beaver_creek_usgs_temp_3,60.65107,-151.09076,US/Alaska (UTC-9 / UTC-8),"west fork beaver creek, upstream of marathon road",Beaver Creek,STREAM,MAIN,TRUE,TRUE,TBD,FALSE
2022-09-22T05:45:00Z,8.767,beaver_creek_usgs_temp_3,60.65107,-151.09076,US/Alaska (UTC-9 / UTC-8),"west fork beaver creek, upstream of marathon road",Beaver Creek,STREAM,MAIN,TRUE,TRUE,TBD,FALSE
2022-09-22T06:00:00Z,8.693,beaver_creek_usgs_temp_3,60.65107,-151.09076,US/Alaska (UTC-9 / UTC-8),"west fork beaver creek, upstream of marathon road",Beaver Creek,STREAM,MAIN,TRUE,TRUE,TBD,FALSE
2022-09-22T06:15:00Z,8.618,beaver_creek_usgs_temp_3,60.65107,-151.09076,US/Alaska (UTC-9 / UTC-8),"west fork beaver creek, upstream of marathon road",Beaver Creek,STREAM,MAIN,TRUE,TRUE,TBD,FALSE
2022-09-22T06:30:00Z,8.543,beaver_creek_usgs_temp_3,60.65107,-151.09076,US/Alaska (UTC-9 / UTC-8),"west fork beaver creek, upstream of marathon road",Beaver Creek,STREAM,MAIN,TRUE,TRUE,TBD,FALSE
2022-09-22T06:45:00Z,8.494,beaver_creek_usgs_temp_3,60.65107,-151.09076,US/Alaska (UTC-9 / UTC-8),"west fork beaver creek, upstream of marathon road",Beaver Creek,STREAM,MAIN,TRUE,TRUE,TBD,FALSE
2022-09-22T07:00:00Z,8.444,beaver_creek_usgs_temp_3,60.65107,-151.09076,US/Alaska (UTC-9 / UTC-8),"west fork beaver creek, upstream of marathon road",Beaver Creek,STREAM,MAIN,TRUE,TRUE,TBD,FALSE
2022-09-22T07:15:00Z,8.369,beaver_creek_usgs_temp_3,60.65107,-151.09076,US/Alaska (UTC-9 / UTC-8),"west fork beaver creek, upstream of marathon road",Beaver Creek,STREAM,MAIN,TRUE,TRUE,TBD,FALSE
2022-09-22T07:30:00Z,8.295,beaver_creek_usgs_temp_3,60.65107,-151.09076,US/Alaska (UTC-9 / UTC-8),"west fork beaver creek, upstream of marathon road",Beaver Creek,STREAM,MAIN,TRUE,TRUE,TBD,FALSE
2022-09-22T07:45:00Z,8.22,beaver_creek_usgs_temp_3,60.65107,-151.09076,US/Alaska (UTC-9 / UTC-8),"west fork beaver creek, upstream of marathon road",Beaver Creek,STREAM,MAIN,TRUE,TRUE,TBD,FALSE
2022-09-22T08:00:00Z,8.145,beaver_creek_usgs_temp_3,60.65107,-151.09076,US/Alaska (UTC-9 / UTC-8),"west fork beaver creek, upstream of marathon road",Beaver Creek,STREAM,MAIN,TRUE,TRUE,TBD,FALSE
2022-09-22T08:15:00Z,8.095,beaver_creek_usgs_temp_3,60.65107,-151.09076,US/Alaska (UTC-9 / UTC-8),"west fork beaver creek, upstream of marathon road",Beaver Creek,STREAM,MAIN,TRUE,TRUE,TBD,FALSE
2022-09-22T08:30:00Z,8.045,beaver_creek_usgs_temp_3,60.65107,-151.09076,US/Alaska (UTC-9 / UTC-8),"west fork beaver creek, upstream of marathon road",Beaver Creek,STREAM,MAIN,TRUE,TRUE,TBD,FALSE
2022-09-22T08:45:00Z,8.02,beaver_creek_usgs_temp_3,60.65107,-151.09076,US/Alaska (UTC-9 / UTC-8),"west fork beaver creek, upstream of marathon road",Beaver Creek,STREAM,MAIN,TRUE,TRUE,TBD,FALSE
2022-09-22T09:00:00Z,7.97,beaver_creek_usgs_temp_3,60.65107,-151.09076,US/Alaska (UTC-9 / UTC-8),"west fork beaver creek, upstream of marathon road",Beaver Creek,STREAM,MAIN,TRUE,TRUE,TBD,FALSE
2022-09-22T09:15:00Z,7.945,beaver_creek_usgs_temp_3,60.65107,-151.09076,US/Alaska (UTC-9 / UTC-8),"west fork beaver creek, upstream of marathon road",Beaver Creek,STREAM,MAIN,TRUE,TRUE,TBD,FALSE
2022-09-22T09:30:00Z,7.945,beaver_creek_usgs_temp_3,60.65107,-151.09076,US/Alaska (UTC-9 / UTC-8),"west fork beaver creek, upstream of marathon road",Beaver Creek,STREAM,MAIN,TRUE,TRUE,TBD,FALSE
2022-09-22T09:45:00Z,7.92,beaver_creek_usgs_temp_3,60.65107,-151.09076,US/Alaska (UTC-9 / UTC-8),"west fork beaver creek, upstream of marathon road",Beaver Creek,STREAM,MAIN,TRUE,TRUE,TBD,FALSE
2022-09-22T10:00:00Z,7.92,beaver_creek_usgs_temp_3,60.65107,-151.09076,US/Alaska (UTC-9 / UTC-8),"west fork beaver creek, upstream of marathon road",Beaver Creek,STREAM,MAIN,TRUE,TRUE,TBD,FALSE
2022-09-22T10:15:00Z,7.945,beaver_creek_usgs_temp_3,60.65107,-151.09076,US/Alaska (UTC-9 / UTC-8),"west fork beaver creek, upstream of marathon road",Beaver Creek,STREAM,MAIN,TRUE,TRUE,TBD,FALSE
2022-09-22T10:30:00Z,7.945,beaver_creek_usgs_temp_3,60.65107,-151.09076,US/Alaska (UTC-9 / UTC-8),"west fork beaver creek, upstream of marathon road",Beaver Creek,STREAM,MAIN,TRUE,TRUE,TBD,FALSE
2022-09-22T10:45:00Z,7.945,beaver_creek_usgs_temp_3,60.65107,-151.09076,US/Alaska (UTC-9 / UTC-8),"west fork beaver creek, upstream of marathon road",Beaver Creek,STREAM,MAIN,TRUE,TRUE,TBD,FALSE
2022-09-22T11:00:00Z,7.945,beaver_creek_usgs_temp_3,60.65107,-151.09076,US/Alaska (UTC-9 / UTC-8),"west fork beaver creek, upstream of marathon road",Beaver Creek,STREAM,MAIN,TRUE,TRUE,TBD,FALSE
2022-09-22T11:15:00Z,7.945,beaver_creek_usgs_temp_3,60.65107,-151.09076,US/Alaska (UTC-9 / UTC-8),"west fork beaver creek, upstream of marathon road",Beaver Creek,STREAM,MAIN,TRUE,TRUE,TBD,FALSE
2022-09-22T11:30:00Z,7.97,beaver_creek_usgs_temp_3,60.65107,-151.09076,US/Alaska (UTC-9 / UTC-8),"west fork beaver creek, upstream of marathon road",Beaver Creek,STREAM,MAIN,TRUE,TRUE,TBD,FALSE
2022-09-22T11:45:00Z,7.995,beaver_creek_usgs_temp_3,60.65107,-151.09076,US/Alaska (UTC-9 / UTC-8),"west fork beaver creek, upstream of marathon road",Beaver Creek,STREAM,MAIN,TRUE,TRUE,TBD,FALSE
2022-09-22T12:00:00Z,8.02,beaver_creek_usgs_temp_3,60.65107,-151.09076,US/Alaska (UTC-9 / UTC-8),"west fork beaver creek, upstream of marathon road",Beaver Creek,STREAM,MAIN,TRUE,TRUE,TBD,FALSE
2022-09-22T12:15:00Z,8.07,beaver_creek_usgs_temp_3,60.65107,-151.09076,US/Alaska (UTC-9 / UTC-8),"west fork beaver creek, upstream of marathon road",Beaver Creek,STREAM,MAIN,TRUE,TRUE,TBD,FALSE
2022-09-22T12:30:00Z,8.095,beaver_creek_usgs_temp_3,60.65107,-151.09076,US/Alaska (UTC-9 / UTC-8),"west fork beaver creek, upstream of marathon road",Beaver Creek,STREAM,MAIN,TRUE,TRUE,TBD,FALSE
2022-09-22T12:45:00Z,8.145,beaver_creek_usgs_temp_3,60.65107,-151.09076,US/Alaska (UTC-9 / UTC-8),"west fork beaver creek, upstream of marathon road",Beaver Creek,STREAM,MAIN,TRUE,TRUE,TBD,FALSE
2022-09-22T13:00:00Z,8.195,beaver_creek_usgs_temp_3,60.65107,-151.09076,US/Alaska (UTC-9 / UTC-8),"west fork beaver creek, upstream of marathon road",Beaver Creek,STREAM,MAIN,TRUE,TRUE,TBD,FALSE
2022-09-22T13:15:00Z,8.27,beaver_creek_usgs_temp_3,60.65107,-151.09076,US/Alaska (UTC-9 / UTC-8),"west fork beaver creek, upstream of marathon road",Beaver Creek,STREAM,MAIN,TRUE,TRUE,TBD,FALSE
2022-09-22T13:30:00Z,8.319,beaver_creek_usgs_temp_3,60.65107,-151.09076,US/Alaska (UTC-9 / UTC-8),"west fork beaver creek, upstream of marathon road",Beaver Creek,STREAM,MAIN,TRUE,TRUE,TBD,FALSE
2022-09-22T13:45:00Z,8.394,beaver_creek_usgs_temp_3,60.65107,-151.09076,US/Alaska (UTC-9 / UTC-8),"west fork beaver creek, upstream of marathon road",Beaver Creek,STREAM,MAIN,TRUE,TRUE,TBD,FALSE
2022-09-22T14:00:00Z,8.494,beaver_creek_usgs_temp_3,60.65107,-151.09076,US/Alaska (UTC-9 / UTC-8),"west fork beaver creek, upstream of marathon road",Beaver Creek,STREAM,MAIN,TRUE,TRUE,TBD,FALSE
2022-09-22T14:15:00Z,8.543,beaver_creek_usgs_temp_3,60.65107,-151.09076,US/Alaska (UTC-9 / UTC-8),"west fork beaver creek, upstream of marathon road",Beaver Creek,STREAM,MAIN,TRUE,TRUE,TBD,FALSE
2022-09-22T14:30:00Z,8.618,beaver_creek_usgs_temp_3,60.65107,-151.09076,US/Alaska (UTC-9 / UTC-8),"west fork beaver creek, upstream of marathon road",Beaver Creek,STREAM,MAIN,TRUE,TRUE,TBD,FALSE
2022-09-22T14:45:00Z,8.693,beaver_creek_usgs_temp_3,60.65107,-151.09076,US/Alaska (UTC-9 / UTC-8),"west fork beaver creek, upstream of marathon road",Beaver Creek,STREAM,MAIN,TRUE,TRUE,TBD,FALSE
2022-09-22T15:00:00Z,8.742,beaver_creek_usgs_temp_3,60.65107,-151.09076,US/Alaska (UTC-9 / UTC-8),"west fork beaver creek, upstream of marathon road",Beaver Creek,STREAM,MAIN,TRUE,TRUE,TBD,FALSE
2022-09-22T15:15:00Z,8.817,beaver_creek_usgs_temp_3,60.65107,-151.09076,US/Alaska (UTC-9 / UTC-8),"west fork beaver creek, upstream of marathon road",Beaver Creek,STREAM,MAIN,TRUE,TRUE,TBD,FALSE
2022-09-22T15:30:00Z,8.891,beaver_creek_usgs_temp_3,60.65107,-151.09076,US/Alaska (UTC-9 / UTC-8),"west fork beaver creek, upstream of marathon road",Beaver Creek,STREAM,MAIN,TRUE,TRUE,TBD,FALSE
2022-09-22T15:45:00Z,8.965,beaver_creek_usgs_temp_3,60.65107,-151.09076,US/Alaska (UTC-9 / UTC-8),"west fork beaver creek, upstream of marathon road",Beaver Creek,STREAM,MAIN,TRUE,TRUE,TBD,FALSE
2022-09-22T16:00:00Z,9.015,beaver_creek_usgs_temp_3,60.65107,-151.09076,US/Alaska (UTC-9 / UTC-8),"west fork beaver creek, upstream of marathon road",Beaver Creek,STREAM,MAIN,TRUE,TRUE,TBD,FALSE
2022-09-22T16:15:00Z,9.064,beaver_creek_usgs_temp_3,60.65107,-151.09076,US/Alaska (UTC-9 / UTC-8),"west fork beaver creek, upstream of marathon road",Beaver Creek,STREAM,MAIN,TRUE,TRUE,TBD,FALSE
2022-09-22T16:30:00Z,9.139,beaver_creek_usgs_temp_3,60.65107,-151.09076,US/Alaska (UTC-9 / UTC-8),"west fork beaver creek, upstream of marathon road",Beaver Creek,STREAM,MAIN,TRUE,TRUE,TBD,FALSE
2022-09-22T16:45:00Z,9.188,beaver_creek_usgs_temp_3,60.65107,-151.09076,US/Alaska (UTC-9 / UTC-8),"west fork beaver creek, upstream of marathon road",Beaver Creek,STREAM,MAIN,TRUE,TRUE,TBD,FALSE
2022-09-22T17:00:00Z,9.213,beaver_creek_usgs_temp_3,60.65107,-151.09076,US/Alaska (UTC-9 / UTC-8),"west fork beaver creek, upstream of marathon road",Beaver Creek,STREAM,MAIN,TRUE,TRUE,TBD,FALSE
2022-09-22T17:15:00Z,9.238,beaver_creek_usgs_temp_3,60.65107,-151.09076,US/Alaska (UTC-9 / UTC-8),"west fork beaver creek, upstream of marathon road",Beaver Creek,STREAM,MAIN,TRUE,TRUE,TBD,FALSE
2022-09-22T17:30:00Z,9.287,beaver_creek_usgs_temp_3,60.65107,-151.09076,US/Alaska (UTC-9 / UTC-8),"west fork beaver creek, upstream of marathon road",Beaver Creek,STREAM,MAIN,TRUE,TRUE,TBD,FALSE
2022-09-22T17:45:00Z,9.336,beaver_creek_usgs_temp_3,60.65107,-151.09076,US/Alaska (UTC-9 / UTC-8),"west fork beaver creek, upstream of marathon road",Beaver Creek,STREAM,MAIN,TRUE,TRUE,TBD,FALSE
2022-09-22T18:00:00Z,9.361,beaver_creek_usgs_temp_3,60.65107,-151.09076,US/Alaska (UTC-9 / UTC-8),"west fork beaver creek, upstream of marathon road",Beaver Creek,STREAM,MAIN,TRUE,TRUE,TBD,FALSE
2022-09-22T18:15:00Z,9.386,beaver_creek_usgs_temp_3,60.65107,-151.09076,US/Alaska (UTC-9 / UTC-8),"west fork beaver creek, upstream of marathon road",Beaver Creek,STREAM,MAIN,TRUE,TRUE,TBD,FALSE
2022-09-22T18:30:00Z,9.386,beaver_creek_usgs_temp_3,60.65107,-151.09076,US/Alaska (UTC-9 / UTC-8),"west fork beaver creek, upstream of marathon road",Beaver Creek,STREAM,MAIN,TRUE,TRUE,TBD,FALSE
2022-09-22T18:45:00Z,9.41,beaver_creek_usgs_temp_3,60.65107,-151.09076,US/Alaska (UTC-9 / UTC-8),"west fork beaver creek, upstream of marathon road",Beaver Creek,STREAM,MAIN,TRUE,TRUE,TBD,FALSE
2022-09-22T19:00:00Z,9.435,beaver_creek_usgs_temp_3,60.65107,-151.09076,US/Alaska (UTC-9 / UTC-8),"west fork beaver creek, upstream of marathon road",Beaver Creek,STREAM,MAIN,TRUE,TRUE,TBD,FALSE
2022-09-22T19:15:00Z,9.41,beaver_creek_usgs_temp_3,60.65107,-151.09076,US/Alaska (UTC-9 / UTC-8),"west fork beaver creek, upstream of marathon road",Beaver Creek,STREAM,MAIN,TRUE,TRUE,TBD,FALSE
2022-09-22T19:30:00Z,9.41,beaver_creek_usgs_temp_3,60.65107,-151.09076,US/Alaska (UTC-9 / UTC-8),"west fork beaver creek, upstream of marathon road",Beaver Creek,STREAM,MAIN,TRUE,TRUE,TBD,FALSE
2022-09-22T19:45:00Z,9.41,beaver_creek_usgs_temp_3,60.65107,-151.09076,US/Alaska (UTC-9 / UTC-8),"west fork beaver creek, upstream of marathon road",Beaver Creek,STREAM,MAIN,TRUE,TRUE,TBD,FALSE
2022-09-22T20:00:00Z,9.386,beaver_creek_usgs_temp_3,60.65107,-151.09076,US/Alaska (UTC-9 / UTC-8),"west fork beaver creek, upstream of marathon road",Beaver Creek,STREAM,MAIN,TRUE,TRUE,TBD,FALSE
2022-09-22T20:15:00Z,9.386,beaver_creek_usgs_temp_3,60.65107,-151.09076,US/Alaska (UTC-9 / UTC-8),"west fork beaver creek, upstream of marathon road",Beaver Creek,STREAM,MAIN,TRUE,TRUE,TBD,FALSE
2022-09-22T20:30:00Z,9.386,beaver_creek_usgs_temp_3,60.65107,-151.09076,US/Alaska (UTC-9 / UTC-8),"west fork beaver creek, upstream of marathon road",Beaver Creek,STREAM,MAIN,TRUE,TRUE,TBD,FALSE
2022-09-22T20:45:00Z,9.361,beaver_creek_usgs_temp_3,60.65107,-151.09076,US/Alaska (UTC-9 / UTC-8),"west fork beaver creek, upstream of marathon road",Beaver Creek,STREAM,MAIN,TRUE,TRUE,TBD,FALSE
2022-09-22T21:00:00Z,9.336,beaver_creek_usgs_temp_3,60.65107,-151.09076,US/Alaska (UTC-9 / UTC-8),"west fork beaver creek, upstream of marathon road",Beaver Creek,STREAM,MAIN,TRUE,TRUE,TBD,FALSE
2022-09-22T21:15:00Z,9.312,beaver_creek_usgs_temp_3,60.65107,-151.09076,US/Alaska (UTC-9 / UTC-8),"west fork beaver creek, upstream of marathon road",Beaver Creek,STREAM,MAIN,TRUE,TRUE,TBD,FALSE
2022-09-22T21:30:00Z,9.287,beaver_creek_usgs_temp_3,60.65107,-151.09076,US/Alaska (UTC-9 / UTC-8),"west fork beaver creek, upstream of marathon road",Beaver Creek,STREAM,MAIN,TRUE,TRUE,TBD,FALSE
2022-09-22T21:45:00Z,9.262,beaver_creek_usgs_temp_3,60.65107,-151.09076,US/Alaska (UTC-9 / UTC-8),"west fork beaver creek, upstream of marathon road",Beaver Creek,STREAM,MAIN,TRUE,TRUE,TBD,FALSE
2022-09-22T22:00:00Z,9.238,beaver_creek_usgs_temp_3,60.65107,-151.09076,US/Alaska (UTC-9 / UTC-8),"west fork beaver creek, upstream of marathon road",Beaver Creek,STREAM,MAIN,TRUE,TRUE,TBD,FALSE
2022-09-22T22:15:00Z,9.213,beaver_creek_usgs_temp_3,60.65107,-151.09076,US/Alaska (UTC-9 / UTC-8),"west fork beaver creek, upstream of marathon road",Beaver Creek,STREAM,MAIN,TRUE,TRUE,TBD,FALSE
2022-09-22T22:30:00Z,9.188,beaver_creek_usgs_temp_3,60.65107,-151.09076,US/Alaska (UTC-9 / UTC-8),"west fork beaver creek, upstream of marathon road",Beaver Creek,STREAM,MAIN,TRUE,TRUE,TBD,FALSE
2022-09-22T22:45:00Z,9.188,beaver_creek_usgs_temp_3,60.65107,-151.09076,US/Alaska (UTC-9 / UTC-8),"west fork beaver creek, upstream of marathon road",Beaver Creek,STREAM,MAIN,TRUE,TRUE,TBD,FALSE
2022-09-22T23:00:00Z,9.139,beaver_creek_usgs_temp_3,60.65107,-151.09076,US/Alaska (UTC-9 / UTC-8),"west fork beaver creek, upstream of marathon road",Beaver Creek,STREAM,MAIN,TRUE,TRUE,TBD,FALSE
2022-09-22T23:15:00Z,9.139,beaver_creek_usgs_temp_3,60.65107,-151.09076,US/Alaska (UTC-9 / UTC-8),"west fork beaver creek, upstream of marathon road",Beaver Creek,STREAM,MAIN,TRUE,TRUE,TBD,FALSE
2022-09-22T23:30:00Z,9.089,beaver_creek_usgs_temp_3,60.65107,-151.09076,US/Alaska (UTC-9 / UTC-8),"west fork beaver creek, upstream of marathon road",Beaver Creek,STREAM,MAIN,TRUE,TRUE,TBD,FALSE
2022-09-22T23:45:00Z,9.089,beaver_creek_usgs_temp_3,60.65107,-151.09076,US/Alaska (UTC-9 / UTC-8),"west fork beaver creek, upstream of marathon road",Beaver Creek,STREAM,MAIN,TRUE,TRUE,TBD,FALSE
2022-09-23T00:00:00Z,9.064,beaver_creek_usgs_temp_3,60.65107,-151.09076,US/Alaska (UTC-9 / UTC-8),"west fork beaver creek, upstream of marathon road",Beaver Creek,STREAM,MAIN,TRUE,TRUE,TBD,FALSE
2022-09-23T00:15:00Z,9.04,beaver_creek_usgs_temp_3,60.65107,-151.09076,US/Alaska (UTC-9 / UTC-8),"west fork beaver creek, upstream of marathon road",Beaver Creek,STREAM,MAIN,TRUE,TRUE,TBD,FALSE
2022-09-23T00:30:00Z,9.015,beaver_creek_usgs_temp_3,60.65107,-151.09076,US/Alaska (UTC-9 / UTC-8),"west fork beaver creek, upstream of marathon road",Beaver Creek,STREAM,MAIN,TRUE,TRUE,TBD,FALSE
2022-09-23T00:45:00Z,8.965,beaver_creek_usgs_temp_3,60.65107,-151.09076,US/Alaska (UTC-9 / UTC-8),"west fork beaver creek, upstream of marathon road",Beaver Creek,STREAM,MAIN,TRUE,TRUE,TBD,FALSE
2022-09-23T01:00:00Z,8.941,beaver_creek_usgs_temp_3,60.65107,-151.09076,US/Alaska (UTC-9 / UTC-8),"west fork beaver creek, upstream of marathon road",Beaver Creek,STREAM,MAIN,TRUE,TRUE,TBD,FALSE
2022-09-23T01:15:00Z,8.916,beaver_creek_usgs_temp_3,60.65107,-151.09076,US/Alaska (UTC-9 / UTC-8),"west fork beaver creek, upstream of marathon road",Beaver Creek,STREAM,MAIN,TRUE,TRUE,TBD,FALSE
2022-09-23T01:30:00Z,8.866,beaver_creek_usgs_temp_3,60.65107,-151.09076,US/Alaska (UTC-9 / UTC-8),"west fork beaver creek, upstream of marathon road",Beaver Creek,STREAM,MAIN,TRUE,TRUE,TBD,FALSE
2022-09-23T01:45:00Z,8.841,beaver_creek_usgs_temp_3,60.65107,-151.09076,US/Alaska (UTC-9 / UTC-8),"west fork beaver creek, upstream of marathon road",Beaver Creek,STREAM,MAIN,TRUE,TRUE,TBD,FALSE
2022-09-23T02:00:00Z,8.792,beaver_creek_usgs_temp_3,60.65107,-151.09076,US/Alaska (UTC-9 / UTC-8),"west fork beaver creek, upstream of marathon road",Beaver Creek,STREAM,MAIN,TRUE,TRUE,TBD,FALSE
2022-09-23T02:15:00Z,8.742,beaver_creek_usgs_temp_3,60.65107,-151.09076,US/Alaska (UTC-9 / UTC-8),"west fork beaver creek, upstream of marathon road",Beaver Creek,STREAM,MAIN,TRUE,TRUE,TBD,FALSE
2022-09-23T02:30:00Z,8.717,beaver_creek_usgs_temp_3,60.65107,-151.09076,US/Alaska (UTC-9 / UTC-8),"west fork beaver creek, upstream of marathon road",Beaver Creek,STREAM,MAIN,TRUE,TRUE,TBD,FALSE
2022-09-23T02:45:00Z,8.717,beaver_creek_usgs_temp_3,60.65107,-151.09076,US/Alaska (UTC-9 / UTC-8),"west fork beaver creek, upstream of marathon road",Beaver Creek,STREAM,MAIN,TRUE,TRUE,TBD,FALSE
2022-09-23T03:00:00Z,8.693,beaver_creek_usgs_temp_3,60.65107,-151.09076,US/Alaska (UTC-9 / UTC-8),"west fork beaver creek, upstream of marathon road",Beaver Creek,STREAM,MAIN,TRUE,TRUE,TBD,FALSE
2022-09-23T03:15:00Z,8.668,beaver_creek_usgs_temp_3,60.65107,-151.09076,US/Alaska (UTC-9 / UTC-8),"west fork beaver creek, upstream of marathon road",Beaver Creek,STREAM,MAIN,TRUE,TRUE,TBD,FALSE
2022-09-23T03:30:00Z,8.643,beaver_creek_usgs_temp_3,60.65107,-151.09076,US/Alaska (UTC-9 / UTC-8),"west fork beaver creek, upstream of marathon road",Beaver Creek,STREAM,MAIN,TRUE,TRUE,TBD,FALSE
2022-09-23T03:45:00Z,8.618,beaver_creek_usgs_temp_3,60.65107,-151.09076,US/Alaska (UTC-9 / UTC-8),"west fork beaver creek, upstream of marathon road",Beaver Creek,STREAM,MAIN,TRUE,TRUE,TBD,FALSE
2022-09-23T04:00:00Z,8.593,beaver_creek_usgs_temp_3,60.65107,-151.09076,US/Alaska (UTC-9 / UTC-8),"west fork beaver creek, upstream of marathon road",Beaver Creek,STREAM,MAIN,TRUE,TRUE,TBD,FALSE
2022-09-23T04:15:00Z,8.568,beaver_creek_usgs_temp_3,60.65107,-151.09076,US/Alaska (UTC-9 / UTC-8),"west fork beaver creek, upstream of marathon road",Beaver Creek,STREAM,MAIN,TRUE,TRUE,TBD,FALSE
2022-09-23T04:30:00Z,8.543,beaver_creek_usgs_temp_3,60.65107,-151.09076,US/Alaska (UTC-9 / UTC-8),"west fork beaver creek, upstream of marathon road",Beaver Creek,STREAM,MAIN,TRUE,TRUE,TBD,FALSE
2022-09-23T04:45:00Z,8.543,beaver_creek_usgs_temp_3,60.65107,-151.09076,US/Alaska (UTC-9 / UTC-8),"west fork beaver creek, upstream of marathon road",Beaver Creek,STREAM,MAIN,TRUE,TRUE,TBD,FALSE
2022-09-23T05:00:00Z,8.494,beaver_creek_usgs_temp_3,60.65107,-151.09076,US/Alaska (UTC-9 / UTC-8),"west fork beaver creek, upstream of marathon road",Beaver Creek,STREAM,MAIN,TRUE,TRUE,TBD,FALSE
2022-09-23T05:15:00Z,8.469,beaver_creek_usgs_temp_3,60.65107,-151.09076,US/Alaska (UTC-9 / UTC-8),"west fork beaver creek, upstream of marathon road",Beaver Creek,STREAM,MAIN,TRUE,TRUE,TBD,FALSE
2022-09-23T05:30:00Z,8.444,beaver_creek_usgs_temp_3,60.65107,-151.09076,US/Alaska (UTC-9 / UTC-8),"west fork beaver creek, upstream of marathon road",Beaver Creek,STREAM,MAIN,TRUE,TRUE,TBD,FALSE
2022-09-23T05:45:00Z,8.444,beaver_creek_usgs_temp_3,60.65107,-151.09076,US/Alaska (UTC-9 / UTC-8),"west fork beaver creek, upstream of marathon road",Beaver Creek,STREAM,MAIN,TRUE,TRUE,TBD,FALSE
2022-09-23T06:00:00Z,8.394,beaver_creek_usgs_temp_3,60.65107,-151.09076,US/Alaska (UTC-9 / UTC-8),"west fork beaver creek, upstream of marathon road",Beaver Creek,STREAM,MAIN,TRUE,TRUE,TBD,FALSE
2022-09-23T06:15:00Z,8.369,beaver_creek_usgs_temp_3,60.65107,-151.09076,US/Alaska (UTC-9 / UTC-8),"west fork beaver creek, upstream of marathon road",Beaver Creek,STREAM,MAIN,TRUE,TRUE,TBD,FALSE
2022-09-23T06:30:00Z,8.344,beaver_creek_usgs_temp_3,60.65107,-151.09076,US/Alaska (UTC-9 / UTC-8),"west fork beaver creek, upstream of marathon road",Beaver Creek,STREAM,MAIN,TRUE,TRUE,TBD,FALSE
2022-09-23T06:45:00Z,8.319,beaver_creek_usgs_temp_3,60.65107,-151.09076,US/Alaska (UTC-9 / UTC-8),"west fork beaver creek, upstream of marathon road",Beaver Creek,STREAM,MAIN,TRUE,TRUE,TBD,FALSE
2022-09-23T07:00:00Z,8.295,beaver_creek_usgs_temp_3,60.65107,-151.09076,US/Alaska (UTC-9 / UTC-8),"west fork beaver creek, upstream of marathon road",Beaver Creek,STREAM,MAIN,TRUE,TRUE,TBD,FALSE
2022-09-23T07:15:00Z,8.27,beaver_creek_usgs_temp_3,60.65107,-151.09076,US/Alaska (UTC-9 / UTC-8),"west fork beaver creek, upstream of marathon road",Beaver Creek,STREAM,MAIN,TRUE,TRUE,TBD,FALSE
2022-09-23T07:30:00Z,8.245,beaver_creek_usgs_temp_3,60.65107,-151.09076,US/Alaska (UTC-9 / UTC-8),"west fork beaver creek, upstream of marathon road",Beaver Creek,STREAM,MAIN,TRUE,TRUE,TBD,FALSE
2022-09-23T07:45:00Z,8.22,beaver_creek_usgs_temp_3,60.65107,-151.09076,US/Alaska (UTC-9 / UTC-8),"west fork beaver creek, upstream of marathon road",Beaver Creek,STREAM,MAIN,TRUE,TRUE,TBD,FALSE
2022-09-23T08:00:00Z,8.195,beaver_creek_usgs_temp_3,60.65107,-151.09076,US/Alaska (UTC-9 / UTC-8),"west fork beaver creek, upstream of marathon road",Beaver Creek,STREAM,MAIN,TRUE,TRUE,TBD,FALSE
2022-09-23T08:15:00Z,8.145,beaver_creek_usgs_temp_3,60.65107,-151.09076,US/Alaska (UTC-9 / UTC-8),"west fork beaver creek, upstream of marathon road",Beaver Creek,STREAM,MAIN,TRUE,TRUE,TBD,FALSE
2022-09-23T08:30:00Z,8.145,beaver_creek_usgs_temp_3,60.65107,-151.09076,US/Alaska (UTC-9 / UTC-8),"west fork beaver creek, upstream of marathon road",Beaver Creek,STREAM,MAIN,TRUE,TRUE,TBD,FALSE
2022-09-23T08:45:00Z,8.12,beaver_creek_usgs_temp_3,60.65107,-151.09076,US/Alaska (UTC-9 / UTC-8),"west fork beaver creek, upstream of marathon road",Beaver Creek,STREAM,MAIN,TRUE,TRUE,TBD,FALSE
2022-09-23T09:00:00Z,8.095,beaver_creek_usgs_temp_3,60.65107,-151.09076,US/Alaska (UTC-9 / UTC-8),"west fork beaver creek, upstream of marathon road",Beaver Creek,STREAM,MAIN,TRUE,TRUE,TBD,FALSE
2022-09-23T09:15:00Z,8.07,beaver_creek_usgs_temp_3,60.65107,-151.09076,US/Alaska (UTC-9 / UTC-8),"west fork beaver creek, upstream of marathon road",Beaver Creek,STREAM,MAIN,TRUE,TRUE,TBD,FALSE
2022-09-23T09:30:00Z,8.045,beaver_creek_usgs_temp_3,60.65107,-151.09076,US/Alaska (UTC-9 / UTC-8),"west fork beaver creek, upstream of marathon road",Beaver Creek,STREAM,MAIN,TRUE,TRUE,TBD,FALSE
2022-09-23T09:45:00Z,8.045,beaver_creek_usgs_temp_3,60.65107,-151.09076,US/Alaska (UTC-9 / UTC-8),"west fork beaver creek, upstream of marathon road",Beaver Creek,STREAM,MAIN,TRUE,TRUE,TBD,FALSE
2022-09-23T10:00:00Z,8.045,beaver_creek_usgs_temp_3,60.65107,-151.09076,US/Alaska (UTC-9 / UTC-8),"west fork beaver creek, upstream of marathon road",Beaver Creek,STREAM,MAIN,TRUE,TRUE,TBD,FALSE
2022-09-23T10:15:00Z,8.07,beaver_creek_usgs_temp_3,60.65107,-151.09076,US/Alaska (UTC-9 / UTC-8),"west fork beaver creek, upstream of marathon road",Beaver Creek,STREAM,MAIN,TRUE,TRUE,TBD,FALSE
2022-09-23T10:30:00Z,8.095,beaver_creek_usgs_temp_3,60.65107,-151.09076,US/Alaska (UTC-9 / UTC-8),"west fork beaver creek, upstream of marathon road",Beaver Creek,STREAM,MAIN,TRUE,TRUE,TBD,FALSE
2022-09-23T10:45:00Z,8.12,beaver_creek_usgs_temp_3,60.65107,-151.09076,US/Alaska (UTC-9 / UTC-8),"west fork beaver creek, upstream of marathon road",Beaver Creek,STREAM,MAIN,TRUE,TRUE,TBD,FALSE
2022-09-23T11:00:00Z,8.17,beaver_creek_usgs_temp_3,60.65107,-151.09076,US/Alaska (UTC-9 / UTC-8),"west fork beaver creek, upstream of marathon road",Beaver Creek,STREAM,MAIN,TRUE,TRUE,TBD,FALSE
2022-09-23T11:15:00Z,8.245,beaver_creek_usgs_temp_3,60.65107,-151.09076,US/Alaska (UTC-9 / UTC-8),"west fork beaver creek, upstream of marathon road",Beaver Creek,STREAM,MAIN,TRUE,TRUE,TBD,FALSE
2022-09-23T11:30:00Z,8.344,beaver_creek_usgs_temp_3,60.65107,-151.09076,US/Alaska (UTC-9 / UTC-8),"west fork beaver creek, upstream of marathon road",Beaver Creek,STREAM,MAIN,TRUE,TRUE,TBD,FALSE
2022-09-23T11:45:00Z,8.444,beaver_creek_usgs_temp_3,60.65107,-151.09076,US/Alaska (UTC-9 / UTC-8),"west fork beaver creek, upstream of marathon road",Beaver Creek,STREAM,MAIN,TRUE,TRUE,TBD,FALSE
2022-09-23T12:00:00Z,8.469,beaver_creek_usgs_temp_3,60.65107,-151.09076,US/Alaska (UTC-9 / UTC-8),"west fork beaver creek, upstream of marathon road",Beaver Creek,STREAM,MAIN,TRUE,TRUE,TBD,FALSE
2022-09-23T12:15:00Z,8.519,beaver_creek_usgs_temp_3,60.65107,-151.09076,US/Alaska (UTC-9 / UTC-8),"west fork beaver creek, upstream of marathon road",Beaver Creek,STREAM,MAIN,TRUE,TRUE,TBD,FALSE
2022-09-23T12:30:00Z,8.543,beaver_creek_usgs_temp_3,60.65107,-151.09076,US/Alaska (UTC-9 / UTC-8),"west fork beaver creek, upstream of marathon road",Beaver Creek,STREAM,MAIN,TRUE,TRUE,TBD,FALSE
2022-09-23T12:45:00Z,8.618,beaver_creek_usgs_temp_3,60.65107,-151.09076,US/Alaska (UTC-9 / UTC-8),"west fork beaver creek, upstream of marathon road",Beaver Creek,STREAM,MAIN,TRUE,TRUE,TBD,FALSE
2022-09-23T13:00:00Z,8.742,beaver_creek_usgs_temp_3,60.65107,-151.09076,US/Alaska (UTC-9 / UTC-8),"west fork beaver creek, upstream of marathon road",Beaver Creek,STREAM,MAIN,TRUE,TRUE,TBD,FALSE
2022-09-23T13:15:00Z,8.841,beaver_creek_usgs_temp_3,60.65107,-151.09076,US/Alaska (UTC-9 / UTC-8),"west fork beaver creek, upstream of marathon road",Beaver Creek,STREAM,MAIN,TRUE,TRUE,TBD,FALSE
2022-09-23T13:30:00Z,8.866,beaver_creek_usgs_temp_3,60.65107,-151.09076,US/Alaska (UTC-9 / UTC-8),"west fork beaver creek, upstream of marathon road",Beaver Creek,STREAM,MAIN,TRUE,TRUE,TBD,FALSE
2022-09-23T13:45:00Z,8.941,beaver_creek_usgs_temp_3,60.65107,-151.09076,US/Alaska (UTC-9 / UTC-8),"west fork beaver creek, upstream of marathon road",Beaver Creek,STREAM,MAIN,TRUE,TRUE,TBD,FALSE
2022-09-23T14:00:00Z,9.04,beaver_creek_usgs_temp_3,60.65107,-151.09076,US/Alaska (UTC-9 / UTC-8),"west fork beaver creek, upstream of marathon road",Beaver Creek,STREAM,MAIN,TRUE,TRUE,TBD,FALSE
2022-09-23T14:15:00Z,9.139,beaver_creek_usgs_temp_3,60.65107,-151.09076,US/Alaska (UTC-9 / UTC-8),"west fork beaver creek, upstream of marathon road",Beaver Creek,STREAM,MAIN,TRUE,TRUE,TBD,FALSE
2022-09-23T14:30:00Z,9.213,beaver_creek_usgs_temp_3,60.65107,-151.09076,US/Alaska (UTC-9 / UTC-8),"west fork beaver creek, upstream of marathon road",Beaver Creek,STREAM,MAIN,TRUE,TRUE,TBD,FALSE
2022-09-23T14:45:00Z,9.287,beaver_creek_usgs_temp_3,60.65107,-151.09076,US/Alaska (UTC-9 / UTC-8),"west fork beaver creek, upstream of marathon road",Beaver Creek,STREAM,MAIN,TRUE,TRUE,TBD,FALSE
2022-09-23T15:00:00Z,9.386,beaver_creek_usgs_temp_3,60.65107,-151.09076,US/Alaska (UTC-9 / UTC-8),"west fork beaver creek, upstream of marathon road",Beaver Creek,STREAM,MAIN,TRUE,TRUE,TBD,FALSE
2022-09-23T15:15:00Z,9.485,beaver_creek_usgs_temp_3,60.65107,-151.09076,US/Alaska (UTC-9 / UTC-8),"west fork beaver creek, upstream of marathon road",Beaver Creek,STREAM,MAIN,TRUE,TRUE,TBD,FALSE
2022-09-23T15:30:00Z,9.558,beaver_creek_usgs_temp_3,60.65107,-151.09076,US/Alaska (UTC-9 / UTC-8),"west fork beaver creek, upstream of marathon road",Beaver Creek,STREAM,MAIN,TRUE,TRUE,TBD,FALSE
2022-09-23T15:45:00Z,9.632,beaver_creek_usgs_temp_3,60.65107,-151.09076,US/Alaska (UTC-9 / UTC-8),"west fork beaver creek, upstream of marathon road",Beaver Creek,STREAM,MAIN,TRUE,TRUE,TBD,FALSE
2022-09-23T16:00:00Z,9.657,beaver_creek_usgs_temp_3,60.65107,-151.09076,US/Alaska (UTC-9 / UTC-8),"west fork beaver creek, upstream of marathon road",Beaver Creek,STREAM,MAIN,TRUE,TRUE,TBD,FALSE
2022-09-23T16:15:00Z,9.706,beaver_creek_usgs_temp_3,60.65107,-151.09076,US/Alaska (UTC-9 / UTC-8),"west fork beaver creek, upstream of marathon road",Beaver Creek,STREAM,MAIN,TRUE,TRUE,TBD,FALSE
2022-09-23T16:30:00Z,9.854,beaver_creek_usgs_temp_3,60.65107,-151.09076,US/Alaska (UTC-9 / UTC-8),"west fork beaver creek, upstream of marathon road",Beaver Creek,STREAM,MAIN,TRUE,TRUE,TBD,FALSE
2022-09-23T16:45:00Z,9.879,beaver_creek_usgs_temp_3,60.65107,-151.09076,US/Alaska (UTC-9 / UTC-8),"west fork beaver creek, upstream of marathon road",Beaver Creek,STREAM,MAIN,TRUE,TRUE,TBD,FALSE
2022-09-23T17:00:00Z,9.903,beaver_creek_usgs_temp_3,60.65107,-151.09076,US/Alaska (UTC-9 / UTC-8),"west fork beaver creek, upstream of marathon road",Beaver Creek,STREAM,MAIN,TRUE,TRUE,TBD,FALSE
2022-09-23T17:15:00Z,9.952,beaver_creek_usgs_temp_3,60.65107,-151.09076,US/Alaska (UTC-9 / UTC-8),"west fork beaver creek, upstream of marathon road",Beaver Creek,STREAM,MAIN,TRUE,TRUE,TBD,FALSE
2022-09-23T17:30:00Z,9.952,beaver_creek_usgs_temp_3,60.65107,-151.09076,US/Alaska (UTC-9 / UTC-8),"west fork beaver creek, upstream of marathon road",Beaver Creek,STREAM,MAIN,TRUE,TRUE,TBD,FALSE
2022-09-23T17:45:00Z,9.952,beaver_creek_usgs_temp_3,60.65107,-151.09076,US/Alaska (UTC-9 / UTC-8),"west fork beaver creek, upstream of marathon road",Beaver Creek,STREAM,MAIN,TRUE,TRUE,TBD,FALSE
2022-09-23T18:00:00Z,9.977,beaver_creek_usgs_temp_3,60.65107,-151.09076,US/Alaska (UTC-9 / UTC-8),"west fork beaver creek, upstream of marathon road",Beaver Creek,STREAM,MAIN,TRUE,TRUE,TBD,FALSE
2022-09-23T18:15:00Z,9.977,beaver_creek_usgs_temp_3,60.65107,-151.09076,US/Alaska (UTC-9 / UTC-8),"west fork beaver creek, upstream of marathon road",Beaver Creek,STREAM,MAIN,TRUE,TRUE,TBD,FALSE
2022-09-23T18:30:00Z,9.977,beaver_creek_usgs_temp_3,60.65107,-151.09076,US/Alaska (UTC-9 / UTC-8),"west fork beaver creek, upstream of marathon road",Beaver Creek,STREAM,MAIN,TRUE,TRUE,TBD,FALSE
2022-09-23T18:45:00Z,9.952,beaver_creek_usgs_temp_3,60.65107,-151.09076,US/Alaska (UTC-9 / UTC-8),"west fork beaver creek, upstream of marathon road",Beaver Creek,STREAM,MAIN,TRUE,TRUE,TBD,FALSE
2022-09-23T19:00:00Z,9.952,beaver_creek_usgs_temp_3,60.65107,-151.09076,US/Alaska (UTC-9 / UTC-8),"west fork beaver creek, upstream of marathon road",Beaver Creek,STREAM,MAIN,TRUE,TRUE,TBD,FALSE
2022-09-23T19:15:00Z,9.952,beaver_creek_usgs_temp_3,60.65107,-151.09076,US/Alaska (UTC-9 / UTC-8),"west fork beaver creek, upstream of marathon road",Beaver Creek,STREAM,MAIN,TRUE,TRUE,TBD,FALSE
2022-09-23T19:30:00Z,9.928,beaver_creek_usgs_temp_3,60.65107,-151.09076,US/Alaska (UTC-9 / UTC-8),"west fork beaver creek, upstream of marathon road",Beaver Creek,STREAM,MAIN,TRUE,TRUE,TBD,FALSE
2022-09-23T19:45:00Z,9.879,beaver_creek_usgs_temp_3,60.65107,-151.09076,US/Alaska (UTC-9 / UTC-8),"west fork beaver creek, upstream of marathon road",Beaver Creek,STREAM,MAIN,TRUE,TRUE,TBD,FALSE
2022-09-23T20:00:00Z,9.854,beaver_creek_usgs_temp_3,60.65107,-151.09076,US/Alaska (UTC-9 / UTC-8),"west fork beaver creek, upstream of marathon road",Beaver Creek,STREAM,MAIN,TRUE,TRUE,TBD,FALSE
2022-09-23T20:15:00Z,9.829,beaver_creek_usgs_temp_3,60.65107,-151.09076,US/Alaska (UTC-9 / UTC-8),"west fork beaver creek, upstream of marathon road",Beaver Creek,STREAM,MAIN,TRUE,TRUE,TBD,FALSE
2022-09-23T20:30:00Z,9.78,beaver_creek_usgs_temp_3,60.65107,-151.09076,US/Alaska (UTC-9 / UTC-8),"west fork beaver creek, upstream of marathon road",Beaver Creek,STREAM,MAIN,TRUE,TRUE,TBD,FALSE
2022-09-23T20:45:00Z,9.78,beaver_creek_usgs_temp_3,60.65107,-151.09076,US/Alaska (UTC-9 / UTC-8),"west fork beaver creek, upstream of marathon road",Beaver Creek,STREAM,MAIN,TRUE,TRUE,TBD,FALSE
2022-09-23T21:00:00Z,9.731,beaver_creek_usgs_temp_3,60.65107,-151.09076,US/Alaska (UTC-9 / UTC-8),"west fork beaver creek, upstream of marathon road",Beaver Creek,STREAM,MAIN,TRUE,TRUE,TBD,FALSE
2022-09-23T21:15:00Z,9.682,beaver_creek_usgs_temp_3,60.65107,-151.09076,US/Alaska (UTC-9 / UTC-8),"west fork beaver creek, upstream of marathon road",Beaver Creek,STREAM,MAIN,TRUE,TRUE,TBD,FALSE
2022-09-23T21:30:00Z,9.632,beaver_creek_usgs_temp_3,60.65107,-151.09076,US/Alaska (UTC-9 / UTC-8),"west fork beaver creek, upstream of marathon road",Beaver Creek,STREAM,MAIN,TRUE,TRUE,TBD,FALSE
2022-09-23T21:45:00Z,9.583,beaver_creek_usgs_temp_3,60.65107,-151.09076,US/Alaska (UTC-9 / UTC-8),"west fork beaver creek, upstream of marathon road",Beaver Creek,STREAM,MAIN,TRUE,TRUE,TBD,FALSE
2022-09-23T22:00:00Z,9.534,beaver_creek_usgs_temp_3,60.65107,-151.09076,US/Alaska (UTC-9 / UTC-8),"west fork beaver creek, upstream of marathon road",Beaver Creek,STREAM,MAIN,TRUE,TRUE,TBD,FALSE
2022-09-23T22:15:00Z,9.485,beaver_creek_usgs_temp_3,60.65107,-151.09076,US/Alaska (UTC-9 / UTC-8),"west fork beaver creek, upstream of marathon road",Beaver Creek,STREAM,MAIN,TRUE,TRUE,TBD,FALSE
2022-09-23T22:30:00Z,9.435,beaver_creek_usgs_temp_3,60.65107,-151.09076,US/Alaska (UTC-9 / UTC-8),"west fork beaver creek, upstream of marathon road",Beaver Creek,STREAM,MAIN,TRUE,TRUE,TBD,FALSE
2022-09-23T22:45:00Z,9.386,beaver_creek_usgs_temp_3,60.65107,-151.09076,US/Alaska (UTC-9 / UTC-8),"west fork beaver creek, upstream of marathon road",Beaver Creek,STREAM,MAIN,TRUE,TRUE,TBD,FALSE
2022-09-23T23:00:00Z,9.336,beaver_creek_usgs_temp_3,60.65107,-151.09076,US/Alaska (UTC-9 / UTC-8),"west fork beaver creek, upstream of marathon road",Beaver Creek,STREAM,MAIN,TRUE,TRUE,TBD,FALSE
2022-09-23T23:15:00Z,9.287,beaver_creek_usgs_temp_3,60.65107,-151.09076,US/Alaska (UTC-9 / UTC-8),"west fork beaver creek, upstream of marathon road",Beaver Creek,STREAM,MAIN,TRUE,TRUE,TBD,FALSE
2022-09-23T23:30:00Z,9.238,beaver_creek_usgs_temp_3,60.65107,-151.09076,US/Alaska (UTC-9 / UTC-8),"west fork beaver creek, upstream of marathon road",Beaver Creek,STREAM,MAIN,TRUE,TRUE,TBD,FALSE
2022-09-23T23:45:00Z,9.163,beaver_creek_usgs_temp_3,60.65107,-151.09076,US/Alaska (UTC-9 / UTC-8),"west fork beaver creek, upstream of marathon road",Beaver Creek,STREAM,MAIN,TRUE,TRUE,TBD,FALSE
2022-09-24T00:00:00Z,9.114,beaver_creek_usgs_temp_3,60.65107,-151.09076,US/Alaska (UTC-9 / UTC-8),"west fork beaver creek, upstream of marathon road",Beaver Creek,STREAM,MAIN,TRUE,TRUE,TBD,FALSE
2022-09-24T00:15:00Z,9.064,beaver_creek_usgs_temp_3,60.65107,-151.09076,US/Alaska (UTC-9 / UTC-8),"west fork beaver creek, upstream of marathon road",Beaver Creek,STREAM,MAIN,TRUE,TRUE,TBD,FALSE
2022-09-24T00:30:00Z,9.04,beaver_creek_usgs_temp_3,60.65107,-151.09076,US/Alaska (UTC-9 / UTC-8),"west fork beaver creek, upstream of marathon road",Beaver Creek,STREAM,MAIN,TRUE,TRUE,TBD,FALSE
2022-09-24T00:45:00Z,9.015,beaver_creek_usgs_temp_3,60.65107,-151.09076,US/Alaska (UTC-9 / UTC-8),"west fork beaver creek, upstream of marathon road",Beaver Creek,STREAM,MAIN,TRUE,TRUE,TBD,FALSE
2022-09-24T01:00:00Z,8.99,beaver_creek_usgs_temp_3,60.65107,-151.09076,US/Alaska (UTC-9 / UTC-8),"west fork beaver creek, upstream of marathon road",Beaver Creek,STREAM,MAIN,TRUE,TRUE,TBD,FALSE
2022-09-24T01:15:00Z,8.941,beaver_creek_usgs_temp_3,60.65107,-151.09076,US/Alaska (UTC-9 / UTC-8),"west fork beaver creek, upstream of marathon road",Beaver Creek,STREAM,MAIN,TRUE,TRUE,TBD,FALSE
2022-09-24T01:30:00Z,8.891,beaver_creek_usgs_temp_3,60.65107,-151.09076,US/Alaska (UTC-9 / UTC-8),"west fork beaver creek, upstream of marathon road",Beaver Creek,STREAM,MAIN,TRUE,TRUE,TBD,FALSE
2022-09-24T01:45:00Z,8.841,beaver_creek_usgs_temp_3,60.65107,-151.09076,US/Alaska (UTC-9 / UTC-8),"west fork beaver creek, upstream of marathon road",Beaver Creek,STREAM,MAIN,TRUE,TRUE,TBD,FALSE
2022-09-24T02:00:00Z,8.817,beaver_creek_usgs_temp_3,60.65107,-151.09076,US/Alaska (UTC-9 / UTC-8),"west fork beaver creek, upstream of marathon road",Beaver Creek,STREAM,MAIN,TRUE,TRUE,TBD,FALSE
2022-09-24T02:15:00Z,8.742,beaver_creek_usgs_temp_3,60.65107,-151.09076,US/Alaska (UTC-9 / UTC-8),"west fork beaver creek, upstream of marathon road",Beaver Creek,STREAM,MAIN,TRUE,TRUE,TBD,FALSE
2022-09-24T02:30:00Z,8.693,beaver_creek_usgs_temp_3,60.65107,-151.09076,US/Alaska (UTC-9 / UTC-8),"west fork beaver creek, upstream of marathon road",Beaver Creek,STREAM,MAIN,TRUE,TRUE,TBD,FALSE
2022-09-24T02:45:00Z,8.643,beaver_creek_usgs_temp_3,60.65107,-151.09076,US/Alaska (UTC-9 / UTC-8),"west fork beaver creek, upstream of marathon road",Beaver Creek,STREAM,MAIN,TRUE,TRUE,TBD,FALSE
2022-09-24T03:00:00Z,8.593,beaver_creek_usgs_temp_3,60.65107,-151.09076,US/Alaska (UTC-9 / UTC-8),"west fork beaver creek, upstream of marathon road",Beaver Creek,STREAM,MAIN,TRUE,TRUE,TBD,FALSE
2022-09-24T03:15:00Z,8.519,beaver_creek_usgs_temp_3,60.65107,-151.09076,US/Alaska (UTC-9 / UTC-8),"west fork beaver creek, upstream of marathon road",Beaver Creek,STREAM,MAIN,TRUE,TRUE,TBD,FALSE
2022-09-24T03:30:00Z,8.444,beaver_creek_usgs_temp_3,60.65107,-151.09076,US/Alaska (UTC-9 / UTC-8),"west fork beaver creek, upstream of marathon road",Beaver Creek,STREAM,MAIN,TRUE,TRUE,TBD,FALSE
2022-09-24T03:45:00Z,8.369,beaver_creek_usgs_temp_3,60.65107,-151.09076,US/Alaska (UTC-9 / UTC-8),"west fork beaver creek, upstream of marathon road",Beaver Creek,STREAM,MAIN,TRUE,TRUE,TBD,FALSE
2022-09-24T04:00:00Z,8.295,beaver_creek_usgs_temp_3,60.65107,-151.09076,US/Alaska (UTC-9 / UTC-8),"west fork beaver creek, upstream of marathon road",Beaver Creek,STREAM,MAIN,TRUE,TRUE,TBD,FALSE
2022-09-24T04:15:00Z,8.22,beaver_creek_usgs_temp_3,60.65107,-151.09076,US/Alaska (UTC-9 / UTC-8),"west fork beaver creek, upstream of marathon road",Beaver Creek,STREAM,MAIN,TRUE,TRUE,TBD,FALSE
2022-09-24T04:30:00Z,8.17,beaver_creek_usgs_temp_3,60.65107,-151.09076,US/Alaska (UTC-9 / UTC-8),"west fork beaver creek, upstream of marathon road",Beaver Creek,STREAM,MAIN,TRUE,TRUE,TBD,FALSE
2022-09-24T04:45:00Z,8.095,beaver_creek_usgs_temp_3,60.65107,-151.09076,US/Alaska (UTC-9 / UTC-8),"west fork beaver creek, upstream of marathon road",Beaver Creek,STREAM,MAIN,TRUE,TRUE,TBD,FALSE
2022-09-24T05:00:00Z,8.045,beaver_creek_usgs_temp_3,60.65107,-151.09076,US/Alaska (UTC-9 / UTC-8),"west fork beaver creek, upstream of marathon road",Beaver Creek,STREAM,MAIN,TRUE,TRUE,TBD,FALSE
2022-09-24T05:15:00Z,7.97,beaver_creek_usgs_temp_3,60.65107,-151.09076,US/Alaska (UTC-9 / UTC-8),"west fork beaver creek, upstream of marathon road",Beaver Creek,STREAM,MAIN,TRUE,TRUE,TBD,FALSE
2022-09-24T05:30:00Z,7.895,beaver_creek_usgs_temp_3,60.65107,-151.09076,US/Alaska (UTC-9 / UTC-8),"west fork beaver creek, upstream of marathon road",Beaver Creek,STREAM,MAIN,TRUE,TRUE,TBD,FALSE
2022-09-24T05:45:00Z,7.845,beaver_creek_usgs_temp_3,60.65107,-151.09076,US/Alaska (UTC-9 / UTC-8),"west fork beaver creek, upstream of marathon road",Beaver Creek,STREAM,MAIN,TRUE,TRUE,TBD,FALSE
2022-09-24T06:00:00Z,7.77,beaver_creek_usgs_temp_3,60.65107,-151.09076,US/Alaska (UTC-9 / UTC-8),"west fork beaver creek, upstream of marathon road",Beaver Creek,STREAM,MAIN,TRUE,TRUE,TBD,FALSE
2022-09-24T06:15:00Z,7.695,beaver_creek_usgs_temp_3,60.65107,-151.09076,US/Alaska (UTC-9 / UTC-8),"west fork beaver creek, upstream of marathon road",Beaver Creek,STREAM,MAIN,TRUE,TRUE,TBD,FALSE
2022-09-24T06:30:00Z,7.645,beaver_creek_usgs_temp_3,60.65107,-151.09076,US/Alaska (UTC-9 / UTC-8),"west fork beaver creek, upstream of marathon road",Beaver Creek,STREAM,MAIN,TRUE,TRUE,TBD,FALSE
2022-09-24T06:45:00Z,7.569,beaver_creek_usgs_temp_3,60.65107,-151.09076,US/Alaska (UTC-9 / UTC-8),"west fork beaver creek, upstream of marathon road",Beaver Creek,STREAM,MAIN,TRUE,TRUE,TBD,FALSE
2022-09-24T07:00:00Z,7.494,beaver_creek_usgs_temp_3,60.65107,-151.09076,US/Alaska (UTC-9 / UTC-8),"west fork beaver creek, upstream of marathon road",Beaver Creek,STREAM,MAIN,TRUE,TRUE,TBD,FALSE
2022-09-24T07:15:00Z,7.444,beaver_creek_usgs_temp_3,60.65107,-151.09076,US/Alaska (UTC-9 / UTC-8),"west fork beaver creek, upstream of marathon road",Beaver Creek,STREAM,MAIN,TRUE,TRUE,TBD,FALSE
2022-09-24T07:30:00Z,7.393,beaver_creek_usgs_temp_3,60.65107,-151.09076,US/Alaska (UTC-9 / UTC-8),"west fork beaver creek, upstream of marathon road",Beaver Creek,STREAM,MAIN,TRUE,TRUE,TBD,FALSE
2022-09-24T07:45:00Z,7.343,beaver_creek_usgs_temp_3,60.65107,-151.09076,US/Alaska (UTC-9 / UTC-8),"west fork beaver creek, upstream of marathon road",Beaver Creek,STREAM,MAIN,TRUE,TRUE,TBD,FALSE
2022-09-24T08:00:00Z,7.268,beaver_creek_usgs_temp_3,60.65107,-151.09076,US/Alaska (UTC-9 / UTC-8),"west fork beaver creek, upstream of marathon road",Beaver Creek,STREAM,MAIN,TRUE,TRUE,TBD,FALSE
2022-09-24T08:15:00Z,7.192,beaver_creek_usgs_temp_3,60.65107,-151.09076,US/Alaska (UTC-9 / UTC-8),"west fork beaver creek, upstream of marathon road",Beaver Creek,STREAM,MAIN,TRUE,TRUE,TBD,FALSE
2022-09-24T08:30:00Z,7.142,beaver_creek_usgs_temp_3,60.65107,-151.09076,US/Alaska (UTC-9 / UTC-8),"west fork beaver creek, upstream of marathon road",Beaver Creek,STREAM,MAIN,TRUE,TRUE,TBD,FALSE
2022-09-24T08:45:00Z,7.091,beaver_creek_usgs_temp_3,60.65107,-151.09076,US/Alaska (UTC-9 / UTC-8),"west fork beaver creek, upstream of marathon road",Beaver Creek,STREAM,MAIN,TRUE,TRUE,TBD,FALSE
2022-09-24T09:00:00Z,7.066,beaver_creek_usgs_temp_3,60.65107,-151.09076,US/Alaska (UTC-9 / UTC-8),"west fork beaver creek, upstream of marathon road",Beaver Creek,STREAM,MAIN,TRUE,TRUE,TBD,FALSE
2022-09-24T09:15:00Z,7.066,beaver_creek_usgs_temp_3,60.65107,-151.09076,US/Alaska (UTC-9 / UTC-8),"west fork beaver creek, upstream of marathon road",Beaver Creek,STREAM,MAIN,TRUE,TRUE,TBD,FALSE
2022-09-24T09:30:00Z,7.041,beaver_creek_usgs_temp_3,60.65107,-151.09076,US/Alaska (UTC-9 / UTC-8),"west fork beaver creek, upstream of marathon road",Beaver Creek,STREAM,MAIN,TRUE,TRUE,TBD,FALSE
2022-09-24T09:45:00Z,7.015,beaver_creek_usgs_temp_3,60.65107,-151.09076,US/Alaska (UTC-9 / UTC-8),"west fork beaver creek, upstream of marathon road",Beaver Creek,STREAM,MAIN,TRUE,TRUE,TBD,FALSE
2022-09-24T10:00:00Z,7.015,beaver_creek_usgs_temp_3,60.65107,-151.09076,US/Alaska (UTC-9 / UTC-8),"west fork beaver creek, upstream of marathon road",Beaver Creek,STREAM,MAIN,TRUE,TRUE,TBD,FALSE
2022-09-24T10:15:00Z,7.015,beaver_creek_usgs_temp_3,60.65107,-151.09076,US/Alaska (UTC-9 / UTC-8),"west fork beaver creek, upstream of marathon road",Beaver Creek,STREAM,MAIN,TRUE,TRUE,TBD,FALSE
2022-09-24T10:30:00Z,7.041,beaver_creek_usgs_temp_3,60.65107,-151.09076,US/Alaska (UTC-9 / UTC-8),"west fork beaver creek, upstream of marathon road",Beaver Creek,STREAM,MAIN,TRUE,TRUE,TBD,FALSE
2022-09-24T10:45:00Z,7.041,beaver_creek_usgs_temp_3,60.65107,-151.09076,US/Alaska (UTC-9 / UTC-8),"west fork beaver creek, upstream of marathon road",Beaver Creek,STREAM,MAIN,TRUE,TRUE,TBD,FALSE
2022-09-24T11:00:00Z,7.015,beaver_creek_usgs_temp_3,60.65107,-151.09076,US/Alaska (UTC-9 / UTC-8),"west fork beaver creek, upstream of marathon road",Beaver Creek,STREAM,MAIN,TRUE,TRUE,TBD,FALSE
2022-09-24T11:15:00Z,7.041,beaver_creek_usgs_temp_3,60.65107,-151.09076,US/Alaska (UTC-9 / UTC-8),"west fork beaver creek, upstream of marathon road",Beaver Creek,STREAM,MAIN,TRUE,TRUE,TBD,FALSE
2022-09-24T11:30:00Z,7.167,beaver_creek_usgs_temp_3,60.65107,-151.09076,US/Alaska (UTC-9 / UTC-8),"west fork beaver creek, upstream of marathon road",Beaver Creek,STREAM,MAIN,TRUE,TRUE,TBD,FALSE
2022-09-24T11:45:00Z,7.217,beaver_creek_usgs_temp_3,60.65107,-151.09076,US/Alaska (UTC-9 / UTC-8),"west fork beaver creek, upstream of marathon road",Beaver Creek,STREAM,MAIN,TRUE,TRUE,TBD,FALSE
2022-09-24T12:00:00Z,7.318,beaver_creek_usgs_temp_3,60.65107,-151.09076,US/Alaska (UTC-9 / UTC-8),"west fork beaver creek, upstream of marathon road",Beaver Creek,STREAM,MAIN,TRUE,TRUE,TBD,FALSE
2022-09-24T12:15:00Z,7.393,beaver_creek_usgs_temp_3,60.65107,-151.09076,US/Alaska (UTC-9 / UTC-8),"west fork beaver creek, upstream of marathon road",Beaver Creek,STREAM,MAIN,TRUE,TRUE,TBD,FALSE
2022-09-24T12:30:00Z,7.494,beaver_creek_usgs_temp_3,60.65107,-151.09076,US/Alaska (UTC-9 / UTC-8),"west fork beaver creek, upstream of marathon road",Beaver Creek,STREAM,MAIN,TRUE,TRUE,TBD,FALSE
2022-09-24T12:45:00Z,7.569,beaver_creek_usgs_temp_3,60.65107,-151.09076,US/Alaska (UTC-9 / UTC-8),"west fork beaver creek, upstream of marathon road",Beaver Creek,STREAM,MAIN,TRUE,TRUE,TBD,FALSE
2022-09-24T13:00:00Z,7.645,beaver_creek_usgs_temp_3,60.65107,-151.09076,US/Alaska (UTC-9 / UTC-8),"west fork beaver creek, upstream of marathon road",Beaver Creek,STREAM,MAIN,TRUE,TRUE,TBD,FALSE
2022-09-24T13:15:00Z,7.67,beaver_creek_usgs_temp_3,60.65107,-151.09076,US/Alaska (UTC-9 / UTC-8),"west fork beaver creek, upstream of marathon road",Beaver Creek,STREAM,MAIN,TRUE,TRUE,TBD,FALSE
2022-09-24T13:30:00Z,7.745,beaver_creek_usgs_temp_3,60.65107,-151.09076,US/Alaska (UTC-9 / UTC-8),"west fork beaver creek, upstream of marathon road",Beaver Creek,STREAM,MAIN,TRUE,TRUE,TBD,FALSE
2022-09-24T13:45:00Z,7.845,beaver_creek_usgs_temp_3,60.65107,-151.09076,US/Alaska (UTC-9 / UTC-8),"west fork beaver creek, upstream of marathon road",Beaver Creek,STREAM,MAIN,TRUE,TRUE,TBD,FALSE
2022-09-24T14:00:00Z,7.92,beaver_creek_usgs_temp_3,60.65107,-151.09076,US/Alaska (UTC-9 / UTC-8),"west fork beaver creek, upstream of marathon road",Beaver Creek,STREAM,MAIN,TRUE,TRUE,TBD,FALSE
2022-09-24T14:15:00Z,7.995,beaver_creek_usgs_temp_3,60.65107,-151.09076,US/Alaska (UTC-9 / UTC-8),"west fork beaver creek, upstream of marathon road",Beaver Creek,STREAM,MAIN,TRUE,TRUE,TBD,FALSE
2022-09-24T14:30:00Z,8.07,beaver_creek_usgs_temp_3,60.65107,-151.09076,US/Alaska (UTC-9 / UTC-8),"west fork beaver creek, upstream of marathon road",Beaver Creek,STREAM,MAIN,TRUE,TRUE,TBD,FALSE
2022-09-24T14:45:00Z,8.145,beaver_creek_usgs_temp_3,60.65107,-151.09076,US/Alaska (UTC-9 / UTC-8),"west fork beaver creek, upstream of marathon road",Beaver Creek,STREAM,MAIN,TRUE,TRUE,TBD,FALSE
2022-09-24T15:00:00Z,8.195,beaver_creek_usgs_temp_3,60.65107,-151.09076,US/Alaska (UTC-9 / UTC-8),"west fork beaver creek, upstream of marathon road",Beaver Creek,STREAM,MAIN,TRUE,TRUE,TBD,FALSE
2022-09-24T15:15:00Z,8.27,beaver_creek_usgs_temp_3,60.65107,-151.09076,US/Alaska (UTC-9 / UTC-8),"west fork beaver creek, upstream of marathon road",Beaver Creek,STREAM,MAIN,TRUE,TRUE,TBD,FALSE
2022-09-24T15:30:00Z,8.344,beaver_creek_usgs_temp_3,60.65107,-151.09076,US/Alaska (UTC-9 / UTC-8),"west fork beaver creek, upstream of marathon road",Beaver Creek,STREAM,MAIN,TRUE,TRUE,TBD,FALSE
2022-09-24T15:45:00Z,8.394,beaver_creek_usgs_temp_3,60.65107,-151.09076,US/Alaska (UTC-9 / UTC-8),"west fork beaver creek, upstream of marathon road",Beaver Creek,STREAM,MAIN,TRUE,TRUE,TBD,FALSE
2022-09-24T16:00:00Z,8.444,beaver_creek_usgs_temp_3,60.65107,-151.09076,US/Alaska (UTC-9 / UTC-8),"west fork beaver creek, upstream of marathon road",Beaver Creek,STREAM,MAIN,TRUE,TRUE,TBD,FALSE
2022-09-24T16:15:00Z,8.494,beaver_creek_usgs_temp_3,60.65107,-151.09076,US/Alaska (UTC-9 / UTC-8),"west fork beaver creek, upstream of marathon road",Beaver Creek,STREAM,MAIN,TRUE,TRUE,TBD,FALSE
2022-09-24T16:30:00Z,8.543,beaver_creek_usgs_temp_3,60.65107,-151.09076,US/Alaska (UTC-9 / UTC-8),"west fork beaver creek, upstream of marathon road",Beaver Creek,STREAM,MAIN,TRUE,TRUE,TBD,FALSE
2022-09-24T16:45:00Z,8.568,beaver_creek_usgs_temp_3,60.65107,-151.09076,US/Alaska (UTC-9 / UTC-8),"west fork beaver creek, upstream of marathon road",Beaver Creek,STREAM,MAIN,TRUE,TRUE,TBD,FALSE
2022-09-24T17:00:00Z,8.593,beaver_creek_usgs_temp_3,60.65107,-151.09076,US/Alaska (UTC-9 / UTC-8),"west fork beaver creek, upstream of marathon road",Beaver Creek,STREAM,MAIN,TRUE,TRUE,TBD,FALSE
2022-09-24T17:15:00Z,8.618,beaver_creek_usgs_temp_3,60.65107,-151.09076,US/Alaska (UTC-9 / UTC-8),"west fork beaver creek, upstream of marathon road",Beaver Creek,STREAM,MAIN,TRUE,TRUE,TBD,FALSE
2022-09-24T17:30:00Z,8.643,beaver_creek_usgs_temp_3,60.65107,-151.09076,US/Alaska (UTC-9 / UTC-8),"west fork beaver creek, upstream of marathon road",Beaver Creek,STREAM,MAIN,TRUE,TRUE,TBD,FALSE
2022-09-24T17:45:00Z,8.643,beaver_creek_usgs_temp_3,60.65107,-151.09076,US/Alaska (UTC-9 / UTC-8),"west fork beaver creek, upstream of marathon road",Beaver Creek,STREAM,MAIN,TRUE,TRUE,TBD,FALSE
2022-09-24T18:00:00Z,8.643,beaver_creek_usgs_temp_3,60.65107,-151.09076,US/Alaska (UTC-9 / UTC-8),"west fork beaver creek, upstream of marathon road",Beaver Creek,STREAM,MAIN,TRUE,TRUE,TBD,FALSE
2022-09-24T18:15:00Z,8.668,beaver_creek_usgs_temp_3,60.65107,-151.09076,US/Alaska (UTC-9 / UTC-8),"west fork beaver creek, upstream of marathon road",Beaver Creek,STREAM,MAIN,TRUE,TRUE,TBD,FALSE
2022-09-24T18:30:00Z,8.668,beaver_creek_usgs_temp_3,60.65107,-151.09076,US/Alaska (UTC-9 / UTC-8),"west fork beaver creek, upstream of marathon road",Beaver Creek,STREAM,MAIN,TRUE,TRUE,TBD,FALSE
2022-09-24T18:45:00Z,8.668,beaver_creek_usgs_temp_3,60.65107,-151.09076,US/Alaska (UTC-9 / UTC-8),"west fork beaver creek, upstream of marathon road",Beaver Creek,STREAM,MAIN,TRUE,TRUE,TBD,FALSE
2022-09-24T19:00:00Z,8.668,beaver_creek_usgs_temp_3,60.65107,-151.09076,US/Alaska (UTC-9 / UTC-8),"west fork beaver creek, upstream of marathon road",Beaver Creek,STREAM,MAIN,TRUE,TRUE,TBD,FALSE
2022-09-24T19:15:00Z,8.643,beaver_creek_usgs_temp_3,60.65107,-151.09076,US/Alaska (UTC-9 / UTC-8),"west fork beaver creek, upstream of marathon road",Beaver Creek,STREAM,MAIN,TRUE,TRUE,TBD,FALSE
2022-09-24T19:30:00Z,8.643,beaver_creek_usgs_temp_3,60.65107,-151.09076,US/Alaska (UTC-9 / UTC-8),"west fork beaver creek, upstream of marathon road",Beaver Creek,STREAM,MAIN,TRUE,TRUE,TBD,FALSE
2022-09-24T19:45:00Z,8.643,beaver_creek_usgs_temp_3,60.65107,-151.09076,US/Alaska (UTC-9 / UTC-8),"west fork beaver creek, upstream of marathon road",Beaver Creek,STREAM,MAIN,TRUE,TRUE,TBD,FALSE
2022-09-24T20:00:00Z,8.643,beaver_creek_usgs_temp_3,60.65107,-151.09076,US/Alaska (UTC-9 / UTC-8),"west fork beaver creek, upstream of marathon road",Beaver Creek,STREAM,MAIN,TRUE,TRUE,TBD,FALSE
2022-09-24T20:15:00Z,8.618,beaver_creek_usgs_temp_3,60.65107,-151.09076,US/Alaska (UTC-9 / UTC-8),"west fork beaver creek, upstream of marathon road",Beaver Creek,STREAM,MAIN,TRUE,TRUE,TBD,FALSE
2022-09-24T20:30:00Z,8.618,beaver_creek_usgs_temp_3,60.65107,-151.09076,US/Alaska (UTC-9 / UTC-8),"west fork beaver creek, upstream of marathon road",Beaver Creek,STREAM,MAIN,TRUE,TRUE,TBD,FALSE
2022-09-24T20:45:00Z,8.593,beaver_creek_usgs_temp_3,60.65107,-151.09076,US/Alaska (UTC-9 / UTC-8),"west fork beaver creek, upstream of marathon road",Beaver Creek,STREAM,MAIN,TRUE,TRUE,TBD,FALSE
2022-09-24T21:00:00Z,8.593,beaver_creek_usgs_temp_3,60.65107,-151.09076,US/Alaska (UTC-9 / UTC-8),"west fork beaver creek, upstream of marathon road",Beaver Creek,STREAM,MAIN,TRUE,TRUE,TBD,FALSE
2022-09-24T21:15:00Z,8.568,beaver_creek_usgs_temp_3,60.65107,-151.09076,US/Alaska (UTC-9 / UTC-8),"west fork beaver creek, upstream of marathon road",Beaver Creek,STREAM,MAIN,TRUE,TRUE,TBD,FALSE
2022-09-24T21:30:00Z,8.543,beaver_creek_usgs_temp_3,60.65107,-151.09076,US/Alaska (UTC-9 / UTC-8),"west fork beaver creek, upstream of marathon road",Beaver Creek,STREAM,MAIN,TRUE,TRUE,TBD,FALSE
2022-09-24T21:45:00Z,8.543,beaver_creek_usgs_temp_3,60.65107,-151.09076,US/Alaska (UTC-9 / UTC-8),"west fork beaver creek, upstream of marathon road",Beaver Creek,STREAM,MAIN,TRUE,TRUE,TBD,FALSE
2022-09-24T22:00:00Z,8.543,beaver_creek_usgs_temp_3,60.65107,-151.09076,US/Alaska (UTC-9 / UTC-8),"west fork beaver creek, upstream of marathon road",Beaver Creek,STREAM,MAIN,TRUE,TRUE,TBD,FALSE
2022-09-24T22:15:00Z,8.519,beaver_creek_usgs_temp_3,60.65107,-151.09076,US/Alaska (UTC-9 / UTC-8),"west fork beaver creek, upstream of marathon road",Beaver Creek,STREAM,MAIN,TRUE,TRUE,TBD,FALSE
2022-09-24T22:30:00Z,8.519,beaver_creek_usgs_temp_3,60.65107,-151.09076,US/Alaska (UTC-9 / UTC-8),"west fork beaver creek, upstream of marathon road",Beaver Creek,STREAM,MAIN,TRUE,TRUE,TBD,FALSE
2022-09-24T22:45:00Z,8.519,beaver_creek_usgs_temp_3,60.65107,-151.09076,US/Alaska (UTC-9 / UTC-8),"west fork beaver creek, upstream of marathon road",Beaver Creek,STREAM,MAIN,TRUE,TRUE,TBD,FALSE
2022-09-24T23:00:00Z,8.494,beaver_creek_usgs_temp_3,60.65107,-151.09076,US/Alaska (UTC-9 / UTC-8),"west fork beaver creek, upstream of marathon road",Beaver Creek,STREAM,MAIN,TRUE,TRUE,TBD,FALSE
2022-09-24T23:15:00Z,8.494,beaver_creek_usgs_temp_3,60.65107,-151.09076,US/Alaska (UTC-9 / UTC-8),"west fork beaver creek, upstream of marathon road",Beaver Creek,STREAM,MAIN,TRUE,TRUE,TBD,FALSE
2022-09-24T23:30:00Z,8.469,beaver_creek_usgs_temp_3,60.65107,-151.09076,US/Alaska (UTC-9 / UTC-8),"west fork beaver creek, upstream of marathon road",Beaver Creek,STREAM,MAIN,TRUE,TRUE,TBD,FALSE
2022-09-24T23:45:00Z,8.469,beaver_creek_usgs_temp_3,60.65107,-151.09076,US/Alaska (UTC-9 / UTC-8),"west fork beaver creek, upstream of marathon road",Beaver Creek,STREAM,MAIN,TRUE,TRUE,TBD,FALSE
2022-09-25T00:00:00Z,8.469,beaver_creek_usgs_temp_3,60.65107,-151.09076,US/Alaska (UTC-9 / UTC-8),"west fork beaver creek, upstream of marathon road",Beaver Creek,STREAM,MAIN,TRUE,TRUE,TBD,FALSE
2022-09-25T00:15:00Z,8.444,beaver_creek_usgs_temp_3,60.65107,-151.09076,US/Alaska (UTC-9 / UTC-8),"west fork beaver creek, upstream of marathon road",Beaver Creek,STREAM,MAIN,TRUE,TRUE,TBD,FALSE
2022-09-25T00:30:00Z,8.444,beaver_creek_usgs_temp_3,60.65107,-151.09076,US/Alaska (UTC-9 / UTC-8),"west fork beaver creek, upstream of marathon road",Beaver Creek,STREAM,MAIN,TRUE,TRUE,TBD,FALSE
2022-09-25T00:45:00Z,8.394,beaver_creek_usgs_temp_3,60.65107,-151.09076,US/Alaska (UTC-9 / UTC-8),"west fork beaver creek, upstream of marathon road",Beaver Creek,STREAM,MAIN,TRUE,TRUE,TBD,FALSE
2022-09-25T01:00:00Z,8.369,beaver_creek_usgs_temp_3,60.65107,-151.09076,US/Alaska (UTC-9 / UTC-8),"west fork beaver creek, upstream of marathon road",Beaver Creek,STREAM,MAIN,TRUE,TRUE,TBD,FALSE
2022-09-25T01:15:00Z,8.344,beaver_creek_usgs_temp_3,60.65107,-151.09076,US/Alaska (UTC-9 / UTC-8),"west fork beaver creek, upstream of marathon road",Beaver Creek,STREAM,MAIN,TRUE,TRUE,TBD,FALSE
2022-09-25T01:30:00Z,8.344,beaver_creek_usgs_temp_3,60.65107,-151.09076,US/Alaska (UTC-9 / UTC-8),"west fork beaver creek, upstream of marathon road",Beaver Creek,STREAM,MAIN,TRUE,TRUE,TBD,FALSE
2022-09-25T01:45:00Z,8.295,beaver_creek_usgs_temp_3,60.65107,-151.09076,US/Alaska (UTC-9 / UTC-8),"west fork beaver creek, upstream of marathon road",Beaver Creek,STREAM,MAIN,TRUE,TRUE,TBD,FALSE
2022-09-25T02:00:00Z,8.245,beaver_creek_usgs_temp_3,60.65107,-151.09076,US/Alaska (UTC-9 / UTC-8),"west fork beaver creek, upstream of marathon road",Beaver Creek,STREAM,MAIN,TRUE,TRUE,TBD,FALSE
2022-09-25T02:15:00Z,8.195,beaver_creek_usgs_temp_3,60.65107,-151.09076,US/Alaska (UTC-9 / UTC-8),"west fork beaver creek, upstream of marathon road",Beaver Creek,STREAM,MAIN,TRUE,TRUE,TBD,FALSE
2022-09-25T02:30:00Z,8.145,beaver_creek_usgs_temp_3,60.65107,-151.09076,US/Alaska (UTC-9 / UTC-8),"west fork beaver creek, upstream of marathon road",Beaver Creek,STREAM,MAIN,TRUE,TRUE,TBD,FALSE
2022-09-25T02:45:00Z,8.07,beaver_creek_usgs_temp_3,60.65107,-151.09076,US/Alaska (UTC-9 / UTC-8),"west fork beaver creek, upstream of marathon road",Beaver Creek,STREAM,MAIN,TRUE,TRUE,TBD,FALSE
2022-09-25T03:00:00Z,8.02,beaver_creek_usgs_temp_3,60.65107,-151.09076,US/Alaska (UTC-9 / UTC-8),"west fork beaver creek, upstream of marathon road",Beaver Creek,STREAM,MAIN,TRUE,TRUE,TBD,FALSE
2022-09-25T03:15:00Z,7.945,beaver_creek_usgs_temp_3,60.65107,-151.09076,US/Alaska (UTC-9 / UTC-8),"west fork beaver creek, upstream of marathon road",Beaver Creek,STREAM,MAIN,TRUE,TRUE,TBD,FALSE
2022-09-25T03:30:00Z,7.895,beaver_creek_usgs_temp_3,60.65107,-151.09076,US/Alaska (UTC-9 / UTC-8),"west fork beaver creek, upstream of marathon road",Beaver Creek,STREAM,MAIN,TRUE,TRUE,TBD,FALSE
2022-09-25T03:45:00Z,7.845,beaver_creek_usgs_temp_3,60.65107,-151.09076,US/Alaska (UTC-9 / UTC-8),"west fork beaver creek, upstream of marathon road",Beaver Creek,STREAM,MAIN,TRUE,TRUE,TBD,FALSE
2022-09-25T04:00:00Z,7.795,beaver_creek_usgs_temp_3,60.65107,-151.09076,US/Alaska (UTC-9 / UTC-8),"west fork beaver creek, upstream of marathon road",Beaver Creek,STREAM,MAIN,TRUE,TRUE,TBD,FALSE
2022-09-25T04:15:00Z,7.77,beaver_creek_usgs_temp_3,60.65107,-151.09076,US/Alaska (UTC-9 / UTC-8),"west fork beaver creek, upstream of marathon road",Beaver Creek,STREAM,MAIN,TRUE,TRUE,TBD,FALSE
2022-09-25T04:30:00Z,7.745,beaver_creek_usgs_temp_3,60.65107,-151.09076,US/Alaska (UTC-9 / UTC-8),"west fork beaver creek, upstream of marathon road",Beaver Creek,STREAM,MAIN,TRUE,TRUE,TBD,FALSE
2022-09-25T04:45:00Z,7.72,beaver_creek_usgs_temp_3,60.65107,-151.09076,US/Alaska (UTC-9 / UTC-8),"west fork beaver creek, upstream of marathon road",Beaver Creek,STREAM,MAIN,TRUE,TRUE,TBD,FALSE
2022-09-25T05:00:00Z,7.695,beaver_creek_usgs_temp_3,60.65107,-151.09076,US/Alaska (UTC-9 / UTC-8),"west fork beaver creek, upstream of marathon road",Beaver Creek,STREAM,MAIN,TRUE,TRUE,TBD,FALSE
2022-09-25T05:15:00Z,7.67,beaver_creek_usgs_temp_3,60.65107,-151.09076,US/Alaska (UTC-9 / UTC-8),"west fork beaver creek, upstream of marathon road",Beaver Creek,STREAM,MAIN,TRUE,TRUE,TBD,FALSE
2022-09-25T05:30:00Z,7.619,beaver_creek_usgs_temp_3,60.65107,-151.09076,US/Alaska (UTC-9 / UTC-8),"west fork beaver creek, upstream of marathon road",Beaver Creek,STREAM,MAIN,TRUE,TRUE,TBD,FALSE
2022-09-25T05:45:00Z,7.594,beaver_creek_usgs_temp_3,60.65107,-151.09076,US/Alaska (UTC-9 / UTC-8),"west fork beaver creek, upstream of marathon road",Beaver Creek,STREAM,MAIN,TRUE,TRUE,TBD,FALSE
2022-09-25T06:00:00Z,7.544,beaver_creek_usgs_temp_3,60.65107,-151.09076,US/Alaska (UTC-9 / UTC-8),"west fork beaver creek, upstream of marathon road",Beaver Creek,STREAM,MAIN,TRUE,TRUE,TBD,FALSE
2022-09-25T06:15:00Z,7.519,beaver_creek_usgs_temp_3,60.65107,-151.09076,US/Alaska (UTC-9 / UTC-8),"west fork beaver creek, upstream of marathon road",Beaver Creek,STREAM,MAIN,TRUE,TRUE,TBD,FALSE
2022-09-25T06:30:00Z,7.444,beaver_creek_usgs_temp_3,60.65107,-151.09076,US/Alaska (UTC-9 / UTC-8),"west fork beaver creek, upstream of marathon road",Beaver Creek,STREAM,MAIN,TRUE,TRUE,TBD,FALSE
2022-09-25T06:45:00Z,7.393,beaver_creek_usgs_temp_3,60.65107,-151.09076,US/Alaska (UTC-9 / UTC-8),"west fork beaver creek, upstream of marathon road",Beaver Creek,STREAM,MAIN,TRUE,TRUE,TBD,FALSE
2022-09-25T07:00:00Z,7.343,beaver_creek_usgs_temp_3,60.65107,-151.09076,US/Alaska (UTC-9 / UTC-8),"west fork beaver creek, upstream of marathon road",Beaver Creek,STREAM,MAIN,TRUE,TRUE,TBD,FALSE
2022-09-25T07:15:00Z,7.293,beaver_creek_usgs_temp_3,60.65107,-151.09076,US/Alaska (UTC-9 / UTC-8),"west fork beaver creek, upstream of marathon road",Beaver Creek,STREAM,MAIN,TRUE,TRUE,TBD,FALSE
2022-09-25T07:30:00Z,7.242,beaver_creek_usgs_temp_3,60.65107,-151.09076,US/Alaska (UTC-9 / UTC-8),"west fork beaver creek, upstream of marathon road",Beaver Creek,STREAM,MAIN,TRUE,TRUE,TBD,FALSE
2022-09-25T07:45:00Z,7.192,beaver_creek_usgs_temp_3,60.65107,-151.09076,US/Alaska (UTC-9 / UTC-8),"west fork beaver creek, upstream of marathon road",Beaver Creek,STREAM,MAIN,TRUE,TRUE,TBD,FALSE
2022-09-25T08:00:00Z,7.167,beaver_creek_usgs_temp_3,60.65107,-151.09076,US/Alaska (UTC-9 / UTC-8),"west fork beaver creek, upstream of marathon road",Beaver Creek,STREAM,MAIN,TRUE,TRUE,TBD,FALSE
2022-09-25T08:15:00Z,7.142,beaver_creek_usgs_temp_3,60.65107,-151.09076,US/Alaska (UTC-9 / UTC-8),"west fork beaver creek, upstream of marathon road",Beaver Creek,STREAM,MAIN,TRUE,TRUE,TBD,FALSE
2022-09-25T08:30:00Z,7.116,beaver_creek_usgs_temp_3,60.65107,-151.09076,US/Alaska (UTC-9 / UTC-8),"west fork beaver creek, upstream of marathon road",Beaver Creek,STREAM,MAIN,TRUE,TRUE,TBD,FALSE
2022-09-25T08:45:00Z,7.066,beaver_creek_usgs_temp_3,60.65107,-151.09076,US/Alaska (UTC-9 / UTC-8),"west fork beaver creek, upstream of marathon road",Beaver Creek,STREAM,MAIN,TRUE,TRUE,TBD,FALSE
2022-09-25T09:00:00Z,7.041,beaver_creek_usgs_temp_3,60.65107,-151.09076,US/Alaska (UTC-9 / UTC-8),"west fork beaver creek, upstream of marathon road",Beaver Creek,STREAM,MAIN,TRUE,TRUE,TBD,FALSE
2022-09-25T09:15:00Z,7.041,beaver_creek_usgs_temp_3,60.65107,-151.09076,US/Alaska (UTC-9 / UTC-8),"west fork beaver creek, upstream of marathon road",Beaver Creek,STREAM,MAIN,TRUE,TRUE,TBD,FALSE
2022-09-25T09:30:00Z,7.041,beaver_creek_usgs_temp_3,60.65107,-151.09076,US/Alaska (UTC-9 / UTC-8),"west fork beaver creek, upstream of marathon road",Beaver Creek,STREAM,MAIN,TRUE,TRUE,TBD,FALSE
2022-09-25T09:45:00Z,7.041,beaver_creek_usgs_temp_3,60.65107,-151.09076,US/Alaska (UTC-9 / UTC-8),"west fork beaver creek, upstream of marathon road",Beaver Creek,STREAM,MAIN,TRUE,TRUE,TBD,FALSE
2022-09-25T10:00:00Z,7.066,beaver_creek_usgs_temp_3,60.65107,-151.09076,US/Alaska (UTC-9 / UTC-8),"west fork beaver creek, upstream of marathon road",Beaver Creek,STREAM,MAIN,TRUE,TRUE,TBD,FALSE
2022-09-25T10:15:00Z,7.091,beaver_creek_usgs_temp_3,60.65107,-151.09076,US/Alaska (UTC-9 / UTC-8),"west fork beaver creek, upstream of marathon road",Beaver Creek,STREAM,MAIN,TRUE,TRUE,TBD,FALSE
2022-09-25T10:30:00Z,7.116,beaver_creek_usgs_temp_3,60.65107,-151.09076,US/Alaska (UTC-9 / UTC-8),"west fork beaver creek, upstream of marathon road",Beaver Creek,STREAM,MAIN,TRUE,TRUE,TBD,FALSE
2022-09-25T10:45:00Z,7.142,beaver_creek_usgs_temp_3,60.65107,-151.09076,US/Alaska (UTC-9 / UTC-8),"west fork beaver creek, upstream of marathon road",Beaver Creek,STREAM,MAIN,TRUE,TRUE,TBD,FALSE
2022-09-25T11:00:00Z,7.192,beaver_creek_usgs_temp_3,60.65107,-151.09076,US/Alaska (UTC-9 / UTC-8),"west fork beaver creek, upstream of marathon road",Beaver Creek,STREAM,MAIN,TRUE,TRUE,TBD,FALSE
2022-09-25T11:15:00Z,7.242,beaver_creek_usgs_temp_3,60.65107,-151.09076,US/Alaska (UTC-9 / UTC-8),"west fork beaver creek, upstream of marathon road",Beaver Creek,STREAM,MAIN,TRUE,TRUE,TBD,FALSE
2022-09-25T11:30:00Z,7.343,beaver_creek_usgs_temp_3,60.65107,-151.09076,US/Alaska (UTC-9 / UTC-8),"west fork beaver creek, upstream of marathon road",Beaver Creek,STREAM,MAIN,TRUE,TRUE,TBD,FALSE
2022-09-25T11:45:00Z,7.444,beaver_creek_usgs_temp_3,60.65107,-151.09076,US/Alaska (UTC-9 / UTC-8),"west fork beaver creek, upstream of marathon road",Beaver Creek,STREAM,MAIN,TRUE,TRUE,TBD,FALSE
2022-09-25T12:00:00Z,7.494,beaver_creek_usgs_temp_3,60.65107,-151.09076,US/Alaska (UTC-9 / UTC-8),"west fork beaver creek, upstream of marathon road",Beaver Creek,STREAM,MAIN,TRUE,TRUE,TBD,FALSE
2022-09-25T12:15:00Z,7.569,beaver_creek_usgs_temp_3,60.65107,-151.09076,US/Alaska (UTC-9 / UTC-8),"west fork beaver creek, upstream of marathon road",Beaver Creek,STREAM,MAIN,TRUE,TRUE,TBD,FALSE
2022-09-25T12:30:00Z,7.619,beaver_creek_usgs_temp_3,60.65107,-151.09076,US/Alaska (UTC-9 / UTC-8),"west fork beaver creek, upstream of marathon road",Beaver Creek,STREAM,MAIN,TRUE,TRUE,TBD,FALSE
2022-09-25T12:45:00Z,7.745,beaver_creek_usgs_temp_3,60.65107,-151.09076,US/Alaska (UTC-9 / UTC-8),"west fork beaver creek, upstream of marathon road",Beaver Creek,STREAM,MAIN,TRUE,TRUE,TBD,FALSE
2022-09-25T13:00:00Z,7.87,beaver_creek_usgs_temp_3,60.65107,-151.09076,US/Alaska (UTC-9 / UTC-8),"west fork beaver creek, upstream of marathon road",Beaver Creek,STREAM,MAIN,TRUE,TRUE,TBD,FALSE
2022-09-25T13:15:00Z,7.92,beaver_creek_usgs_temp_3,60.65107,-151.09076,US/Alaska (UTC-9 / UTC-8),"west fork beaver creek, upstream of marathon road",Beaver Creek,STREAM,MAIN,TRUE,TRUE,TBD,FALSE
2022-09-25T13:30:00Z,8.045,beaver_creek_usgs_temp_3,60.65107,-151.09076,US/Alaska (UTC-9 / UTC-8),"west fork beaver creek, upstream of marathon road",Beaver Creek,STREAM,MAIN,TRUE,TRUE,TBD,FALSE
2022-09-25T13:45:00Z,8.12,beaver_creek_usgs_temp_3,60.65107,-151.09076,US/Alaska (UTC-9 / UTC-8),"west fork beaver creek, upstream of marathon road",Beaver Creek,STREAM,MAIN,TRUE,TRUE,TBD,FALSE
2022-09-25T14:00:00Z,8.195,beaver_creek_usgs_temp_3,60.65107,-151.09076,US/Alaska (UTC-9 / UTC-8),"west fork beaver creek, upstream of marathon road",Beaver Creek,STREAM,MAIN,TRUE,TRUE,TBD,FALSE
2022-09-25T14:15:00Z,8.27,beaver_creek_usgs_temp_3,60.65107,-151.09076,US/Alaska (UTC-9 / UTC-8),"west fork beaver creek, upstream of marathon road",Beaver Creek,STREAM,MAIN,TRUE,TRUE,TBD,FALSE
2022-09-25T14:30:00Z,8.394,beaver_creek_usgs_temp_3,60.65107,-151.09076,US/Alaska (UTC-9 / UTC-8),"west fork beaver creek, upstream of marathon road",Beaver Creek,STREAM,MAIN,TRUE,TRUE,TBD,FALSE
2022-09-25T14:45:00Z,8.543,beaver_creek_usgs_temp_3,60.65107,-151.09076,US/Alaska (UTC-9 / UTC-8),"west fork beaver creek, upstream of marathon road",Beaver Creek,STREAM,MAIN,TRUE,TRUE,TBD,FALSE
2022-09-25T15:00:00Z,8.643,beaver_creek_usgs_temp_3,60.65107,-151.09076,US/Alaska (UTC-9 / UTC-8),"west fork beaver creek, upstream of marathon road",Beaver Creek,STREAM,MAIN,TRUE,TRUE,TBD,FALSE
2022-09-25T15:15:00Z,8.693,beaver_creek_usgs_temp_3,60.65107,-151.09076,US/Alaska (UTC-9 / UTC-8),"west fork beaver creek, upstream of marathon road",Beaver Creek,STREAM,MAIN,TRUE,TRUE,TBD,FALSE
2022-09-25T15:30:00Z,8.742,beaver_creek_usgs_temp_3,60.65107,-151.09076,US/Alaska (UTC-9 / UTC-8),"west fork beaver creek, upstream of marathon road",Beaver Creek,STREAM,MAIN,TRUE,TRUE,TBD,FALSE
2022-09-25T15:45:00Z,8.841,beaver_creek_usgs_temp_3,60.65107,-151.09076,US/Alaska (UTC-9 / UTC-8),"west fork beaver creek, upstream of marathon road",Beaver Creek,STREAM,MAIN,TRUE,TRUE,TBD,FALSE
2022-09-25T16:00:00Z,8.941,beaver_creek_usgs_temp_3,60.65107,-151.09076,US/Alaska (UTC-9 / UTC-8),"west fork beaver creek, upstream of marathon road",Beaver Creek,STREAM,MAIN,TRUE,TRUE,TBD,FALSE
2022-09-25T16:15:00Z,8.99,beaver_creek_usgs_temp_3,60.65107,-151.09076,US/Alaska (UTC-9 / UTC-8),"west fork beaver creek, upstream of marathon road",Beaver Creek,STREAM,MAIN,TRUE,TRUE,TBD,FALSE
2022-09-25T16:30:00Z,8.99,beaver_creek_usgs_temp_3,60.65107,-151.09076,US/Alaska (UTC-9 / UTC-8),"west fork beaver creek, upstream of marathon road",Beaver Creek,STREAM,MAIN,TRUE,TRUE,TBD,FALSE
2022-09-25T16:45:00Z,9.089,beaver_creek_usgs_temp_3,60.65107,-151.09076,US/Alaska (UTC-9 / UTC-8),"west fork beaver creek, upstream of marathon road",Beaver Creek,STREAM,MAIN,TRUE,TRUE,TBD,FALSE
2022-09-25T17:00:00Z,9.188,beaver_creek_usgs_temp_3,60.65107,-151.09076,US/Alaska (UTC-9 / UTC-8),"west fork beaver creek, upstream of marathon road",Beaver Creek,STREAM,MAIN,TRUE,TRUE,TBD,FALSE
2022-09-25T17:15:00Z,9.238,beaver_creek_usgs_temp_3,60.65107,-151.09076,US/Alaska (UTC-9 / UTC-8),"west fork beaver creek, upstream of marathon road",Beaver Creek,STREAM,MAIN,TRUE,TRUE,TBD,FALSE
2022-09-25T17:30:00Z,9.287,beaver_creek_usgs_temp_3,60.65107,-151.09076,US/Alaska (UTC-9 / UTC-8),"west fork beaver creek, upstream of marathon road",Beaver Creek,STREAM,MAIN,TRUE,TRUE,TBD,FALSE
2022-09-25T17:45:00Z,9.361,beaver_creek_usgs_temp_3,60.65107,-151.09076,US/Alaska (UTC-9 / UTC-8),"west fork beaver creek, upstream of marathon road",Beaver Creek,STREAM,MAIN,TRUE,TRUE,TBD,FALSE
2022-09-25T18:00:00Z,9.361,beaver_creek_usgs_temp_3,60.65107,-151.09076,US/Alaska (UTC-9 / UTC-8),"west fork beaver creek, upstream of marathon road",Beaver Creek,STREAM,MAIN,TRUE,TRUE,TBD,FALSE
2022-09-25T18:15:00Z,9.361,beaver_creek_usgs_temp_3,60.65107,-151.09076,US/Alaska (UTC-9 / UTC-8),"west fork beaver creek, upstream of marathon road",Beaver Creek,STREAM,MAIN,TRUE,TRUE,TBD,FALSE
2022-09-25T18:30:00Z,9.361,beaver_creek_usgs_temp_3,60.65107,-151.09076,US/Alaska (UTC-9 / UTC-8),"west fork beaver creek, upstream of marathon road",Beaver Creek,STREAM,MAIN,TRUE,TRUE,TBD,FALSE
2022-09-25T18:45:00Z,9.386,beaver_creek_usgs_temp_3,60.65107,-151.09076,US/Alaska (UTC-9 / UTC-8),"west fork beaver creek, upstream of marathon road",Beaver Creek,STREAM,MAIN,TRUE,TRUE,TBD,FALSE
2022-09-25T19:00:00Z,9.361,beaver_creek_usgs_temp_3,60.65107,-151.09076,US/Alaska (UTC-9 / UTC-8),"west fork beaver creek, upstream of marathon road",Beaver Creek,STREAM,MAIN,TRUE,TRUE,TBD,FALSE
2022-09-25T19:15:00Z,9.361,beaver_creek_usgs_temp_3,60.65107,-151.09076,US/Alaska (UTC-9 / UTC-8),"west fork beaver creek, upstream of marathon road",Beaver Creek,STREAM,MAIN,TRUE,TRUE,TBD,FALSE
2022-09-25T19:30:00Z,9.336,beaver_creek_usgs_temp_3,60.65107,-151.09076,US/Alaska (UTC-9 / UTC-8),"west fork beaver creek, upstream of marathon road",Beaver Creek,STREAM,MAIN,TRUE,TRUE,TBD,FALSE
2022-09-25T19:45:00Z,9.336,beaver_creek_usgs_temp_3,60.65107,-151.09076,US/Alaska (UTC-9 / UTC-8),"west fork beaver creek, upstream of marathon road",Beaver Creek,STREAM,MAIN,TRUE,TRUE,TBD,FALSE
2022-09-25T20:00:00Z,9.312,beaver_creek_usgs_temp_3,60.65107,-151.09076,US/Alaska (UTC-9 / UTC-8),"west fork beaver creek, upstream of marathon road",Beaver Creek,STREAM,MAIN,TRUE,TRUE,TBD,FALSE
2022-09-25T20:15:00Z,9.287,beaver_creek_usgs_temp_3,60.65107,-151.09076,US/Alaska (UTC-9 / UTC-8),"west fork beaver creek, upstream of marathon road",Beaver Creek,STREAM,MAIN,TRUE,TRUE,TBD,FALSE
2022-09-25T20:30:00Z,9.262,beaver_creek_usgs_temp_3,60.65107,-151.09076,US/Alaska (UTC-9 / UTC-8),"west fork beaver creek, upstream of marathon road",Beaver Creek,STREAM,MAIN,TRUE,TRUE,TBD,FALSE
2022-09-25T20:45:00Z,9.238,beaver_creek_usgs_temp_3,60.65107,-151.09076,US/Alaska (UTC-9 / UTC-8),"west fork beaver creek, upstream of marathon road",Beaver Creek,STREAM,MAIN,TRUE,TRUE,TBD,FALSE
2022-09-25T21:00:00Z,9.213,beaver_creek_usgs_temp_3,60.65107,-151.09076,US/Alaska (UTC-9 / UTC-8),"west fork beaver creek, upstream of marathon road",Beaver Creek,STREAM,MAIN,TRUE,TRUE,TBD,FALSE
2022-09-25T21:15:00Z,9.163,beaver_creek_usgs_temp_3,60.65107,-151.09076,US/Alaska (UTC-9 / UTC-8),"west fork beaver creek, upstream of marathon road",Beaver Creek,STREAM,MAIN,TRUE,TRUE,TBD,FALSE
2022-09-25T21:30:00Z,9.089,beaver_creek_usgs_temp_3,60.65107,-151.09076,US/Alaska (UTC-9 / UTC-8),"west fork beaver creek, upstream of marathon road",Beaver Creek,STREAM,MAIN,TRUE,TRUE,TBD,FALSE
2022-09-25T21:45:00Z,9.04,beaver_creek_usgs_temp_3,60.65107,-151.09076,US/Alaska (UTC-9 / UTC-8),"west fork beaver creek, upstream of marathon road",Beaver Creek,STREAM,MAIN,TRUE,TRUE,TBD,FALSE
2022-09-25T22:00:00Z,8.99,beaver_creek_usgs_temp_3,60.65107,-151.09076,US/Alaska (UTC-9 / UTC-8),"west fork beaver creek, upstream of marathon road",Beaver Creek,STREAM,MAIN,TRUE,TRUE,TBD,FALSE
2022-09-25T22:15:00Z,8.941,beaver_creek_usgs_temp_3,60.65107,-151.09076,US/Alaska (UTC-9 / UTC-8),"west fork beaver creek, upstream of marathon road",Beaver Creek,STREAM,MAIN,TRUE,TRUE,TBD,FALSE
2022-09-25T22:30:00Z,8.891,beaver_creek_usgs_temp_3,60.65107,-151.09076,US/Alaska (UTC-9 / UTC-8),"west fork beaver creek, upstream of marathon road",Beaver Creek,STREAM,MAIN,TRUE,TRUE,TBD,FALSE
2022-09-25T22:45:00Z,8.866,beaver_creek_usgs_temp_3,60.65107,-151.09076,US/Alaska (UTC-9 / UTC-8),"west fork beaver creek, upstream of marathon road",Beaver Creek,STREAM,MAIN,TRUE,TRUE,TBD,FALSE
2022-09-25T23:00:00Z,8.841,beaver_creek_usgs_temp_3,60.65107,-151.09076,US/Alaska (UTC-9 / UTC-8),"west fork beaver creek, upstream of marathon road",Beaver Creek,STREAM,MAIN,TRUE,TRUE,TBD,FALSE
2022-09-25T23:15:00Z,8.792,beaver_creek_usgs_temp_3,60.65107,-151.09076,US/Alaska (UTC-9 / UTC-8),"west fork beaver creek, upstream of marathon road",Beaver Creek,STREAM,MAIN,TRUE,TRUE,TBD,FALSE
2022-09-25T23:30:00Z,8.767,beaver_creek_usgs_temp_3,60.65107,-151.09076,US/Alaska (UTC-9 / UTC-8),"west fork beaver creek, upstream of marathon road",Beaver Creek,STREAM,MAIN,TRUE,TRUE,TBD,FALSE
2022-09-25T23:45:00Z,8.717,beaver_creek_usgs_temp_3,60.65107,-151.09076,US/Alaska (UTC-9 / UTC-8),"west fork beaver creek, upstream of marathon road",Beaver Creek,STREAM,MAIN,TRUE,TRUE,TBD,FALSE
2022-09-26T00:00:00Z,8.668,beaver_creek_usgs_temp_3,60.65107,-151.09076,US/Alaska (UTC-9 / UTC-8),"west fork beaver creek, upstream of marathon road",Beaver Creek,STREAM,MAIN,TRUE,TRUE,TBD,FALSE
2022-09-26T00:15:00Z,8.643,beaver_creek_usgs_temp_3,60.65107,-151.09076,US/Alaska (UTC-9 / UTC-8),"west fork beaver creek, upstream of marathon road",Beaver Creek,STREAM,MAIN,TRUE,TRUE,TBD,FALSE
2022-09-26T00:30:00Z,8.618,beaver_creek_usgs_temp_3,60.65107,-151.09076,US/Alaska (UTC-9 / UTC-8),"west fork beaver creek, upstream of marathon road",Beaver Creek,STREAM,MAIN,TRUE,TRUE,TBD,FALSE
2022-09-26T00:45:00Z,8.593,beaver_creek_usgs_temp_3,60.65107,-151.09076,US/Alaska (UTC-9 / UTC-8),"west fork beaver creek, upstream of marathon road",Beaver Creek,STREAM,MAIN,TRUE,TRUE,TBD,FALSE
2022-09-26T01:00:00Z,8.568,beaver_creek_usgs_temp_3,60.65107,-151.09076,US/Alaska (UTC-9 / UTC-8),"west fork beaver creek, upstream of marathon road",Beaver Creek,STREAM,MAIN,TRUE,TRUE,TBD,FALSE
2022-09-26T01:15:00Z,8.543,beaver_creek_usgs_temp_3,60.65107,-151.09076,US/Alaska (UTC-9 / UTC-8),"west fork beaver creek, upstream of marathon road",Beaver Creek,STREAM,MAIN,TRUE,TRUE,TBD,FALSE
2022-09-26T01:30:00Z,8.519,beaver_creek_usgs_temp_3,60.65107,-151.09076,US/Alaska (UTC-9 / UTC-8),"west fork beaver creek, upstream of marathon road",Beaver Creek,STREAM,MAIN,TRUE,TRUE,TBD,FALSE
2022-09-26T01:45:00Z,8.494,beaver_creek_usgs_temp_3,60.65107,-151.09076,US/Alaska (UTC-9 / UTC-8),"west fork beaver creek, upstream of marathon road",Beaver Creek,STREAM,MAIN,TRUE,TRUE,TBD,FALSE
2022-09-26T02:00:00Z,8.444,beaver_creek_usgs_temp_3,60.65107,-151.09076,US/Alaska (UTC-9 / UTC-8),"west fork beaver creek, upstream of marathon road",Beaver Creek,STREAM,MAIN,TRUE,TRUE,TBD,FALSE
2022-09-26T02:15:00Z,8.444,beaver_creek_usgs_temp_3,60.65107,-151.09076,US/Alaska (UTC-9 / UTC-8),"west fork beaver creek, upstream of marathon road",Beaver Creek,STREAM,MAIN,TRUE,TRUE,TBD,FALSE
2022-09-26T02:30:00Z,8.394,beaver_creek_usgs_temp_3,60.65107,-151.09076,US/Alaska (UTC-9 / UTC-8),"west fork beaver creek, upstream of marathon road",Beaver Creek,STREAM,MAIN,TRUE,TRUE,TBD,FALSE
2022-09-26T02:45:00Z,8.344,beaver_creek_usgs_temp_3,60.65107,-151.09076,US/Alaska (UTC-9 / UTC-8),"west fork beaver creek, upstream of marathon road",Beaver Creek,STREAM,MAIN,TRUE,TRUE,TBD,FALSE
2022-09-26T03:00:00Z,8.319,beaver_creek_usgs_temp_3,60.65107,-151.09076,US/Alaska (UTC-9 / UTC-8),"west fork beaver creek, upstream of marathon road",Beaver Creek,STREAM,MAIN,TRUE,TRUE,TBD,FALSE
2022-09-26T03:15:00Z,8.295,beaver_creek_usgs_temp_3,60.65107,-151.09076,US/Alaska (UTC-9 / UTC-8),"west fork beaver creek, upstream of marathon road",Beaver Creek,STREAM,MAIN,TRUE,TRUE,TBD,FALSE
2022-09-26T03:30:00Z,8.27,beaver_creek_usgs_temp_3,60.65107,-151.09076,US/Alaska (UTC-9 / UTC-8),"west fork beaver creek, upstream of marathon road",Beaver Creek,STREAM,MAIN,TRUE,TRUE,TBD,FALSE
2022-09-26T03:45:00Z,8.245,beaver_creek_usgs_temp_3,60.65107,-151.09076,US/Alaska (UTC-9 / UTC-8),"west fork beaver creek, upstream of marathon road",Beaver Creek,STREAM,MAIN,TRUE,TRUE,TBD,FALSE
2022-09-26T04:00:00Z,8.195,beaver_creek_usgs_temp_3,60.65107,-151.09076,US/Alaska (UTC-9 / UTC-8),"west fork beaver creek, upstream of marathon road",Beaver Creek,STREAM,MAIN,TRUE,TRUE,TBD,FALSE
2022-09-26T04:15:00Z,8.195,beaver_creek_usgs_temp_3,60.65107,-151.09076,US/Alaska (UTC-9 / UTC-8),"west fork beaver creek, upstream of marathon road",Beaver Creek,STREAM,MAIN,TRUE,TRUE,TBD,FALSE
2022-09-26T04:30:00Z,8.145,beaver_creek_usgs_temp_3,60.65107,-151.09076,US/Alaska (UTC-9 / UTC-8),"west fork beaver creek, upstream of marathon road",Beaver Creek,STREAM,MAIN,TRUE,TRUE,TBD,FALSE
2022-09-26T04:45:00Z,8.145,beaver_creek_usgs_temp_3,60.65107,-151.09076,US/Alaska (UTC-9 / UTC-8),"west fork beaver creek, upstream of marathon road",Beaver Creek,STREAM,MAIN,TRUE,TRUE,TBD,FALSE
2022-09-26T05:00:00Z,8.095,beaver_creek_usgs_temp_3,60.65107,-151.09076,US/Alaska (UTC-9 / UTC-8),"west fork beaver creek, upstream of marathon road",Beaver Creek,STREAM,MAIN,TRUE,TRUE,TBD,FALSE
2022-09-26T05:15:00Z,8.07,beaver_creek_usgs_temp_3,60.65107,-151.09076,US/Alaska (UTC-9 / UTC-8),"west fork beaver creek, upstream of marathon road",Beaver Creek,STREAM,MAIN,TRUE,TRUE,TBD,FALSE
2022-09-26T05:30:00Z,8.045,beaver_creek_usgs_temp_3,60.65107,-151.09076,US/Alaska (UTC-9 / UTC-8),"west fork beaver creek, upstream of marathon road",Beaver Creek,STREAM,MAIN,TRUE,TRUE,TBD,FALSE
2022-09-26T05:45:00Z,7.995,beaver_creek_usgs_temp_3,60.65107,-151.09076,US/Alaska (UTC-9 / UTC-8),"west fork beaver creek, upstream of marathon road",Beaver Creek,STREAM,MAIN,TRUE,TRUE,TBD,FALSE
2022-09-26T06:00:00Z,7.92,beaver_creek_usgs_temp_3,60.65107,-151.09076,US/Alaska (UTC-9 / UTC-8),"west fork beaver creek, upstream of marathon road",Beaver Creek,STREAM,MAIN,TRUE,TRUE,TBD,FALSE
2022-09-26T06:15:00Z,7.845,beaver_creek_usgs_temp_3,60.65107,-151.09076,US/Alaska (UTC-9 / UTC-8),"west fork beaver creek, upstream of marathon road",Beaver Creek,STREAM,MAIN,TRUE,TRUE,TBD,FALSE
2022-09-26T06:30:00Z,7.77,beaver_creek_usgs_temp_3,60.65107,-151.09076,US/Alaska (UTC-9 / UTC-8),"west fork beaver creek, upstream of marathon road",Beaver Creek,STREAM,MAIN,TRUE,TRUE,TBD,FALSE
2022-09-26T06:45:00Z,7.72,beaver_creek_usgs_temp_3,60.65107,-151.09076,US/Alaska (UTC-9 / UTC-8),"west fork beaver creek, upstream of marathon road",Beaver Creek,STREAM,MAIN,TRUE,TRUE,TBD,FALSE
2022-09-26T07:00:00Z,7.645,beaver_creek_usgs_temp_3,60.65107,-151.09076,US/Alaska (UTC-9 / UTC-8),"west fork beaver creek, upstream of marathon road",Beaver Creek,STREAM,MAIN,TRUE,TRUE,TBD,FALSE
2022-09-26T07:15:00Z,7.594,beaver_creek_usgs_temp_3,60.65107,-151.09076,US/Alaska (UTC-9 / UTC-8),"west fork beaver creek, upstream of marathon road",Beaver Creek,STREAM,MAIN,TRUE,TRUE,TBD,FALSE
2022-09-26T07:30:00Z,7.519,beaver_creek_usgs_temp_3,60.65107,-151.09076,US/Alaska (UTC-9 / UTC-8),"west fork beaver creek, upstream of marathon road",Beaver Creek,STREAM,MAIN,TRUE,TRUE,TBD,FALSE
2022-09-26T07:45:00Z,7.469,beaver_creek_usgs_temp_3,60.65107,-151.09076,US/Alaska (UTC-9 / UTC-8),"west fork beaver creek, upstream of marathon road",Beaver Creek,STREAM,MAIN,TRUE,TRUE,TBD,FALSE
2022-09-26T08:00:00Z,7.393,beaver_creek_usgs_temp_3,60.65107,-151.09076,US/Alaska (UTC-9 / UTC-8),"west fork beaver creek, upstream of marathon road",Beaver Creek,STREAM,MAIN,TRUE,TRUE,TBD,FALSE
2022-09-26T08:15:00Z,7.318,beaver_creek_usgs_temp_3,60.65107,-151.09076,US/Alaska (UTC-9 / UTC-8),"west fork beaver creek, upstream of marathon road",Beaver Creek,STREAM,MAIN,TRUE,TRUE,TBD,FALSE
2022-09-26T08:30:00Z,7.242,beaver_creek_usgs_temp_3,60.65107,-151.09076,US/Alaska (UTC-9 / UTC-8),"west fork beaver creek, upstream of marathon road",Beaver Creek,STREAM,MAIN,TRUE,TRUE,TBD,FALSE
2022-09-26T08:45:00Z,7.192,beaver_creek_usgs_temp_3,60.65107,-151.09076,US/Alaska (UTC-9 / UTC-8),"west fork beaver creek, upstream of marathon road",Beaver Creek,STREAM,MAIN,TRUE,TRUE,TBD,FALSE
2022-09-26T09:00:00Z,7.142,beaver_creek_usgs_temp_3,60.65107,-151.09076,US/Alaska (UTC-9 / UTC-8),"west fork beaver creek, upstream of marathon road",Beaver Creek,STREAM,MAIN,TRUE,TRUE,TBD,FALSE
2022-09-26T09:15:00Z,7.066,beaver_creek_usgs_temp_3,60.65107,-151.09076,US/Alaska (UTC-9 / UTC-8),"west fork beaver creek, upstream of marathon road",Beaver Creek,STREAM,MAIN,TRUE,TRUE,TBD,FALSE
2022-09-26T09:30:00Z,7.041,beaver_creek_usgs_temp_3,60.65107,-151.09076,US/Alaska (UTC-9 / UTC-8),"west fork beaver creek, upstream of marathon road",Beaver Creek,STREAM,MAIN,TRUE,TRUE,TBD,FALSE
2022-09-26T09:45:00Z,7.015,beaver_creek_usgs_temp_3,60.65107,-151.09076,US/Alaska (UTC-9 / UTC-8),"west fork beaver creek, upstream of marathon road",Beaver Creek,STREAM,MAIN,TRUE,TRUE,TBD,FALSE
2022-09-26T10:00:00Z,6.99,beaver_creek_usgs_temp_3,60.65107,-151.09076,US/Alaska (UTC-9 / UTC-8),"west fork beaver creek, upstream of marathon road",Beaver Creek,STREAM,MAIN,TRUE,TRUE,TBD,FALSE
2022-09-26T10:15:00Z,6.99,beaver_creek_usgs_temp_3,60.65107,-151.09076,US/Alaska (UTC-9 / UTC-8),"west fork beaver creek, upstream of marathon road",Beaver Creek,STREAM,MAIN,TRUE,TRUE,TBD,FALSE
2022-09-26T10:30:00Z,6.99,beaver_creek_usgs_temp_3,60.65107,-151.09076,US/Alaska (UTC-9 / UTC-8),"west fork beaver creek, upstream of marathon road",Beaver Creek,STREAM,MAIN,TRUE,TRUE,TBD,FALSE
2022-09-26T10:45:00Z,7.015,beaver_creek_usgs_temp_3,60.65107,-151.09076,US/Alaska (UTC-9 / UTC-8),"west fork beaver creek, upstream of marathon road",Beaver Creek,STREAM,MAIN,TRUE,TRUE,TBD,FALSE
2022-09-26T11:00:00Z,7.041,beaver_creek_usgs_temp_3,60.65107,-151.09076,US/Alaska (UTC-9 / UTC-8),"west fork beaver creek, upstream of marathon road",Beaver Creek,STREAM,MAIN,TRUE,TRUE,TBD,FALSE
2022-09-26T11:15:00Z,7.091,beaver_creek_usgs_temp_3,60.65107,-151.09076,US/Alaska (UTC-9 / UTC-8),"west fork beaver creek, upstream of marathon road",Beaver Creek,STREAM,MAIN,TRUE,TRUE,TBD,FALSE
2022-09-26T11:30:00Z,7.142,beaver_creek_usgs_temp_3,60.65107,-151.09076,US/Alaska (UTC-9 / UTC-8),"west fork beaver creek, upstream of marathon road",Beaver Creek,STREAM,MAIN,TRUE,TRUE,TBD,FALSE
2022-09-26T11:45:00Z,7.192,beaver_creek_usgs_temp_3,60.65107,-151.09076,US/Alaska (UTC-9 / UTC-8),"west fork beaver creek, upstream of marathon road",Beaver Creek,STREAM,MAIN,TRUE,TRUE,TBD,FALSE
2022-09-26T12:00:00Z,7.242,beaver_creek_usgs_temp_3,60.65107,-151.09076,US/Alaska (UTC-9 / UTC-8),"west fork beaver creek, upstream of marathon road",Beaver Creek,STREAM,MAIN,TRUE,TRUE,TBD,FALSE
2022-09-26T12:15:00Z,7.293,beaver_creek_usgs_temp_3,60.65107,-151.09076,US/Alaska (UTC-9 / UTC-8),"west fork beaver creek, upstream of marathon road",Beaver Creek,STREAM,MAIN,TRUE,TRUE,TBD,FALSE
2022-09-26T12:30:00Z,7.393,beaver_creek_usgs_temp_3,60.65107,-151.09076,US/Alaska (UTC-9 / UTC-8),"west fork beaver creek, upstream of marathon road",Beaver Creek,STREAM,MAIN,TRUE,TRUE,TBD,FALSE
2022-09-26T12:45:00Z,7.494,beaver_creek_usgs_temp_3,60.65107,-151.09076,US/Alaska (UTC-9 / UTC-8),"west fork beaver creek, upstream of marathon road",Beaver Creek,STREAM,MAIN,TRUE,TRUE,TBD,FALSE
2022-09-26T13:00:00Z,7.619,beaver_creek_usgs_temp_3,60.65107,-151.09076,US/Alaska (UTC-9 / UTC-8),"west fork beaver creek, upstream of marathon road",Beaver Creek,STREAM,MAIN,TRUE,TRUE,TBD,FALSE
2022-09-26T13:15:00Z,7.695,beaver_creek_usgs_temp_3,60.65107,-151.09076,US/Alaska (UTC-9 / UTC-8),"west fork beaver creek, upstream of marathon road",Beaver Creek,STREAM,MAIN,TRUE,TRUE,TBD,FALSE
2022-09-26T13:30:00Z,7.745,beaver_creek_usgs_temp_3,60.65107,-151.09076,US/Alaska (UTC-9 / UTC-8),"west fork beaver creek, upstream of marathon road",Beaver Creek,STREAM,MAIN,TRUE,TRUE,TBD,FALSE
2022-09-26T13:45:00Z,7.87,beaver_creek_usgs_temp_3,60.65107,-151.09076,US/Alaska (UTC-9 / UTC-8),"west fork beaver creek, upstream of marathon road",Beaver Creek,STREAM,MAIN,TRUE,TRUE,TBD,FALSE
2022-09-26T14:00:00Z,7.97,beaver_creek_usgs_temp_3,60.65107,-151.09076,US/Alaska (UTC-9 / UTC-8),"west fork beaver creek, upstream of marathon road",Beaver Creek,STREAM,MAIN,TRUE,TRUE,TBD,FALSE
2022-09-26T14:15:00Z,8.07,beaver_creek_usgs_temp_3,60.65107,-151.09076,US/Alaska (UTC-9 / UTC-8),"west fork beaver creek, upstream of marathon road",Beaver Creek,STREAM,MAIN,TRUE,TRUE,TBD,FALSE
2022-09-26T14:30:00Z,8.17,beaver_creek_usgs_temp_3,60.65107,-151.09076,US/Alaska (UTC-9 / UTC-8),"west fork beaver creek, upstream of marathon road",Beaver Creek,STREAM,MAIN,TRUE,TRUE,TBD,FALSE
2022-09-26T14:45:00Z,8.22,beaver_creek_usgs_temp_3,60.65107,-151.09076,US/Alaska (UTC-9 / UTC-8),"west fork beaver creek, upstream of marathon road",Beaver Creek,STREAM,MAIN,TRUE,TRUE,TBD,FALSE
2022-09-26T15:00:00Z,8.295,beaver_creek_usgs_temp_3,60.65107,-151.09076,US/Alaska (UTC-9 / UTC-8),"west fork beaver creek, upstream of marathon road",Beaver Creek,STREAM,MAIN,TRUE,TRUE,TBD,FALSE
2022-09-26T15:15:00Z,8.344,beaver_creek_usgs_temp_3,60.65107,-151.09076,US/Alaska (UTC-9 / UTC-8),"west fork beaver creek, upstream of marathon road",Beaver Creek,STREAM,MAIN,TRUE,TRUE,TBD,FALSE
2022-09-26T15:30:00Z,8.394,beaver_creek_usgs_temp_3,60.65107,-151.09076,US/Alaska (UTC-9 / UTC-8),"west fork beaver creek, upstream of marathon road",Beaver Creek,STREAM,MAIN,TRUE,TRUE,TBD,FALSE
2022-09-26T15:45:00Z,8.444,beaver_creek_usgs_temp_3,60.65107,-151.09076,US/Alaska (UTC-9 / UTC-8),"west fork beaver creek, upstream of marathon road",Beaver Creek,STREAM,MAIN,TRUE,TRUE,TBD,FALSE
2022-09-26T16:00:00Z,8.494,beaver_creek_usgs_temp_3,60.65107,-151.09076,US/Alaska (UTC-9 / UTC-8),"west fork beaver creek, upstream of marathon road",Beaver Creek,STREAM,MAIN,TRUE,TRUE,TBD,FALSE
2022-09-26T16:15:00Z,8.543,beaver_creek_usgs_temp_3,60.65107,-151.09076,US/Alaska (UTC-9 / UTC-8),"west fork beaver creek, upstream of marathon road",Beaver Creek,STREAM,MAIN,TRUE,TRUE,TBD,FALSE
2022-09-26T16:30:00Z,8.593,beaver_creek_usgs_temp_3,60.65107,-151.09076,US/Alaska (UTC-9 / UTC-8),"west fork beaver creek, upstream of marathon road",Beaver Creek,STREAM,MAIN,TRUE,TRUE,TBD,FALSE
2022-09-26T16:45:00Z,8.618,beaver_creek_usgs_temp_3,60.65107,-151.09076,US/Alaska (UTC-9 / UTC-8),"west fork beaver creek, upstream of marathon road",Beaver Creek,STREAM,MAIN,TRUE,TRUE,TBD,FALSE
2022-09-26T17:00:00Z,8.643,beaver_creek_usgs_temp_3,60.65107,-151.09076,US/Alaska (UTC-9 / UTC-8),"west fork beaver creek, upstream of marathon road",Beaver Creek,STREAM,MAIN,TRUE,TRUE,TBD,FALSE
2022-09-26T17:15:00Z,8.643,beaver_creek_usgs_temp_3,60.65107,-151.09076,US/Alaska (UTC-9 / UTC-8),"west fork beaver creek, upstream of marathon road",Beaver Creek,STREAM,MAIN,TRUE,TRUE,TBD,FALSE
2022-09-26T17:30:00Z,8.668,beaver_creek_usgs_temp_3,60.65107,-151.09076,US/Alaska (UTC-9 / UTC-8),"west fork beaver creek, upstream of marathon road",Beaver Creek,STREAM,MAIN,TRUE,TRUE,TBD,FALSE
2022-09-26T17:45:00Z,8.643,beaver_creek_usgs_temp_3,60.65107,-151.09076,US/Alaska (UTC-9 / UTC-8),"west fork beaver creek, upstream of marathon road",Beaver Creek,STREAM,MAIN,TRUE,TRUE,TBD,FALSE
2022-09-26T18:00:00Z,8.643,beaver_creek_usgs_temp_3,60.65107,-151.09076,US/Alaska (UTC-9 / UTC-8),"west fork beaver creek, upstream of marathon road",Beaver Creek,STREAM,MAIN,TRUE,TRUE,TBD,FALSE
2022-09-26T18:15:00Z,8.643,beaver_creek_usgs_temp_3,60.65107,-151.09076,US/Alaska (UTC-9 / UTC-8),"west fork beaver creek, upstream of marathon road",Beaver Creek,STREAM,MAIN,TRUE,TRUE,TBD,FALSE
2022-09-26T18:30:00Z,8.643,beaver_creek_usgs_temp_3,60.65107,-151.09076,US/Alaska (UTC-9 / UTC-8),"west fork beaver creek, upstream of marathon road",Beaver Creek,STREAM,MAIN,TRUE,TRUE,TBD,FALSE
2022-09-26T18:45:00Z,8.618,beaver_creek_usgs_temp_3,60.65107,-151.09076,US/Alaska (UTC-9 / UTC-8),"west fork beaver creek, upstream of marathon road",Beaver Creek,STREAM,MAIN,TRUE,TRUE,TBD,FALSE
2022-09-26T19:00:00Z,8.593,beaver_creek_usgs_temp_3,60.65107,-151.09076,US/Alaska (UTC-9 / UTC-8),"west fork beaver creek, upstream of marathon road",Beaver Creek,STREAM,MAIN,TRUE,TRUE,TBD,FALSE
2022-09-26T19:15:00Z,8.593,beaver_creek_usgs_temp_3,60.65107,-151.09076,US/Alaska (UTC-9 / UTC-8),"west fork beaver creek, upstream of marathon road",Beaver Creek,STREAM,MAIN,TRUE,TRUE,TBD,FALSE
2022-09-26T19:30:00Z,8.568,beaver_creek_usgs_temp_3,60.65107,-151.09076,US/Alaska (UTC-9 / UTC-8),"west fork beaver creek, upstream of marathon road",Beaver Creek,STREAM,MAIN,TRUE,TRUE,TBD,FALSE
2022-09-26T19:45:00Z,8.543,beaver_creek_usgs_temp_3,60.65107,-151.09076,US/Alaska (UTC-9 / UTC-8),"west fork beaver creek, upstream of marathon road",Beaver Creek,STREAM,MAIN,TRUE,TRUE,TBD,FALSE
2022-09-26T20:00:00Z,8.519,beaver_creek_usgs_temp_3,60.65107,-151.09076,US/Alaska (UTC-9 / UTC-8),"west fork beaver creek, upstream of marathon road",Beaver Creek,STREAM,MAIN,TRUE,TRUE,TBD,FALSE
2022-09-26T20:15:00Z,8.494,beaver_creek_usgs_temp_3,60.65107,-151.09076,US/Alaska (UTC-9 / UTC-8),"west fork beaver creek, upstream of marathon road",Beaver Creek,STREAM,MAIN,TRUE,TRUE,TBD,FALSE
2022-09-26T20:30:00Z,8.469,beaver_creek_usgs_temp_3,60.65107,-151.09076,US/Alaska (UTC-9 / UTC-8),"west fork beaver creek, upstream of marathon road",Beaver Creek,STREAM,MAIN,TRUE,TRUE,TBD,FALSE
2022-09-26T20:45:00Z,8.444,beaver_creek_usgs_temp_3,60.65107,-151.09076,US/Alaska (UTC-9 / UTC-8),"west fork beaver creek, upstream of marathon road",Beaver Creek,STREAM,MAIN,TRUE,TRUE,TBD,FALSE
2022-09-26T21:00:00Z,8.394,beaver_creek_usgs_temp_3,60.65107,-151.09076,US/Alaska (UTC-9 / UTC-8),"west fork beaver creek, upstream of marathon road",Beaver Creek,STREAM,MAIN,TRUE,TRUE,TBD,FALSE
2022-09-26T21:15:00Z,8.369,beaver_creek_usgs_temp_3,60.65107,-151.09076,US/Alaska (UTC-9 / UTC-8),"west fork beaver creek, upstream of marathon road",Beaver Creek,STREAM,MAIN,TRUE,TRUE,TBD,FALSE
2022-09-26T21:30:00Z,8.319,beaver_creek_usgs_temp_3,60.65107,-151.09076,US/Alaska (UTC-9 / UTC-8),"west fork beaver creek, upstream of marathon road",Beaver Creek,STREAM,MAIN,TRUE,TRUE,TBD,FALSE
2022-09-26T21:45:00Z,8.27,beaver_creek_usgs_temp_3,60.65107,-151.09076,US/Alaska (UTC-9 / UTC-8),"west fork beaver creek, upstream of marathon road",Beaver Creek,STREAM,MAIN,TRUE,TRUE,TBD,FALSE
2022-09-26T22:00:00Z,8.245,beaver_creek_usgs_temp_3,60.65107,-151.09076,US/Alaska (UTC-9 / UTC-8),"west fork beaver creek, upstream of marathon road",Beaver Creek,STREAM,MAIN,TRUE,TRUE,TBD,FALSE
2022-09-26T22:15:00Z,8.195,beaver_creek_usgs_temp_3,60.65107,-151.09076,US/Alaska (UTC-9 / UTC-8),"west fork beaver creek, upstream of marathon road",Beaver Creek,STREAM,MAIN,TRUE,TRUE,TBD,FALSE
2022-09-26T22:30:00Z,8.17,beaver_creek_usgs_temp_3,60.65107,-151.09076,US/Alaska (UTC-9 / UTC-8),"west fork beaver creek, upstream of marathon road",Beaver Creek,STREAM,MAIN,TRUE,TRUE,TBD,FALSE
2022-09-26T22:45:00Z,8.145,beaver_creek_usgs_temp_3,60.65107,-151.09076,US/Alaska (UTC-9 / UTC-8),"west fork beaver creek, upstream of marathon road",Beaver Creek,STREAM,MAIN,TRUE,TRUE,TBD,FALSE
2022-09-26T23:00:00Z,8.095,beaver_creek_usgs_temp_3,60.65107,-151.09076,US/Alaska (UTC-9 / UTC-8),"west fork beaver creek, upstream of marathon road",Beaver Creek,STREAM,MAIN,TRUE,TRUE,TBD,FALSE
2022-09-26T23:15:00Z,8.045,beaver_creek_usgs_temp_3,60.65107,-151.09076,US/Alaska (UTC-9 / UTC-8),"west fork beaver creek, upstream of marathon road",Beaver Creek,STREAM,MAIN,TRUE,TRUE,TBD,FALSE
2022-09-26T23:30:00Z,7.995,beaver_creek_usgs_temp_3,60.65107,-151.09076,US/Alaska (UTC-9 / UTC-8),"west fork beaver creek, upstream of marathon road",Beaver Creek,STREAM,MAIN,TRUE,TRUE,TBD,FALSE
2022-09-26T23:45:00Z,7.945,beaver_creek_usgs_temp_3,60.65107,-151.09076,US/Alaska (UTC-9 / UTC-8),"west fork beaver creek, upstream of marathon road",Beaver Creek,STREAM,MAIN,TRUE,TRUE,TBD,FALSE
2022-09-27T00:00:00Z,7.87,beaver_creek_usgs_temp_3,60.65107,-151.09076,US/Alaska (UTC-9 / UTC-8),"west fork beaver creek, upstream of marathon road",Beaver Creek,STREAM,MAIN,TRUE,TRUE,TBD,FALSE
2022-09-27T00:15:00Z,7.845,beaver_creek_usgs_temp_3,60.65107,-151.09076,US/Alaska (UTC-9 / UTC-8),"west fork beaver creek, upstream of marathon road",Beaver Creek,STREAM,MAIN,TRUE,TRUE,TBD,FALSE
2022-09-27T00:30:00Z,7.845,beaver_creek_usgs_temp_3,60.65107,-151.09076,US/Alaska (UTC-9 / UTC-8),"west fork beaver creek, upstream of marathon road",Beaver Creek,STREAM,MAIN,TRUE,TRUE,TBD,FALSE
2022-09-27T00:45:00Z,7.82,beaver_creek_usgs_temp_3,60.65107,-151.09076,US/Alaska (UTC-9 / UTC-8),"west fork beaver creek, upstream of marathon road",Beaver Creek,STREAM,MAIN,TRUE,TRUE,TBD,FALSE
2022-09-27T01:00:00Z,7.795,beaver_creek_usgs_temp_3,60.65107,-151.09076,US/Alaska (UTC-9 / UTC-8),"west fork beaver creek, upstream of marathon road",Beaver Creek,STREAM,MAIN,TRUE,TRUE,TBD,FALSE
2022-09-27T01:15:00Z,7.77,beaver_creek_usgs_temp_3,60.65107,-151.09076,US/Alaska (UTC-9 / UTC-8),"west fork beaver creek, upstream of marathon road",Beaver Creek,STREAM,MAIN,TRUE,TRUE,TBD,FALSE
2022-09-27T01:30:00Z,7.745,beaver_creek_usgs_temp_3,60.65107,-151.09076,US/Alaska (UTC-9 / UTC-8),"west fork beaver creek, upstream of marathon road",Beaver Creek,STREAM,MAIN,TRUE,TRUE,TBD,FALSE
2022-09-27T01:45:00Z,7.745,beaver_creek_usgs_temp_3,60.65107,-151.09076,US/Alaska (UTC-9 / UTC-8),"west fork beaver creek, upstream of marathon road",Beaver Creek,STREAM,MAIN,TRUE,TRUE,TBD,FALSE
2022-09-27T02:00:00Z,7.72,beaver_creek_usgs_temp_3,60.65107,-151.09076,US/Alaska (UTC-9 / UTC-8),"west fork beaver creek, upstream of marathon road",Beaver Creek,STREAM,MAIN,TRUE,TRUE,TBD,FALSE
2022-09-27T02:15:00Z,7.72,beaver_creek_usgs_temp_3,60.65107,-151.09076,US/Alaska (UTC-9 / UTC-8),"west fork beaver creek, upstream of marathon road",Beaver Creek,STREAM,MAIN,TRUE,TRUE,TBD,FALSE
2022-09-27T02:30:00Z,7.695,beaver_creek_usgs_temp_3,60.65107,-151.09076,US/Alaska (UTC-9 / UTC-8),"west fork beaver creek, upstream of marathon road",Beaver Creek,STREAM,MAIN,TRUE,TRUE,TBD,FALSE
2022-09-27T02:45:00Z,7.695,beaver_creek_usgs_temp_3,60.65107,-151.09076,US/Alaska (UTC-9 / UTC-8),"west fork beaver creek, upstream of marathon road",Beaver Creek,STREAM,MAIN,TRUE,TRUE,TBD,FALSE
2022-09-27T03:00:00Z,7.645,beaver_creek_usgs_temp_3,60.65107,-151.09076,US/Alaska (UTC-9 / UTC-8),"west fork beaver creek, upstream of marathon road",Beaver Creek,STREAM,MAIN,TRUE,TRUE,TBD,FALSE
2022-09-27T03:15:00Z,7.645,beaver_creek_usgs_temp_3,60.65107,-151.09076,US/Alaska (UTC-9 / UTC-8),"west fork beaver creek, upstream of marathon road",Beaver Creek,STREAM,MAIN,TRUE,TRUE,TBD,FALSE
2022-09-27T03:30:00Z,7.619,beaver_creek_usgs_temp_3,60.65107,-151.09076,US/Alaska (UTC-9 / UTC-8),"west fork beaver creek, upstream of marathon road",Beaver Creek,STREAM,MAIN,TRUE,TRUE,TBD,FALSE
2022-09-27T03:45:00Z,7.569,beaver_creek_usgs_temp_3,60.65107,-151.09076,US/Alaska (UTC-9 / UTC-8),"west fork beaver creek, upstream of marathon road",Beaver Creek,STREAM,MAIN,TRUE,TRUE,TBD,FALSE
2022-09-27T04:00:00Z,7.519,beaver_creek_usgs_temp_3,60.65107,-151.09076,US/Alaska (UTC-9 / UTC-8),"west fork beaver creek, upstream of marathon road",Beaver Creek,STREAM,MAIN,TRUE,TRUE,TBD,FALSE
2022-09-27T04:15:00Z,7.469,beaver_creek_usgs_temp_3,60.65107,-151.09076,US/Alaska (UTC-9 / UTC-8),"west fork beaver creek, upstream of marathon road",Beaver Creek,STREAM,MAIN,TRUE,TRUE,TBD,FALSE
2022-09-27T04:30:00Z,7.444,beaver_creek_usgs_temp_3,60.65107,-151.09076,US/Alaska (UTC-9 / UTC-8),"west fork beaver creek, upstream of marathon road",Beaver Creek,STREAM,MAIN,TRUE,TRUE,TBD,FALSE
2022-09-27T04:45:00Z,7.419,beaver_creek_usgs_temp_3,60.65107,-151.09076,US/Alaska (UTC-9 / UTC-8),"west fork beaver creek, upstream of marathon road",Beaver Creek,STREAM,MAIN,TRUE,TRUE,TBD,FALSE
2022-09-27T05:00:00Z,7.368,beaver_creek_usgs_temp_3,60.65107,-151.09076,US/Alaska (UTC-9 / UTC-8),"west fork beaver creek, upstream of marathon road",Beaver Creek,STREAM,MAIN,TRUE,TRUE,TBD,FALSE
2022-09-27T05:15:00Z,7.343,beaver_creek_usgs_temp_3,60.65107,-151.09076,US/Alaska (UTC-9 / UTC-8),"west fork beaver creek, upstream of marathon road",Beaver Creek,STREAM,MAIN,TRUE,TRUE,TBD,FALSE
2022-09-27T05:30:00Z,7.343,beaver_creek_usgs_temp_3,60.65107,-151.09076,US/Alaska (UTC-9 / UTC-8),"west fork beaver creek, upstream of marathon road",Beaver Creek,STREAM,MAIN,TRUE,TRUE,TBD,FALSE
2022-09-27T05:45:00Z,7.318,beaver_creek_usgs_temp_3,60.65107,-151.09076,US/Alaska (UTC-9 / UTC-8),"west fork beaver creek, upstream of marathon road",Beaver Creek,STREAM,MAIN,TRUE,TRUE,TBD,FALSE
2022-09-27T06:00:00Z,7.293,beaver_creek_usgs_temp_3,60.65107,-151.09076,US/Alaska (UTC-9 / UTC-8),"west fork beaver creek, upstream of marathon road",Beaver Creek,STREAM,MAIN,TRUE,TRUE,TBD,FALSE
2022-09-27T06:15:00Z,7.268,beaver_creek_usgs_temp_3,60.65107,-151.09076,US/Alaska (UTC-9 / UTC-8),"west fork beaver creek, upstream of marathon road",Beaver Creek,STREAM,MAIN,TRUE,TRUE,TBD,FALSE
2022-09-27T06:30:00Z,7.242,beaver_creek_usgs_temp_3,60.65107,-151.09076,US/Alaska (UTC-9 / UTC-8),"west fork beaver creek, upstream of marathon road",Beaver Creek,STREAM,MAIN,TRUE,TRUE,TBD,FALSE
2022-09-27T06:45:00Z,7.192,beaver_creek_usgs_temp_3,60.65107,-151.09076,US/Alaska (UTC-9 / UTC-8),"west fork beaver creek, upstream of marathon road",Beaver Creek,STREAM,MAIN,TRUE,TRUE,TBD,FALSE
2022-09-27T07:00:00Z,7.167,beaver_creek_usgs_temp_3,60.65107,-151.09076,US/Alaska (UTC-9 / UTC-8),"west fork beaver creek, upstream of marathon road",Beaver Creek,STREAM,MAIN,TRUE,TRUE,TBD,FALSE
2022-09-27T07:15:00Z,7.116,beaver_creek_usgs_temp_3,60.65107,-151.09076,US/Alaska (UTC-9 / UTC-8),"west fork beaver creek, upstream of marathon road",Beaver Creek,STREAM,MAIN,TRUE,TRUE,TBD,FALSE
2022-09-27T07:30:00Z,7.066,beaver_creek_usgs_temp_3,60.65107,-151.09076,US/Alaska (UTC-9 / UTC-8),"west fork beaver creek, upstream of marathon road",Beaver Creek,STREAM,MAIN,TRUE,TRUE,TBD,FALSE
2022-09-27T07:45:00Z,7.015,beaver_creek_usgs_temp_3,60.65107,-151.09076,US/Alaska (UTC-9 / UTC-8),"west fork beaver creek, upstream of marathon road",Beaver Creek,STREAM,MAIN,TRUE,TRUE,TBD,FALSE
2022-09-27T08:00:00Z,6.965,beaver_creek_usgs_temp_3,60.65107,-151.09076,US/Alaska (UTC-9 / UTC-8),"west fork beaver creek, upstream of marathon road",Beaver Creek,STREAM,MAIN,TRUE,TRUE,TBD,FALSE
2022-09-27T08:15:00Z,6.914,beaver_creek_usgs_temp_3,60.65107,-151.09076,US/Alaska (UTC-9 / UTC-8),"west fork beaver creek, upstream of marathon road",Beaver Creek,STREAM,MAIN,TRUE,TRUE,TBD,FALSE
2022-09-27T08:30:00Z,6.839,beaver_creek_usgs_temp_3,60.65107,-151.09076,US/Alaska (UTC-9 / UTC-8),"west fork beaver creek, upstream of marathon road",Beaver Creek,STREAM,MAIN,TRUE,TRUE,TBD,FALSE
2022-09-27T08:45:00Z,6.788,beaver_creek_usgs_temp_3,60.65107,-151.09076,US/Alaska (UTC-9 / UTC-8),"west fork beaver creek, upstream of marathon road",Beaver Creek,STREAM,MAIN,TRUE,TRUE,TBD,FALSE
2022-09-27T09:00:00Z,6.737,beaver_creek_usgs_temp_3,60.65107,-151.09076,US/Alaska (UTC-9 / UTC-8),"west fork beaver creek, upstream of marathon road",Beaver Creek,STREAM,MAIN,TRUE,TRUE,TBD,FALSE
2022-09-27T09:15:00Z,6.712,beaver_creek_usgs_temp_3,60.65107,-151.09076,US/Alaska (UTC-9 / UTC-8),"west fork beaver creek, upstream of marathon road",Beaver Creek,STREAM,MAIN,TRUE,TRUE,TBD,FALSE
2022-09-27T09:30:00Z,6.687,beaver_creek_usgs_temp_3,60.65107,-151.09076,US/Alaska (UTC-9 / UTC-8),"west fork beaver creek, upstream of marathon road",Beaver Creek,STREAM,MAIN,TRUE,TRUE,TBD,FALSE
2022-09-27T09:45:00Z,6.687,beaver_creek_usgs_temp_3,60.65107,-151.09076,US/Alaska (UTC-9 / UTC-8),"west fork beaver creek, upstream of marathon road",Beaver Creek,STREAM,MAIN,TRUE,TRUE,TBD,FALSE
2022-09-27T10:00:00Z,6.661,beaver_creek_usgs_temp_3,60.65107,-151.09076,US/Alaska (UTC-9 / UTC-8),"west fork beaver creek, upstream of marathon road",Beaver Creek,STREAM,MAIN,TRUE,TRUE,TBD,FALSE
2022-09-27T10:15:00Z,6.687,beaver_creek_usgs_temp_3,60.65107,-151.09076,US/Alaska (UTC-9 / UTC-8),"west fork beaver creek, upstream of marathon road",Beaver Creek,STREAM,MAIN,TRUE,TRUE,TBD,FALSE
2022-09-27T10:30:00Z,6.687,beaver_creek_usgs_temp_3,60.65107,-151.09076,US/Alaska (UTC-9 / UTC-8),"west fork beaver creek, upstream of marathon road",Beaver Creek,STREAM,MAIN,TRUE,TRUE,TBD,FALSE
2022-09-27T10:45:00Z,6.712,beaver_creek_usgs_temp_3,60.65107,-151.09076,US/Alaska (UTC-9 / UTC-8),"west fork beaver creek, upstream of marathon road",Beaver Creek,STREAM,MAIN,TRUE,TRUE,TBD,FALSE
2022-09-27T11:00:00Z,6.737,beaver_creek_usgs_temp_3,60.65107,-151.09076,US/Alaska (UTC-9 / UTC-8),"west fork beaver creek, upstream of marathon road",Beaver Creek,STREAM,MAIN,TRUE,TRUE,TBD,FALSE
2022-09-27T11:15:00Z,6.788,beaver_creek_usgs_temp_3,60.65107,-151.09076,US/Alaska (UTC-9 / UTC-8),"west fork beaver creek, upstream of marathon road",Beaver Creek,STREAM,MAIN,TRUE,TRUE,TBD,FALSE
2022-09-27T11:30:00Z,6.864,beaver_creek_usgs_temp_3,60.65107,-151.09076,US/Alaska (UTC-9 / UTC-8),"west fork beaver creek, upstream of marathon road",Beaver Creek,STREAM,MAIN,TRUE,TRUE,TBD,FALSE
2022-09-27T11:45:00Z,6.94,beaver_creek_usgs_temp_3,60.65107,-151.09076,US/Alaska (UTC-9 / UTC-8),"west fork beaver creek, upstream of marathon road",Beaver Creek,STREAM,MAIN,TRUE,TRUE,TBD,FALSE
2022-09-27T12:00:00Z,6.99,beaver_creek_usgs_temp_3,60.65107,-151.09076,US/Alaska (UTC-9 / UTC-8),"west fork beaver creek, upstream of marathon road",Beaver Creek,STREAM,MAIN,TRUE,TRUE,TBD,FALSE
2022-09-27T12:15:00Z,7.091,beaver_creek_usgs_temp_3,60.65107,-151.09076,US/Alaska (UTC-9 / UTC-8),"west fork beaver creek, upstream of marathon road",Beaver Creek,STREAM,MAIN,TRUE,TRUE,TBD,FALSE
2022-09-27T12:30:00Z,7.192,beaver_creek_usgs_temp_3,60.65107,-151.09076,US/Alaska (UTC-9 / UTC-8),"west fork beaver creek, upstream of marathon road",Beaver Creek,STREAM,MAIN,TRUE,TRUE,TBD,FALSE
2022-09-27T12:45:00Z,7.242,beaver_creek_usgs_temp_3,60.65107,-151.09076,US/Alaska (UTC-9 / UTC-8),"west fork beaver creek, upstream of marathon road",Beaver Creek,STREAM,MAIN,TRUE,TRUE,TBD,FALSE
2022-09-27T13:00:00Z,7.293,beaver_creek_usgs_temp_3,60.65107,-151.09076,US/Alaska (UTC-9 / UTC-8),"west fork beaver creek, upstream of marathon road",Beaver Creek,STREAM,MAIN,TRUE,TRUE,TBD,FALSE
2022-09-27T13:15:00Z,7.444,beaver_creek_usgs_temp_3,60.65107,-151.09076,US/Alaska (UTC-9 / UTC-8),"west fork beaver creek, upstream of marathon road",Beaver Creek,STREAM,MAIN,TRUE,TRUE,TBD,FALSE
2022-09-27T13:30:00Z,7.569,beaver_creek_usgs_temp_3,60.65107,-151.09076,US/Alaska (UTC-9 / UTC-8),"west fork beaver creek, upstream of marathon road",Beaver Creek,STREAM,MAIN,TRUE,TRUE,TBD,FALSE
2022-09-27T13:45:00Z,7.695,beaver_creek_usgs_temp_3,60.65107,-151.09076,US/Alaska (UTC-9 / UTC-8),"west fork beaver creek, upstream of marathon road",Beaver Creek,STREAM,MAIN,TRUE,TRUE,TBD,FALSE
2022-09-27T14:00:00Z,7.845,beaver_creek_usgs_temp_3,60.65107,-151.09076,US/Alaska (UTC-9 / UTC-8),"west fork beaver creek, upstream of marathon road",Beaver Creek,STREAM,MAIN,TRUE,TRUE,TBD,FALSE
2022-09-27T14:15:00Z,7.97,beaver_creek_usgs_temp_3,60.65107,-151.09076,US/Alaska (UTC-9 / UTC-8),"west fork beaver creek, upstream of marathon road",Beaver Creek,STREAM,MAIN,TRUE,TRUE,TBD,FALSE
2022-09-27T14:30:00Z,7.97,beaver_creek_usgs_temp_3,60.65107,-151.09076,US/Alaska (UTC-9 / UTC-8),"west fork beaver creek, upstream of marathon road",Beaver Creek,STREAM,MAIN,TRUE,TRUE,TBD,FALSE
2022-09-27T14:45:00Z,8.095,beaver_creek_usgs_temp_3,60.65107,-151.09076,US/Alaska (UTC-9 / UTC-8),"west fork beaver creek, upstream of marathon road",Beaver Creek,STREAM,MAIN,TRUE,TRUE,TBD,FALSE
2022-09-27T15:00:00Z,8.245,beaver_creek_usgs_temp_3,60.65107,-151.09076,US/Alaska (UTC-9 / UTC-8),"west fork beaver creek, upstream of marathon road",Beaver Creek,STREAM,MAIN,TRUE,TRUE,TBD,FALSE
2022-09-27T15:15:00Z,8.444,beaver_creek_usgs_temp_3,60.65107,-151.09076,US/Alaska (UTC-9 / UTC-8),"west fork beaver creek, upstream of marathon road",Beaver Creek,STREAM,MAIN,TRUE,TRUE,TBD,FALSE
2022-09-27T15:30:00Z,8.643,beaver_creek_usgs_temp_3,60.65107,-151.09076,US/Alaska (UTC-9 / UTC-8),"west fork beaver creek, upstream of marathon road",Beaver Creek,STREAM,MAIN,TRUE,TRUE,TBD,FALSE
2022-09-27T15:45:00Z,8.742,beaver_creek_usgs_temp_3,60.65107,-151.09076,US/Alaska (UTC-9 / UTC-8),"west fork beaver creek, upstream of marathon road",Beaver Creek,STREAM,MAIN,TRUE,TRUE,TBD,FALSE
2022-09-27T16:00:00Z,8.792,beaver_creek_usgs_temp_3,60.65107,-151.09076,US/Alaska (UTC-9 / UTC-8),"west fork beaver creek, upstream of marathon road",Beaver Creek,STREAM,MAIN,TRUE,TRUE,TBD,FALSE
2022-09-27T16:15:00Z,8.841,beaver_creek_usgs_temp_3,60.65107,-151.09076,US/Alaska (UTC-9 / UTC-8),"west fork beaver creek, upstream of marathon road",Beaver Creek,STREAM,MAIN,TRUE,TRUE,TBD,FALSE
2022-09-27T16:30:00Z,8.841,beaver_creek_usgs_temp_3,60.65107,-151.09076,US/Alaska (UTC-9 / UTC-8),"west fork beaver creek, upstream of marathon road",Beaver Creek,STREAM,MAIN,TRUE,TRUE,TBD,FALSE
2022-09-27T16:45:00Z,8.891,beaver_creek_usgs_temp_3,60.65107,-151.09076,US/Alaska (UTC-9 / UTC-8),"west fork beaver creek, upstream of marathon road",Beaver Creek,STREAM,MAIN,TRUE,TRUE,TBD,FALSE
2022-09-27T17:00:00Z,8.941,beaver_creek_usgs_temp_3,60.65107,-151.09076,US/Alaska (UTC-9 / UTC-8),"west fork beaver creek, upstream of marathon road",Beaver Creek,STREAM,MAIN,TRUE,TRUE,TBD,FALSE
2022-09-27T17:15:00Z,8.965,beaver_creek_usgs_temp_3,60.65107,-151.09076,US/Alaska (UTC-9 / UTC-8),"west fork beaver creek, upstream of marathon road",Beaver Creek,STREAM,MAIN,TRUE,TRUE,TBD,FALSE
2022-09-27T17:30:00Z,8.99,beaver_creek_usgs_temp_3,60.65107,-151.09076,US/Alaska (UTC-9 / UTC-8),"west fork beaver creek, upstream of marathon road",Beaver Creek,STREAM,MAIN,TRUE,TRUE,TBD,FALSE
2022-09-27T17:45:00Z,8.99,beaver_creek_usgs_temp_3,60.65107,-151.09076,US/Alaska (UTC-9 / UTC-8),"west fork beaver creek, upstream of marathon road",Beaver Creek,STREAM,MAIN,TRUE,TRUE,TBD,FALSE
2022-09-27T18:00:00Z,9.015,beaver_creek_usgs_temp_3,60.65107,-151.09076,US/Alaska (UTC-9 / UTC-8),"west fork beaver creek, upstream of marathon road",Beaver Creek,STREAM,MAIN,TRUE,TRUE,TBD,FALSE
2022-09-27T18:15:00Z,9.04,beaver_creek_usgs_temp_3,60.65107,-151.09076,US/Alaska (UTC-9 / UTC-8),"west fork beaver creek, upstream of marathon road",Beaver Creek,STREAM,MAIN,TRUE,TRUE,TBD,FALSE
2022-09-27T18:30:00Z,9.064,beaver_creek_usgs_temp_3,60.65107,-151.09076,US/Alaska (UTC-9 / UTC-8),"west fork beaver creek, upstream of marathon road",Beaver Creek,STREAM,MAIN,TRUE,TRUE,TBD,FALSE
2022-09-27T18:45:00Z,9.089,beaver_creek_usgs_temp_3,60.65107,-151.09076,US/Alaska (UTC-9 / UTC-8),"west fork beaver creek, upstream of marathon road",Beaver Creek,STREAM,MAIN,TRUE,TRUE,TBD,FALSE
2022-09-27T19:00:00Z,9.04,beaver_creek_usgs_temp_3,60.65107,-151.09076,US/Alaska (UTC-9 / UTC-8),"west fork beaver creek, upstream of marathon road",Beaver Creek,STREAM,MAIN,TRUE,TRUE,TBD,FALSE
2022-09-27T19:15:00Z,9.04,beaver_creek_usgs_temp_3,60.65107,-151.09076,US/Alaska (UTC-9 / UTC-8),"west fork beaver creek, upstream of marathon road",Beaver Creek,STREAM,MAIN,TRUE,TRUE,TBD,FALSE
2022-09-27T19:30:00Z,8.99,beaver_creek_usgs_temp_3,60.65107,-151.09076,US/Alaska (UTC-9 / UTC-8),"west fork beaver creek, upstream of marathon road",Beaver Creek,STREAM,MAIN,TRUE,TRUE,TBD,FALSE
2022-09-27T19:45:00Z,8.965,beaver_creek_usgs_temp_3,60.65107,-151.09076,US/Alaska (UTC-9 / UTC-8),"west fork beaver creek, upstream of marathon road",Beaver Creek,STREAM,MAIN,TRUE,TRUE,TBD,FALSE
2022-09-27T20:00:00Z,8.941,beaver_creek_usgs_temp_3,60.65107,-151.09076,US/Alaska (UTC-9 / UTC-8),"west fork beaver creek, upstream of marathon road",Beaver Creek,STREAM,MAIN,TRUE,TRUE,TBD,FALSE
2022-09-27T20:15:00Z,8.941,beaver_creek_usgs_temp_3,60.65107,-151.09076,US/Alaska (UTC-9 / UTC-8),"west fork beaver creek, upstream of marathon road",Beaver Creek,STREAM,MAIN,TRUE,TRUE,TBD,FALSE
2022-09-27T20:30:00Z,8.916,beaver_creek_usgs_temp_3,60.65107,-151.09076,US/Alaska (UTC-9 / UTC-8),"west fork beaver creek, upstream of marathon road",Beaver Creek,STREAM,MAIN,TRUE,TRUE,TBD,FALSE
2022-09-27T20:45:00Z,8.891,beaver_creek_usgs_temp_3,60.65107,-151.09076,US/Alaska (UTC-9 / UTC-8),"west fork beaver creek, upstream of marathon road",Beaver Creek,STREAM,MAIN,TRUE,TRUE,TBD,FALSE
2022-09-27T21:00:00Z,8.841,beaver_creek_usgs_temp_3,60.65107,-151.09076,US/Alaska (UTC-9 / UTC-8),"west fork beaver creek, upstream of marathon road",Beaver Creek,STREAM,MAIN,TRUE,TRUE,TBD,FALSE
2022-09-27T21:15:00Z,8.841,beaver_creek_usgs_temp_3,60.65107,-151.09076,US/Alaska (UTC-9 / UTC-8),"west fork beaver creek, upstream of marathon road",Beaver Creek,STREAM,MAIN,TRUE,TRUE,TBD,FALSE
2022-09-27T21:30:00Z,8.792,beaver_creek_usgs_temp_3,60.65107,-151.09076,US/Alaska (UTC-9 / UTC-8),"west fork beaver creek, upstream of marathon road",Beaver Creek,STREAM,MAIN,TRUE,TRUE,TBD,FALSE
2022-09-27T21:45:00Z,8.767,beaver_creek_usgs_temp_3,60.65107,-151.09076,US/Alaska (UTC-9 / UTC-8),"west fork beaver creek, upstream of marathon road",Beaver Creek,STREAM,MAIN,TRUE,TRUE,TBD,FALSE
2022-09-27T22:00:00Z,8.742,beaver_creek_usgs_temp_3,60.65107,-151.09076,US/Alaska (UTC-9 / UTC-8),"west fork beaver creek, upstream of marathon road",Beaver Creek,STREAM,MAIN,TRUE,TRUE,TBD,FALSE
2022-09-27T22:15:00Z,8.717,beaver_creek_usgs_temp_3,60.65107,-151.09076,US/Alaska (UTC-9 / UTC-8),"west fork beaver creek, upstream of marathon road",Beaver Creek,STREAM,MAIN,TRUE,TRUE,TBD,FALSE
2022-09-27T22:30:00Z,8.693,beaver_creek_usgs_temp_3,60.65107,-151.09076,US/Alaska (UTC-9 / UTC-8),"west fork beaver creek, upstream of marathon road",Beaver Creek,STREAM,MAIN,TRUE,TRUE,TBD,FALSE
2022-09-27T22:45:00Z,8.668,beaver_creek_usgs_temp_3,60.65107,-151.09076,US/Alaska (UTC-9 / UTC-8),"west fork beaver creek, upstream of marathon road",Beaver Creek,STREAM,MAIN,TRUE,TRUE,TBD,FALSE
2022-09-27T23:00:00Z,8.643,beaver_creek_usgs_temp_3,60.65107,-151.09076,US/Alaska (UTC-9 / UTC-8),"west fork beaver creek, upstream of marathon road",Beaver Creek,STREAM,MAIN,TRUE,TRUE,TBD,FALSE
2022-09-27T23:15:00Z,8.618,beaver_creek_usgs_temp_3,60.65107,-151.09076,US/Alaska (UTC-9 / UTC-8),"west fork beaver creek, upstream of marathon road",Beaver Creek,STREAM,MAIN,TRUE,TRUE,TBD,FALSE
2022-09-27T23:30:00Z,8.593,beaver_creek_usgs_temp_3,60.65107,-151.09076,US/Alaska (UTC-9 / UTC-8),"west fork beaver creek, upstream of marathon road",Beaver Creek,STREAM,MAIN,TRUE,TRUE,TBD,FALSE
2022-09-27T23:45:00Z,8.568,beaver_creek_usgs_temp_3,60.65107,-151.09076,US/Alaska (UTC-9 / UTC-8),"west fork beaver creek, upstream of marathon road",Beaver Creek,STREAM,MAIN,TRUE,TRUE,TBD,FALSE
2022-09-28T00:00:00Z,8.543,beaver_creek_usgs_temp_3,60.65107,-151.09076,US/Alaska (UTC-9 / UTC-8),"west fork beaver creek, upstream of marathon road",Beaver Creek,STREAM,MAIN,TRUE,TRUE,TBD,FALSE
2022-09-28T00:15:00Z,8.543,beaver_creek_usgs_temp_3,60.65107,-151.09076,US/Alaska (UTC-9 / UTC-8),"west fork beaver creek, upstream of marathon road",Beaver Creek,STREAM,MAIN,TRUE,TRUE,TBD,FALSE
2022-09-28T00:30:00Z,8.494,beaver_creek_usgs_temp_3,60.65107,-151.09076,US/Alaska (UTC-9 / UTC-8),"west fork beaver creek, upstream of marathon road",Beaver Creek,STREAM,MAIN,TRUE,TRUE,TBD,FALSE
2022-09-28T00:45:00Z,8.494,beaver_creek_usgs_temp_3,60.65107,-151.09076,US/Alaska (UTC-9 / UTC-8),"west fork beaver creek, upstream of marathon road",Beaver Creek,STREAM,MAIN,TRUE,TRUE,TBD,FALSE
2022-09-28T01:00:00Z,8.494,beaver_creek_usgs_temp_3,60.65107,-151.09076,US/Alaska (UTC-9 / UTC-8),"west fork beaver creek, upstream of marathon road",Beaver Creek,STREAM,MAIN,TRUE,TRUE,TBD,FALSE
2022-09-28T01:15:00Z,8.469,beaver_creek_usgs_temp_3,60.65107,-151.09076,US/Alaska (UTC-9 / UTC-8),"west fork beaver creek, upstream of marathon road",Beaver Creek,STREAM,MAIN,TRUE,TRUE,TBD,FALSE
2022-09-28T01:30:00Z,8.444,beaver_creek_usgs_temp_3,60.65107,-151.09076,US/Alaska (UTC-9 / UTC-8),"west fork beaver creek, upstream of marathon road",Beaver Creek,STREAM,MAIN,TRUE,TRUE,TBD,FALSE
2022-09-28T01:45:00Z,8.444,beaver_creek_usgs_temp_3,60.65107,-151.09076,US/Alaska (UTC-9 / UTC-8),"west fork beaver creek, upstream of marathon road",Beaver Creek,STREAM,MAIN,TRUE,TRUE,TBD,FALSE
2022-09-28T02:00:00Z,8.444,beaver_creek_usgs_temp_3,60.65107,-151.09076,US/Alaska (UTC-9 / UTC-8),"west fork beaver creek, upstream of marathon road",Beaver Creek,STREAM,MAIN,TRUE,TRUE,TBD,FALSE
2022-09-28T02:15:00Z,8.419,beaver_creek_usgs_temp_3,60.65107,-151.09076,US/Alaska (UTC-9 / UTC-8),"west fork beaver creek, upstream of marathon road",Beaver Creek,STREAM,MAIN,TRUE,TRUE,TBD,FALSE
2022-09-28T02:30:00Z,8.419,beaver_creek_usgs_temp_3,60.65107,-151.09076,US/Alaska (UTC-9 / UTC-8),"west fork beaver creek, upstream of marathon road",Beaver Creek,STREAM,MAIN,TRUE,TRUE,TBD,FALSE
2022-09-28T02:45:00Z,8.394,beaver_creek_usgs_temp_3,60.65107,-151.09076,US/Alaska (UTC-9 / UTC-8),"west fork beaver creek, upstream of marathon road",Beaver Creek,STREAM,MAIN,TRUE,TRUE,TBD,FALSE
2022-09-28T03:00:00Z,8.394,beaver_creek_usgs_temp_3,60.65107,-151.09076,US/Alaska (UTC-9 / UTC-8),"west fork beaver creek, upstream of marathon road",Beaver Creek,STREAM,MAIN,TRUE,TRUE,TBD,FALSE
2022-09-28T03:15:00Z,8.369,beaver_creek_usgs_temp_3,60.65107,-151.09076,US/Alaska (UTC-9 / UTC-8),"west fork beaver creek, upstream of marathon road",Beaver Creek,STREAM,MAIN,TRUE,TRUE,TBD,FALSE
2022-09-28T03:30:00Z,8.344,beaver_creek_usgs_temp_3,60.65107,-151.09076,US/Alaska (UTC-9 / UTC-8),"west fork beaver creek, upstream of marathon road",Beaver Creek,STREAM,MAIN,TRUE,TRUE,TBD,FALSE
2022-09-28T03:45:00Z,8.344,beaver_creek_usgs_temp_3,60.65107,-151.09076,US/Alaska (UTC-9 / UTC-8),"west fork beaver creek, upstream of marathon road",Beaver Creek,STREAM,MAIN,TRUE,TRUE,TBD,FALSE
2022-09-28T04:00:00Z,8.344,beaver_creek_usgs_temp_3,60.65107,-151.09076,US/Alaska (UTC-9 / UTC-8),"west fork beaver creek, upstream of marathon road",Beaver Creek,STREAM,MAIN,TRUE,TRUE,TBD,FALSE
2022-09-28T04:15:00Z,8.344,beaver_creek_usgs_temp_3,60.65107,-151.09076,US/Alaska (UTC-9 / UTC-8),"west fork beaver creek, upstream of marathon road",Beaver Creek,STREAM,MAIN,TRUE,TRUE,TBD,FALSE
2022-09-28T04:30:00Z,8.319,beaver_creek_usgs_temp_3,60.65107,-151.09076,US/Alaska (UTC-9 / UTC-8),"west fork beaver creek, upstream of marathon road",Beaver Creek,STREAM,MAIN,TRUE,TRUE,TBD,FALSE
2022-09-28T04:45:00Z,8.295,beaver_creek_usgs_temp_3,60.65107,-151.09076,US/Alaska (UTC-9 / UTC-8),"west fork beaver creek, upstream of marathon road",Beaver Creek,STREAM,MAIN,TRUE,TRUE,TBD,FALSE
2022-09-28T05:00:00Z,8.295,beaver_creek_usgs_temp_3,60.65107,-151.09076,US/Alaska (UTC-9 / UTC-8),"west fork beaver creek, upstream of marathon road",Beaver Creek,STREAM,MAIN,TRUE,TRUE,TBD,FALSE
2022-09-28T05:15:00Z,8.27,beaver_creek_usgs_temp_3,60.65107,-151.09076,US/Alaska (UTC-9 / UTC-8),"west fork beaver creek, upstream of marathon road",Beaver Creek,STREAM,MAIN,TRUE,TRUE,TBD,FALSE
2022-09-28T05:30:00Z,8.27,beaver_creek_usgs_temp_3,60.65107,-151.09076,US/Alaska (UTC-9 / UTC-8),"west fork beaver creek, upstream of marathon road",Beaver Creek,STREAM,MAIN,TRUE,TRUE,TBD,FALSE
2022-09-28T05:45:00Z,8.245,beaver_creek_usgs_temp_3,60.65107,-151.09076,US/Alaska (UTC-9 / UTC-8),"west fork beaver creek, upstream of marathon road",Beaver Creek,STREAM,MAIN,TRUE,TRUE,TBD,FALSE
2022-09-28T06:00:00Z,8.22,beaver_creek_usgs_temp_3,60.65107,-151.09076,US/Alaska (UTC-9 / UTC-8),"west fork beaver creek, upstream of marathon road",Beaver Creek,STREAM,MAIN,TRUE,TRUE,TBD,FALSE
2022-09-28T06:15:00Z,8.195,beaver_creek_usgs_temp_3,60.65107,-151.09076,US/Alaska (UTC-9 / UTC-8),"west fork beaver creek, upstream of marathon road",Beaver Creek,STREAM,MAIN,TRUE,TRUE,TBD,FALSE
2022-09-28T06:30:00Z,8.17,beaver_creek_usgs_temp_3,60.65107,-151.09076,US/Alaska (UTC-9 / UTC-8),"west fork beaver creek, upstream of marathon road",Beaver Creek,STREAM,MAIN,TRUE,TRUE,TBD,FALSE
2022-09-28T06:45:00Z,8.145,beaver_creek_usgs_temp_3,60.65107,-151.09076,US/Alaska (UTC-9 / UTC-8),"west fork beaver creek, upstream of marathon road",Beaver Creek,STREAM,MAIN,TRUE,TRUE,TBD,FALSE
2022-09-28T07:00:00Z,8.12,beaver_creek_usgs_temp_3,60.65107,-151.09076,US/Alaska (UTC-9 / UTC-8),"west fork beaver creek, upstream of marathon road",Beaver Creek,STREAM,MAIN,TRUE,TRUE,TBD,FALSE
2022-09-28T07:15:00Z,8.095,beaver_creek_usgs_temp_3,60.65107,-151.09076,US/Alaska (UTC-9 / UTC-8),"west fork beaver creek, upstream of marathon road",Beaver Creek,STREAM,MAIN,TRUE,TRUE,TBD,FALSE
2022-09-28T07:30:00Z,8.07,beaver_creek_usgs_temp_3,60.65107,-151.09076,US/Alaska (UTC-9 / UTC-8),"west fork beaver creek, upstream of marathon road",Beaver Creek,STREAM,MAIN,TRUE,TRUE,TBD,FALSE
2022-09-28T07:45:00Z,8.045,beaver_creek_usgs_temp_3,60.65107,-151.09076,US/Alaska (UTC-9 / UTC-8),"west fork beaver creek, upstream of marathon road",Beaver Creek,STREAM,MAIN,TRUE,TRUE,TBD,FALSE
2022-09-28T08:00:00Z,8.045,beaver_creek_usgs_temp_3,60.65107,-151.09076,US/Alaska (UTC-9 / UTC-8),"west fork beaver creek, upstream of marathon road",Beaver Creek,STREAM,MAIN,TRUE,TRUE,TBD,FALSE
2022-09-28T08:15:00Z,7.995,beaver_creek_usgs_temp_3,60.65107,-151.09076,US/Alaska (UTC-9 / UTC-8),"west fork beaver creek, upstream of marathon road",Beaver Creek,STREAM,MAIN,TRUE,TRUE,TBD,FALSE
2022-09-28T08:30:00Z,7.97,beaver_creek_usgs_temp_3,60.65107,-151.09076,US/Alaska (UTC-9 / UTC-8),"west fork beaver creek, upstream of marathon road",Beaver Creek,STREAM,MAIN,TRUE,TRUE,TBD,FALSE
2022-09-28T08:45:00Z,7.945,beaver_creek_usgs_temp_3,60.65107,-151.09076,US/Alaska (UTC-9 / UTC-8),"west fork beaver creek, upstream of marathon road",Beaver Creek,STREAM,MAIN,TRUE,TRUE,TBD,FALSE
2022-09-28T09:00:00Z,7.945,beaver_creek_usgs_temp_3,60.65107,-151.09076,US/Alaska (UTC-9 / UTC-8),"west fork beaver creek, upstream of marathon road",Beaver Creek,STREAM,MAIN,TRUE,TRUE,TBD,FALSE
2022-09-28T09:15:00Z,7.92,beaver_creek_usgs_temp_3,60.65107,-151.09076,US/Alaska (UTC-9 / UTC-8),"west fork beaver creek, upstream of marathon road",Beaver Creek,STREAM,MAIN,TRUE,TRUE,TBD,FALSE
2022-09-28T09:30:00Z,7.895,beaver_creek_usgs_temp_3,60.65107,-151.09076,US/Alaska (UTC-9 / UTC-8),"west fork beaver creek, upstream of marathon road",Beaver Creek,STREAM,MAIN,TRUE,TRUE,TBD,FALSE
2022-09-28T09:45:00Z,7.895,beaver_creek_usgs_temp_3,60.65107,-151.09076,US/Alaska (UTC-9 / UTC-8),"west fork beaver creek, upstream of marathon road",Beaver Creek,STREAM,MAIN,TRUE,TRUE,TBD,FALSE
2022-09-28T10:00:00Z,7.895,beaver_creek_usgs_temp_3,60.65107,-151.09076,US/Alaska (UTC-9 / UTC-8),"west fork beaver creek, upstream of marathon road",Beaver Creek,STREAM,MAIN,TRUE,TRUE,TBD,FALSE
2022-09-28T10:15:00Z,7.87,beaver_creek_usgs_temp_3,60.65107,-151.09076,US/Alaska (UTC-9 / UTC-8),"west fork beaver creek, upstream of marathon road",Beaver Creek,STREAM,MAIN,TRUE,TRUE,TBD,FALSE
2022-09-28T10:30:00Z,7.87,beaver_creek_usgs_temp_3,60.65107,-151.09076,US/Alaska (UTC-9 / UTC-8),"west fork beaver creek, upstream of marathon road",Beaver Creek,STREAM,MAIN,TRUE,TRUE,TBD,FALSE
2022-09-28T10:45:00Z,7.845,beaver_creek_usgs_temp_3,60.65107,-151.09076,US/Alaska (UTC-9 / UTC-8),"west fork beaver creek, upstream of marathon road",Beaver Creek,STREAM,MAIN,TRUE,TRUE,TBD,FALSE
2022-09-28T11:00:00Z,7.845,beaver_creek_usgs_temp_3,60.65107,-151.09076,US/Alaska (UTC-9 / UTC-8),"west fork beaver creek, upstream of marathon road",Beaver Creek,STREAM,MAIN,TRUE,TRUE,TBD,FALSE
2022-09-28T11:15:00Z,7.87,beaver_creek_usgs_temp_3,60.65107,-151.09076,US/Alaska (UTC-9 / UTC-8),"west fork beaver creek, upstream of marathon road",Beaver Creek,STREAM,MAIN,TRUE,TRUE,TBD,FALSE
2022-09-28T11:30:00Z,7.895,beaver_creek_usgs_temp_3,60.65107,-151.09076,US/Alaska (UTC-9 / UTC-8),"west fork beaver creek, upstream of marathon road",Beaver Creek,STREAM,MAIN,TRUE,TRUE,TBD,FALSE
2022-09-28T11:45:00Z,7.92,beaver_creek_usgs_temp_3,60.65107,-151.09076,US/Alaska (UTC-9 / UTC-8),"west fork beaver creek, upstream of marathon road",Beaver Creek,STREAM,MAIN,TRUE,TRUE,TBD,FALSE
2022-09-28T12:00:00Z,7.945,beaver_creek_usgs_temp_3,60.65107,-151.09076,US/Alaska (UTC-9 / UTC-8),"west fork beaver creek, upstream of marathon road",Beaver Creek,STREAM,MAIN,TRUE,TRUE,TBD,FALSE
2022-09-28T12:15:00Z,7.945,beaver_creek_usgs_temp_3,60.65107,-151.09076,US/Alaska (UTC-9 / UTC-8),"west fork beaver creek, upstream of marathon road",Beaver Creek,STREAM,MAIN,TRUE,TRUE,TBD,FALSE
2022-09-28T12:30:00Z,7.945,beaver_creek_usgs_temp_3,60.65107,-151.09076,US/Alaska (UTC-9 / UTC-8),"west fork beaver creek, upstream of marathon road",Beaver Creek,STREAM,MAIN,TRUE,TRUE,TBD,FALSE
2022-09-28T12:45:00Z,7.97,beaver_creek_usgs_temp_3,60.65107,-151.09076,US/Alaska (UTC-9 / UTC-8),"west fork beaver creek, upstream of marathon road",Beaver Creek,STREAM,MAIN,TRUE,TRUE,TBD,FALSE
2022-09-28T13:00:00Z,7.995,beaver_creek_usgs_temp_3,60.65107,-151.09076,US/Alaska (UTC-9 / UTC-8),"west fork beaver creek, upstream of marathon road",Beaver Creek,STREAM,MAIN,TRUE,TRUE,TBD,FALSE
2022-09-28T13:15:00Z,8.045,beaver_creek_usgs_temp_3,60.65107,-151.09076,US/Alaska (UTC-9 / UTC-8),"west fork beaver creek, upstream of marathon road",Beaver Creek,STREAM,MAIN,TRUE,TRUE,TBD,FALSE
2022-09-28T13:30:00Z,8.095,beaver_creek_usgs_temp_3,60.65107,-151.09076,US/Alaska (UTC-9 / UTC-8),"west fork beaver creek, upstream of marathon road",Beaver Creek,STREAM,MAIN,TRUE,TRUE,TBD,FALSE
2022-09-28T13:45:00Z,8.145,beaver_creek_usgs_temp_3,60.65107,-151.09076,US/Alaska (UTC-9 / UTC-8),"west fork beaver creek, upstream of marathon road",Beaver Creek,STREAM,MAIN,TRUE,TRUE,TBD,FALSE
2022-09-28T14:00:00Z,8.27,beaver_creek_usgs_temp_3,60.65107,-151.09076,US/Alaska (UTC-9 / UTC-8),"west fork beaver creek, upstream of marathon road",Beaver Creek,STREAM,MAIN,TRUE,TRUE,TBD,FALSE
2022-09-28T14:15:00Z,8.369,beaver_creek_usgs_temp_3,60.65107,-151.09076,US/Alaska (UTC-9 / UTC-8),"west fork beaver creek, upstream of marathon road",Beaver Creek,STREAM,MAIN,TRUE,TRUE,TBD,FALSE
2022-09-28T14:30:00Z,8.344,beaver_creek_usgs_temp_3,60.65107,-151.09076,US/Alaska (UTC-9 / UTC-8),"west fork beaver creek, upstream of marathon road",Beaver Creek,STREAM,MAIN,TRUE,TRUE,TBD,FALSE
2022-09-28T14:45:00Z,8.444,beaver_creek_usgs_temp_3,60.65107,-151.09076,US/Alaska (UTC-9 / UTC-8),"west fork beaver creek, upstream of marathon road",Beaver Creek,STREAM,MAIN,TRUE,TRUE,TBD,FALSE
2022-09-28T15:00:00Z,8.568,beaver_creek_usgs_temp_3,60.65107,-151.09076,US/Alaska (UTC-9 / UTC-8),"west fork beaver creek, upstream of marathon road",Beaver Creek,STREAM,MAIN,TRUE,TRUE,TBD,FALSE
2022-09-28T15:15:00Z,8.643,beaver_creek_usgs_temp_3,60.65107,-151.09076,US/Alaska (UTC-9 / UTC-8),"west fork beaver creek, upstream of marathon road",Beaver Creek,STREAM,MAIN,TRUE,TRUE,TBD,FALSE
2022-09-28T15:30:00Z,8.693,beaver_creek_usgs_temp_3,60.65107,-151.09076,US/Alaska (UTC-9 / UTC-8),"west fork beaver creek, upstream of marathon road",Beaver Creek,STREAM,MAIN,TRUE,TRUE,TBD,FALSE
2022-09-28T15:45:00Z,8.767,beaver_creek_usgs_temp_3,60.65107,-151.09076,US/Alaska (UTC-9 / UTC-8),"west fork beaver creek, upstream of marathon road",Beaver Creek,STREAM,MAIN,TRUE,TRUE,TBD,FALSE
2022-09-28T16:00:00Z,8.841,beaver_creek_usgs_temp_3,60.65107,-151.09076,US/Alaska (UTC-9 / UTC-8),"west fork beaver creek, upstream of marathon road",Beaver Creek,STREAM,MAIN,TRUE,TRUE,TBD,FALSE
2022-09-28T16:15:00Z,8.891,beaver_creek_usgs_temp_3,60.65107,-151.09076,US/Alaska (UTC-9 / UTC-8),"west fork beaver creek, upstream of marathon road",Beaver Creek,STREAM,MAIN,TRUE,TRUE,TBD,FALSE
2022-09-28T16:30:00Z,8.891,beaver_creek_usgs_temp_3,60.65107,-151.09076,US/Alaska (UTC-9 / UTC-8),"west fork beaver creek, upstream of marathon road",Beaver Creek,STREAM,MAIN,TRUE,TRUE,TBD,FALSE
2022-09-28T16:45:00Z,8.891,beaver_creek_usgs_temp_3,60.65107,-151.09076,US/Alaska (UTC-9 / UTC-8),"west fork beaver creek, upstream of marathon road",Beaver Creek,STREAM,MAIN,TRUE,TRUE,TBD,FALSE
2022-09-28T17:00:00Z,8.891,beaver_creek_usgs_temp_3,60.65107,-151.09076,US/Alaska (UTC-9 / UTC-8),"west fork beaver creek, upstream of marathon road",Beaver Creek,STREAM,MAIN,TRUE,TRUE,TBD,FALSE
2022-09-28T17:15:00Z,8.891,beaver_creek_usgs_temp_3,60.65107,-151.09076,US/Alaska (UTC-9 / UTC-8),"west fork beaver creek, upstream of marathon road",Beaver Creek,STREAM,MAIN,TRUE,TRUE,TBD,FALSE
2022-09-28T17:30:00Z,8.916,beaver_creek_usgs_temp_3,60.65107,-151.09076,US/Alaska (UTC-9 / UTC-8),"west fork beaver creek, upstream of marathon road",Beaver Creek,STREAM,MAIN,TRUE,TRUE,TBD,FALSE
2022-09-28T17:45:00Z,8.916,beaver_creek_usgs_temp_3,60.65107,-151.09076,US/Alaska (UTC-9 / UTC-8),"west fork beaver creek, upstream of marathon road",Beaver Creek,STREAM,MAIN,TRUE,TRUE,TBD,FALSE
2022-09-28T18:00:00Z,8.916,beaver_creek_usgs_temp_3,60.65107,-151.09076,US/Alaska (UTC-9 / UTC-8),"west fork beaver creek, upstream of marathon road",Beaver Creek,STREAM,MAIN,TRUE,TRUE,TBD,FALSE
2022-09-28T18:15:00Z,8.941,beaver_creek_usgs_temp_3,60.65107,-151.09076,US/Alaska (UTC-9 / UTC-8),"west fork beaver creek, upstream of marathon road",Beaver Creek,STREAM,MAIN,TRUE,TRUE,TBD,FALSE
2022-09-28T18:30:00Z,8.941,beaver_creek_usgs_temp_3,60.65107,-151.09076,US/Alaska (UTC-9 / UTC-8),"west fork beaver creek, upstream of marathon road",Beaver Creek,STREAM,MAIN,TRUE,TRUE,TBD,FALSE
2022-09-28T18:45:00Z,8.941,beaver_creek_usgs_temp_3,60.65107,-151.09076,US/Alaska (UTC-9 / UTC-8),"west fork beaver creek, upstream of marathon road",Beaver Creek,STREAM,MAIN,TRUE,TRUE,TBD,FALSE
2022-09-28T19:00:00Z,8.941,beaver_creek_usgs_temp_3,60.65107,-151.09076,US/Alaska (UTC-9 / UTC-8),"west fork beaver creek, upstream of marathon road",Beaver Creek,STREAM,MAIN,TRUE,TRUE,TBD,FALSE
2022-09-28T19:15:00Z,8.916,beaver_creek_usgs_temp_3,60.65107,-151.09076,US/Alaska (UTC-9 / UTC-8),"west fork beaver creek, upstream of marathon road",Beaver Creek,STREAM,MAIN,TRUE,TRUE,TBD,FALSE
2022-09-28T19:30:00Z,8.916,beaver_creek_usgs_temp_3,60.65107,-151.09076,US/Alaska (UTC-9 / UTC-8),"west fork beaver creek, upstream of marathon road",Beaver Creek,STREAM,MAIN,TRUE,TRUE,TBD,FALSE
2022-09-28T19:45:00Z,8.916,beaver_creek_usgs_temp_3,60.65107,-151.09076,US/Alaska (UTC-9 / UTC-8),"west fork beaver creek, upstream of marathon road",Beaver Creek,STREAM,MAIN,TRUE,TRUE,TBD,FALSE
2022-09-28T20:00:00Z,8.891,beaver_creek_usgs_temp_3,60.65107,-151.09076,US/Alaska (UTC-9 / UTC-8),"west fork beaver creek, upstream of marathon road",Beaver Creek,STREAM,MAIN,TRUE,TRUE,TBD,FALSE
2022-09-28T20:15:00Z,8.866,beaver_creek_usgs_temp_3,60.65107,-151.09076,US/Alaska (UTC-9 / UTC-8),"west fork beaver creek, upstream of marathon road",Beaver Creek,STREAM,MAIN,TRUE,TRUE,TBD,FALSE
2022-09-28T20:30:00Z,8.841,beaver_creek_usgs_temp_3,60.65107,-151.09076,US/Alaska (UTC-9 / UTC-8),"west fork beaver creek, upstream of marathon road",Beaver Creek,STREAM,MAIN,TRUE,TRUE,TBD,FALSE
2022-09-28T20:45:00Z,8.841,beaver_creek_usgs_temp_3,60.65107,-151.09076,US/Alaska (UTC-9 / UTC-8),"west fork beaver creek, upstream of marathon road",Beaver Creek,STREAM,MAIN,TRUE,TRUE,TBD,FALSE
2022-09-28T21:00:00Z,8.792,beaver_creek_usgs_temp_3,60.65107,-151.09076,US/Alaska (UTC-9 / UTC-8),"west fork beaver creek, upstream of marathon road",Beaver Creek,STREAM,MAIN,TRUE,TRUE,TBD,FALSE
2022-09-28T21:15:00Z,8.767,beaver_creek_usgs_temp_3,60.65107,-151.09076,US/Alaska (UTC-9 / UTC-8),"west fork beaver creek, upstream of marathon road",Beaver Creek,STREAM,MAIN,TRUE,TRUE,TBD,FALSE
2022-09-28T21:30:00Z,8.742,beaver_creek_usgs_temp_3,60.65107,-151.09076,US/Alaska (UTC-9 / UTC-8),"west fork beaver creek, upstream of marathon road",Beaver Creek,STREAM,MAIN,TRUE,TRUE,TBD,FALSE
2022-09-28T21:45:00Z,8.717,beaver_creek_usgs_temp_3,60.65107,-151.09076,US/Alaska (UTC-9 / UTC-8),"west fork beaver creek, upstream of marathon road",Beaver Creek,STREAM,MAIN,TRUE,TRUE,TBD,FALSE
2022-09-28T22:00:00Z,8.693,beaver_creek_usgs_temp_3,60.65107,-151.09076,US/Alaska (UTC-9 / UTC-8),"west fork beaver creek, upstream of marathon road",Beaver Creek,STREAM,MAIN,TRUE,TRUE,TBD,FALSE
2022-09-28T22:15:00Z,8.668,beaver_creek_usgs_temp_3,60.65107,-151.09076,US/Alaska (UTC-9 / UTC-8),"west fork beaver creek, upstream of marathon road",Beaver Creek,STREAM,MAIN,TRUE,TRUE,TBD,FALSE
2022-09-28T22:30:00Z,8.643,beaver_creek_usgs_temp_3,60.65107,-151.09076,US/Alaska (UTC-9 / UTC-8),"west fork beaver creek, upstream of marathon road",Beaver Creek,STREAM,MAIN,TRUE,TRUE,TBD,FALSE
2022-09-28T22:45:00Z,8.618,beaver_creek_usgs_temp_3,60.65107,-151.09076,US/Alaska (UTC-9 / UTC-8),"west fork beaver creek, upstream of marathon road",Beaver Creek,STREAM,MAIN,TRUE,TRUE,TBD,FALSE
2022-09-28T23:00:00Z,8.568,beaver_creek_usgs_temp_3,60.65107,-151.09076,US/Alaska (UTC-9 / UTC-8),"west fork beaver creek, upstream of marathon road",Beaver Creek,STREAM,MAIN,TRUE,TRUE,TBD,FALSE
2022-09-28T23:15:00Z,8.543,beaver_creek_usgs_temp_3,60.65107,-151.09076,US/Alaska (UTC-9 / UTC-8),"west fork beaver creek, upstream of marathon road",Beaver Creek,STREAM,MAIN,TRUE,TRUE,TBD,FALSE
2022-09-28T23:30:00Z,8.519,beaver_creek_usgs_temp_3,60.65107,-151.09076,US/Alaska (UTC-9 / UTC-8),"west fork beaver creek, upstream of marathon road",Beaver Creek,STREAM,MAIN,TRUE,TRUE,TBD,FALSE
2022-09-28T23:45:00Z,8.469,beaver_creek_usgs_temp_3,60.65107,-151.09076,US/Alaska (UTC-9 / UTC-8),"west fork beaver creek, upstream of marathon road",Beaver Creek,STREAM,MAIN,TRUE,TRUE,TBD,FALSE
2022-09-29T00:00:00Z,8.444,beaver_creek_usgs_temp_3,60.65107,-151.09076,US/Alaska (UTC-9 / UTC-8),"west fork beaver creek, upstream of marathon road",Beaver Creek,STREAM,MAIN,TRUE,TRUE,TBD,FALSE
2022-09-29T00:15:00Z,8.419,beaver_creek_usgs_temp_3,60.65107,-151.09076,US/Alaska (UTC-9 / UTC-8),"west fork beaver creek, upstream of marathon road",Beaver Creek,STREAM,MAIN,TRUE,TRUE,TBD,FALSE
2022-09-29T00:30:00Z,8.394,beaver_creek_usgs_temp_3,60.65107,-151.09076,US/Alaska (UTC-9 / UTC-8),"west fork beaver creek, upstream of marathon road",Beaver Creek,STREAM,MAIN,TRUE,TRUE,TBD,FALSE
2022-09-29T00:45:00Z,8.344,beaver_creek_usgs_temp_3,60.65107,-151.09076,US/Alaska (UTC-9 / UTC-8),"west fork beaver creek, upstream of marathon road",Beaver Creek,STREAM,MAIN,TRUE,TRUE,TBD,FALSE
2022-09-29T01:00:00Z,8.344,beaver_creek_usgs_temp_3,60.65107,-151.09076,US/Alaska (UTC-9 / UTC-8),"west fork beaver creek, upstream of marathon road",Beaver Creek,STREAM,MAIN,TRUE,TRUE,TBD,FALSE
2022-09-29T01:15:00Z,8.319,beaver_creek_usgs_temp_3,60.65107,-151.09076,US/Alaska (UTC-9 / UTC-8),"west fork beaver creek, upstream of marathon road",Beaver Creek,STREAM,MAIN,TRUE,TRUE,TBD,FALSE
2022-09-29T01:30:00Z,8.295,beaver_creek_usgs_temp_3,60.65107,-151.09076,US/Alaska (UTC-9 / UTC-8),"west fork beaver creek, upstream of marathon road",Beaver Creek,STREAM,MAIN,TRUE,TRUE,TBD,FALSE
2022-09-29T01:45:00Z,8.27,beaver_creek_usgs_temp_3,60.65107,-151.09076,US/Alaska (UTC-9 / UTC-8),"west fork beaver creek, upstream of marathon road",Beaver Creek,STREAM,MAIN,TRUE,TRUE,TBD,FALSE
2022-09-29T02:00:00Z,8.245,beaver_creek_usgs_temp_3,60.65107,-151.09076,US/Alaska (UTC-9 / UTC-8),"west fork beaver creek, upstream of marathon road",Beaver Creek,STREAM,MAIN,TRUE,TRUE,TBD,FALSE
2022-09-29T02:15:00Z,8.22,beaver_creek_usgs_temp_3,60.65107,-151.09076,US/Alaska (UTC-9 / UTC-8),"west fork beaver creek, upstream of marathon road",Beaver Creek,STREAM,MAIN,TRUE,TRUE,TBD,FALSE
2022-09-29T02:30:00Z,8.195,beaver_creek_usgs_temp_3,60.65107,-151.09076,US/Alaska (UTC-9 / UTC-8),"west fork beaver creek, upstream of marathon road",Beaver Creek,STREAM,MAIN,TRUE,TRUE,TBD,FALSE
2022-09-29T02:45:00Z,8.17,beaver_creek_usgs_temp_3,60.65107,-151.09076,US/Alaska (UTC-9 / UTC-8),"west fork beaver creek, upstream of marathon road",Beaver Creek,STREAM,MAIN,TRUE,TRUE,TBD,FALSE
2022-09-29T03:00:00Z,8.17,beaver_creek_usgs_temp_3,60.65107,-151.09076,US/Alaska (UTC-9 / UTC-8),"west fork beaver creek, upstream of marathon road",Beaver Creek,STREAM,MAIN,TRUE,TRUE,TBD,FALSE
2022-09-29T03:15:00Z,8.145,beaver_creek_usgs_temp_3,60.65107,-151.09076,US/Alaska (UTC-9 / UTC-8),"west fork beaver creek, upstream of marathon road",Beaver Creek,STREAM,MAIN,TRUE,TRUE,TBD,FALSE
2022-09-29T03:30:00Z,8.145,beaver_creek_usgs_temp_3,60.65107,-151.09076,US/Alaska (UTC-9 / UTC-8),"west fork beaver creek, upstream of marathon road",Beaver Creek,STREAM,MAIN,TRUE,TRUE,TBD,FALSE
2022-09-29T03:45:00Z,8.12,beaver_creek_usgs_temp_3,60.65107,-151.09076,US/Alaska (UTC-9 / UTC-8),"west fork beaver creek, upstream of marathon road",Beaver Creek,STREAM,MAIN,TRUE,TRUE,TBD,FALSE
2022-09-29T04:00:00Z,8.095,beaver_creek_usgs_temp_3,60.65107,-151.09076,US/Alaska (UTC-9 / UTC-8),"west fork beaver creek, upstream of marathon road",Beaver Creek,STREAM,MAIN,TRUE,TRUE,TBD,FALSE
2022-09-29T04:15:00Z,8.095,beaver_creek_usgs_temp_3,60.65107,-151.09076,US/Alaska (UTC-9 / UTC-8),"west fork beaver creek, upstream of marathon road",Beaver Creek,STREAM,MAIN,TRUE,TRUE,TBD,FALSE
2022-09-29T04:30:00Z,8.07,beaver_creek_usgs_temp_3,60.65107,-151.09076,US/Alaska (UTC-9 / UTC-8),"west fork beaver creek, upstream of marathon road",Beaver Creek,STREAM,MAIN,TRUE,TRUE,TBD,FALSE
2022-09-29T04:45:00Z,8.07,beaver_creek_usgs_temp_3,60.65107,-151.09076,US/Alaska (UTC-9 / UTC-8),"west fork beaver creek, upstream of marathon road",Beaver Creek,STREAM,MAIN,TRUE,TRUE,TBD,FALSE
2022-09-29T05:00:00Z,8.045,beaver_creek_usgs_temp_3,60.65107,-151.09076,US/Alaska (UTC-9 / UTC-8),"west fork beaver creek, upstream of marathon road",Beaver Creek,STREAM,MAIN,TRUE,TRUE,TBD,FALSE
2022-09-29T05:15:00Z,8.045,beaver_creek_usgs_temp_3,60.65107,-151.09076,US/Alaska (UTC-9 / UTC-8),"west fork beaver creek, upstream of marathon road",Beaver Creek,STREAM,MAIN,TRUE,TRUE,TBD,FALSE
2022-09-29T05:30:00Z,8.02,beaver_creek_usgs_temp_3,60.65107,-151.09076,US/Alaska (UTC-9 / UTC-8),"west fork beaver creek, upstream of marathon road",Beaver Creek,STREAM,MAIN,TRUE,TRUE,TBD,FALSE
2022-09-29T05:45:00Z,7.995,beaver_creek_usgs_temp_3,60.65107,-151.09076,US/Alaska (UTC-9 / UTC-8),"west fork beaver creek, upstream of marathon road",Beaver Creek,STREAM,MAIN,TRUE,TRUE,TBD,FALSE
2022-09-29T06:00:00Z,7.97,beaver_creek_usgs_temp_3,60.65107,-151.09076,US/Alaska (UTC-9 / UTC-8),"west fork beaver creek, upstream of marathon road",Beaver Creek,STREAM,MAIN,TRUE,TRUE,TBD,FALSE
2022-09-29T06:15:00Z,7.945,beaver_creek_usgs_temp_3,60.65107,-151.09076,US/Alaska (UTC-9 / UTC-8),"west fork beaver creek, upstream of marathon road",Beaver Creek,STREAM,MAIN,TRUE,TRUE,TBD,FALSE
2022-09-29T06:30:00Z,7.92,beaver_creek_usgs_temp_3,60.65107,-151.09076,US/Alaska (UTC-9 / UTC-8),"west fork beaver creek, upstream of marathon road",Beaver Creek,STREAM,MAIN,TRUE,TRUE,TBD,FALSE
2022-09-29T06:45:00Z,7.895,beaver_creek_usgs_temp_3,60.65107,-151.09076,US/Alaska (UTC-9 / UTC-8),"west fork beaver creek, upstream of marathon road",Beaver Creek,STREAM,MAIN,TRUE,TRUE,TBD,FALSE
2022-09-29T07:00:00Z,7.895,beaver_creek_usgs_temp_3,60.65107,-151.09076,US/Alaska (UTC-9 / UTC-8),"west fork beaver creek, upstream of marathon road",Beaver Creek,STREAM,MAIN,TRUE,TRUE,TBD,FALSE
2022-09-29T07:15:00Z,7.87,beaver_creek_usgs_temp_3,60.65107,-151.09076,US/Alaska (UTC-9 / UTC-8),"west fork beaver creek, upstream of marathon road",Beaver Creek,STREAM,MAIN,TRUE,TRUE,TBD,FALSE
2022-09-29T07:30:00Z,7.87,beaver_creek_usgs_temp_3,60.65107,-151.09076,US/Alaska (UTC-9 / UTC-8),"west fork beaver creek, upstream of marathon road",Beaver Creek,STREAM,MAIN,TRUE,TRUE,TBD,FALSE
2022-09-29T07:45:00Z,7.845,beaver_creek_usgs_temp_3,60.65107,-151.09076,US/Alaska (UTC-9 / UTC-8),"west fork beaver creek, upstream of marathon road",Beaver Creek,STREAM,MAIN,TRUE,TRUE,TBD,FALSE
2022-09-29T08:00:00Z,7.845,beaver_creek_usgs_temp_3,60.65107,-151.09076,US/Alaska (UTC-9 / UTC-8),"west fork beaver creek, upstream of marathon road",Beaver Creek,STREAM,MAIN,TRUE,TRUE,TBD,FALSE
2022-09-29T08:15:00Z,7.82,beaver_creek_usgs_temp_3,60.65107,-151.09076,US/Alaska (UTC-9 / UTC-8),"west fork beaver creek, upstream of marathon road",Beaver Creek,STREAM,MAIN,TRUE,TRUE,TBD,FALSE
2022-09-29T08:30:00Z,7.795,beaver_creek_usgs_temp_3,60.65107,-151.09076,US/Alaska (UTC-9 / UTC-8),"west fork beaver creek, upstream of marathon road",Beaver Creek,STREAM,MAIN,TRUE,TRUE,TBD,FALSE
2022-09-29T08:45:00Z,7.795,beaver_creek_usgs_temp_3,60.65107,-151.09076,US/Alaska (UTC-9 / UTC-8),"west fork beaver creek, upstream of marathon road",Beaver Creek,STREAM,MAIN,TRUE,TRUE,TBD,FALSE
2022-09-29T09:00:00Z,7.795,beaver_creek_usgs_temp_3,60.65107,-151.09076,US/Alaska (UTC-9 / UTC-8),"west fork beaver creek, upstream of marathon road",Beaver Creek,STREAM,MAIN,TRUE,TRUE,TBD,FALSE
2022-09-29T09:15:00Z,7.795,beaver_creek_usgs_temp_3,60.65107,-151.09076,US/Alaska (UTC-9 / UTC-8),"west fork beaver creek, upstream of marathon road",Beaver Creek,STREAM,MAIN,TRUE,TRUE,TBD,FALSE
2022-09-29T09:30:00Z,7.795,beaver_creek_usgs_temp_3,60.65107,-151.09076,US/Alaska (UTC-9 / UTC-8),"west fork beaver creek, upstream of marathon road",Beaver Creek,STREAM,MAIN,TRUE,TRUE,TBD,FALSE
2022-09-29T09:45:00Z,7.795,beaver_creek_usgs_temp_3,60.65107,-151.09076,US/Alaska (UTC-9 / UTC-8),"west fork beaver creek, upstream of marathon road",Beaver Creek,STREAM,MAIN,TRUE,TRUE,TBD,FALSE
2022-09-29T10:00:00Z,7.845,beaver_creek_usgs_temp_3,60.65107,-151.09076,US/Alaska (UTC-9 / UTC-8),"west fork beaver creek, upstream of marathon road",Beaver Creek,STREAM,MAIN,TRUE,TRUE,TBD,FALSE
2022-09-29T10:15:00Z,7.845,beaver_creek_usgs_temp_3,60.65107,-151.09076,US/Alaska (UTC-9 / UTC-8),"west fork beaver creek, upstream of marathon road",Beaver Creek,STREAM,MAIN,TRUE,TRUE,TBD,FALSE
2022-09-29T10:30:00Z,7.87,beaver_creek_usgs_temp_3,60.65107,-151.09076,US/Alaska (UTC-9 / UTC-8),"west fork beaver creek, upstream of marathon road",Beaver Creek,STREAM,MAIN,TRUE,TRUE,TBD,FALSE
2022-09-29T10:45:00Z,7.945,beaver_creek_usgs_temp_3,60.65107,-151.09076,US/Alaska (UTC-9 / UTC-8),"west fork beaver creek, upstream of marathon road",Beaver Creek,STREAM,MAIN,TRUE,TRUE,TBD,FALSE
2022-09-29T11:00:00Z,7.97,beaver_creek_usgs_temp_3,60.65107,-151.09076,US/Alaska (UTC-9 / UTC-8),"west fork beaver creek, upstream of marathon road",Beaver Creek,STREAM,MAIN,TRUE,TRUE,TBD,FALSE
2022-09-29T11:15:00Z,8.02,beaver_creek_usgs_temp_3,60.65107,-151.09076,US/Alaska (UTC-9 / UTC-8),"west fork beaver creek, upstream of marathon road",Beaver Creek,STREAM,MAIN,TRUE,TRUE,TBD,FALSE
2022-09-29T11:30:00Z,8.045,beaver_creek_usgs_temp_3,60.65107,-151.09076,US/Alaska (UTC-9 / UTC-8),"west fork beaver creek, upstream of marathon road",Beaver Creek,STREAM,MAIN,TRUE,TRUE,TBD,FALSE
2022-09-29T11:45:00Z,8.095,beaver_creek_usgs_temp_3,60.65107,-151.09076,US/Alaska (UTC-9 / UTC-8),"west fork beaver creek, upstream of marathon road",Beaver Creek,STREAM,MAIN,TRUE,TRUE,TBD,FALSE
2022-09-29T12:00:00Z,8.17,beaver_creek_usgs_temp_3,60.65107,-151.09076,US/Alaska (UTC-9 / UTC-8),"west fork beaver creek, upstream of marathon road",Beaver Creek,STREAM,MAIN,TRUE,TRUE,TBD,FALSE
2022-09-29T12:15:00Z,8.195,beaver_creek_usgs_temp_3,60.65107,-151.09076,US/Alaska (UTC-9 / UTC-8),"west fork beaver creek, upstream of marathon road",Beaver Creek,STREAM,MAIN,TRUE,TRUE,TBD,FALSE
2022-09-29T12:30:00Z,8.245,beaver_creek_usgs_temp_3,60.65107,-151.09076,US/Alaska (UTC-9 / UTC-8),"west fork beaver creek, upstream of marathon road",Beaver Creek,STREAM,MAIN,TRUE,TRUE,TBD,FALSE
2022-09-29T12:45:00Z,8.319,beaver_creek_usgs_temp_3,60.65107,-151.09076,US/Alaska (UTC-9 / UTC-8),"west fork beaver creek, upstream of marathon road",Beaver Creek,STREAM,MAIN,TRUE,TRUE,TBD,FALSE
2022-09-29T13:00:00Z,8.344,beaver_creek_usgs_temp_3,60.65107,-151.09076,US/Alaska (UTC-9 / UTC-8),"west fork beaver creek, upstream of marathon road",Beaver Creek,STREAM,MAIN,TRUE,TRUE,TBD,FALSE
2022-09-29T13:15:00Z,8.369,beaver_creek_usgs_temp_3,60.65107,-151.09076,US/Alaska (UTC-9 / UTC-8),"west fork beaver creek, upstream of marathon road",Beaver Creek,STREAM,MAIN,TRUE,TRUE,TBD,FALSE
2022-09-29T13:30:00Z,8.394,beaver_creek_usgs_temp_3,60.65107,-151.09076,US/Alaska (UTC-9 / UTC-8),"west fork beaver creek, upstream of marathon road",Beaver Creek,STREAM,MAIN,TRUE,TRUE,TBD,FALSE
2022-09-29T13:45:00Z,8.444,beaver_creek_usgs_temp_3,60.65107,-151.09076,US/Alaska (UTC-9 / UTC-8),"west fork beaver creek, upstream of marathon road",Beaver Creek,STREAM,MAIN,TRUE,TRUE,TBD,FALSE
2022-09-29T14:00:00Z,8.469,beaver_creek_usgs_temp_3,60.65107,-151.09076,US/Alaska (UTC-9 / UTC-8),"west fork beaver creek, upstream of marathon road",Beaver Creek,STREAM,MAIN,TRUE,TRUE,TBD,FALSE
2022-09-29T14:15:00Z,8.519,beaver_creek_usgs_temp_3,60.65107,-151.09076,US/Alaska (UTC-9 / UTC-8),"west fork beaver creek, upstream of marathon road",Beaver Creek,STREAM,MAIN,TRUE,TRUE,TBD,FALSE
2022-09-29T14:30:00Z,8.568,beaver_creek_usgs_temp_3,60.65107,-151.09076,US/Alaska (UTC-9 / UTC-8),"west fork beaver creek, upstream of marathon road",Beaver Creek,STREAM,MAIN,TRUE,TRUE,TBD,FALSE
2022-09-29T14:45:00Z,8.593,beaver_creek_usgs_temp_3,60.65107,-151.09076,US/Alaska (UTC-9 / UTC-8),"west fork beaver creek, upstream of marathon road",Beaver Creek,STREAM,MAIN,TRUE,TRUE,TBD,FALSE
2022-09-29T15:00:00Z,8.618,beaver_creek_usgs_temp_3,60.65107,-151.09076,US/Alaska (UTC-9 / UTC-8),"west fork beaver creek, upstream of marathon road",Beaver Creek,STREAM,MAIN,TRUE,TRUE,TBD,FALSE
2022-09-29T15:15:00Z,8.643,beaver_creek_usgs_temp_3,60.65107,-151.09076,US/Alaska (UTC-9 / UTC-8),"west fork beaver creek, upstream of marathon road",Beaver Creek,STREAM,MAIN,TRUE,TRUE,TBD,FALSE
2022-09-29T15:30:00Z,8.693,beaver_creek_usgs_temp_3,60.65107,-151.09076,US/Alaska (UTC-9 / UTC-8),"west fork beaver creek, upstream of marathon road",Beaver Creek,STREAM,MAIN,TRUE,TRUE,TBD,FALSE
2022-09-29T15:45:00Z,8.742,beaver_creek_usgs_temp_3,60.65107,-151.09076,US/Alaska (UTC-9 / UTC-8),"west fork beaver creek, upstream of marathon road",Beaver Creek,STREAM,MAIN,TRUE,TRUE,TBD,FALSE
2022-09-29T16:00:00Z,8.767,beaver_creek_usgs_temp_3,60.65107,-151.09076,US/Alaska (UTC-9 / UTC-8),"west fork beaver creek, upstream of marathon road",Beaver Creek,STREAM,MAIN,TRUE,TRUE,TBD,FALSE
2022-09-29T16:15:00Z,8.792,beaver_creek_usgs_temp_3,60.65107,-151.09076,US/Alaska (UTC-9 / UTC-8),"west fork beaver creek, upstream of marathon road",Beaver Creek,STREAM,MAIN,TRUE,TRUE,TBD,FALSE
2022-09-29T16:30:00Z,8.841,beaver_creek_usgs_temp_3,60.65107,-151.09076,US/Alaska (UTC-9 / UTC-8),"west fork beaver creek, upstream of marathon road",Beaver Creek,STREAM,MAIN,TRUE,TRUE,TBD,FALSE
2022-09-29T16:45:00Z,8.866,beaver_creek_usgs_temp_3,60.65107,-151.09076,US/Alaska (UTC-9 / UTC-8),"west fork beaver creek, upstream of marathon road",Beaver Creek,STREAM,MAIN,TRUE,TRUE,TBD,FALSE
2022-09-29T17:00:00Z,8.891,beaver_creek_usgs_temp_3,60.65107,-151.09076,US/Alaska (UTC-9 / UTC-8),"west fork beaver creek, upstream of marathon road",Beaver Creek,STREAM,MAIN,TRUE,TRUE,TBD,FALSE
2022-09-29T17:15:00Z,8.916,beaver_creek_usgs_temp_3,60.65107,-151.09076,US/Alaska (UTC-9 / UTC-8),"west fork beaver creek, upstream of marathon road",Beaver Creek,STREAM,MAIN,TRUE,TRUE,TBD,FALSE
2022-09-29T17:30:00Z,8.965,beaver_creek_usgs_temp_3,60.65107,-151.09076,US/Alaska (UTC-9 / UTC-8),"west fork beaver creek, upstream of marathon road",Beaver Creek,STREAM,MAIN,TRUE,TRUE,TBD,FALSE
2022-09-29T17:45:00Z,8.99,beaver_creek_usgs_temp_3,60.65107,-151.09076,US/Alaska (UTC-9 / UTC-8),"west fork beaver creek, upstream of marathon road",Beaver Creek,STREAM,MAIN,TRUE,TRUE,TBD,FALSE
2022-09-29T18:00:00Z,9.015,beaver_creek_usgs_temp_3,60.65107,-151.09076,US/Alaska (UTC-9 / UTC-8),"west fork beaver creek, upstream of marathon road",Beaver Creek,STREAM,MAIN,TRUE,TRUE,TBD,FALSE
2022-09-29T18:15:00Z,9.04,beaver_creek_usgs_temp_3,60.65107,-151.09076,US/Alaska (UTC-9 / UTC-8),"west fork beaver creek, upstream of marathon road",Beaver Creek,STREAM,MAIN,TRUE,TRUE,TBD,FALSE
2022-09-29T18:30:00Z,9.064,beaver_creek_usgs_temp_3,60.65107,-151.09076,US/Alaska (UTC-9 / UTC-8),"west fork beaver creek, upstream of marathon road",Beaver Creek,STREAM,MAIN,TRUE,TRUE,TBD,FALSE
2022-09-29T18:45:00Z,9.064,beaver_creek_usgs_temp_3,60.65107,-151.09076,US/Alaska (UTC-9 / UTC-8),"west fork beaver creek, upstream of marathon road",Beaver Creek,STREAM,MAIN,TRUE,TRUE,TBD,FALSE
2022-09-29T19:00:00Z,9.089,beaver_creek_usgs_temp_3,60.65107,-151.09076,US/Alaska (UTC-9 / UTC-8),"west fork beaver creek, upstream of marathon road",Beaver Creek,STREAM,MAIN,TRUE,TRUE,TBD,FALSE
2022-09-29T19:15:00Z,9.089,beaver_creek_usgs_temp_3,60.65107,-151.09076,US/Alaska (UTC-9 / UTC-8),"west fork beaver creek, upstream of marathon road",Beaver Creek,STREAM,MAIN,TRUE,TRUE,TBD,FALSE
2022-09-29T19:30:00Z,9.064,beaver_creek_usgs_temp_3,60.65107,-151.09076,US/Alaska (UTC-9 / UTC-8),"west fork beaver creek, upstream of marathon road",Beaver Creek,STREAM,MAIN,TRUE,TRUE,TBD,FALSE
2022-09-29T19:45:00Z,9.064,beaver_creek_usgs_temp_3,60.65107,-151.09076,US/Alaska (UTC-9 / UTC-8),"west fork beaver creek, upstream of marathon road",Beaver Creek,STREAM,MAIN,TRUE,TRUE,TBD,FALSE
2022-09-29T20:00:00Z,9.064,beaver_creek_usgs_temp_3,60.65107,-151.09076,US/Alaska (UTC-9 / UTC-8),"west fork beaver creek, upstream of marathon road",Beaver Creek,STREAM,MAIN,TRUE,TRUE,TBD,FALSE
2022-09-29T20:15:00Z,9.064,beaver_creek_usgs_temp_3,60.65107,-151.09076,US/Alaska (UTC-9 / UTC-8),"west fork beaver creek, upstream of marathon road",Beaver Creek,STREAM,MAIN,TRUE,TRUE,TBD,FALSE
2022-09-29T20:30:00Z,9.04,beaver_creek_usgs_temp_3,60.65107,-151.09076,US/Alaska (UTC-9 / UTC-8),"west fork beaver creek, upstream of marathon road",Beaver Creek,STREAM,MAIN,TRUE,TRUE,TBD,FALSE
2022-09-29T20:45:00Z,9.04,beaver_creek_usgs_temp_3,60.65107,-151.09076,US/Alaska (UTC-9 / UTC-8),"west fork beaver creek, upstream of marathon road",Beaver Creek,STREAM,MAIN,TRUE,TRUE,TBD,FALSE
2022-09-29T21:00:00Z,9.04,beaver_creek_usgs_temp_3,60.65107,-151.09076,US/Alaska (UTC-9 / UTC-8),"west fork beaver creek, upstream of marathon road",Beaver Creek,STREAM,MAIN,TRUE,TRUE,TBD,FALSE
2022-09-29T21:15:00Z,9.015,beaver_creek_usgs_temp_3,60.65107,-151.09076,US/Alaska (UTC-9 / UTC-8),"west fork beaver creek, upstream of marathon road",Beaver Creek,STREAM,MAIN,TRUE,TRUE,TBD,FALSE
2022-09-29T21:30:00Z,8.99,beaver_creek_usgs_temp_3,60.65107,-151.09076,US/Alaska (UTC-9 / UTC-8),"west fork beaver creek, upstream of marathon road",Beaver Creek,STREAM,MAIN,TRUE,TRUE,TBD,FALSE
2022-09-29T21:45:00Z,8.99,beaver_creek_usgs_temp_3,60.65107,-151.09076,US/Alaska (UTC-9 / UTC-8),"west fork beaver creek, upstream of marathon road",Beaver Creek,STREAM,MAIN,TRUE,TRUE,TBD,FALSE
2022-09-29T22:00:00Z,8.99,beaver_creek_usgs_temp_3,60.65107,-151.09076,US/Alaska (UTC-9 / UTC-8),"west fork beaver creek, upstream of marathon road",Beaver Creek,STREAM,MAIN,TRUE,TRUE,TBD,FALSE
2022-09-29T22:15:00Z,8.965,beaver_creek_usgs_temp_3,60.65107,-151.09076,US/Alaska (UTC-9 / UTC-8),"west fork beaver creek, upstream of marathon road",Beaver Creek,STREAM,MAIN,TRUE,TRUE,TBD,FALSE
2022-09-29T22:30:00Z,8.965,beaver_creek_usgs_temp_3,60.65107,-151.09076,US/Alaska (UTC-9 / UTC-8),"west fork beaver creek, upstream of marathon road",Beaver Creek,STREAM,MAIN,TRUE,TRUE,TBD,FALSE
2022-09-29T22:45:00Z,8.941,beaver_creek_usgs_temp_3,60.65107,-151.09076,US/Alaska (UTC-9 / UTC-8),"west fork beaver creek, upstream of marathon road",Beaver Creek,STREAM,MAIN,TRUE,TRUE,TBD,FALSE
2022-09-29T23:00:00Z,8.941,beaver_creek_usgs_temp_3,60.65107,-151.09076,US/Alaska (UTC-9 / UTC-8),"west fork beaver creek, upstream of marathon road",Beaver Creek,STREAM,MAIN,TRUE,TRUE,TBD,FALSE
2022-09-29T23:15:00Z,8.916,beaver_creek_usgs_temp_3,60.65107,-151.09076,US/Alaska (UTC-9 / UTC-8),"west fork beaver creek, upstream of marathon road",Beaver Creek,STREAM,MAIN,TRUE,TRUE,TBD,FALSE
2022-09-29T23:30:00Z,8.891,beaver_creek_usgs_temp_3,60.65107,-151.09076,US/Alaska (UTC-9 / UTC-8),"west fork beaver creek, upstream of marathon road",Beaver Creek,STREAM,MAIN,TRUE,TRUE,TBD,FALSE
2022-09-29T23:45:00Z,8.866,beaver_creek_usgs_temp_3,60.65107,-151.09076,US/Alaska (UTC-9 / UTC-8),"west fork beaver creek, upstream of marathon road",Beaver Creek,STREAM,MAIN,TRUE,TRUE,TBD,FALSE
2022-09-30T00:00:00Z,8.841,beaver_creek_usgs_temp_3,60.65107,-151.09076,US/Alaska (UTC-9 / UTC-8),"west fork beaver creek, upstream of marathon road",Beaver Creek,STREAM,MAIN,TRUE,TRUE,TBD,FALSE
2022-09-30T00:15:00Z,8.792,beaver_creek_usgs_temp_3,60.65107,-151.09076,US/Alaska (UTC-9 / UTC-8),"west fork beaver creek, upstream of marathon road",Beaver Creek,STREAM,MAIN,TRUE,TRUE,TBD,FALSE
2022-09-30T00:30:00Z,8.792,beaver_creek_usgs_temp_3,60.65107,-151.09076,US/Alaska (UTC-9 / UTC-8),"west fork beaver creek, upstream of marathon road",Beaver Creek,STREAM,MAIN,TRUE,TRUE,TBD,FALSE
2022-09-30T00:45:00Z,8.767,beaver_creek_usgs_temp_3,60.65107,-151.09076,US/Alaska (UTC-9 / UTC-8),"west fork beaver creek, upstream of marathon road",Beaver Creek,STREAM,MAIN,TRUE,TRUE,TBD,FALSE
2022-09-30T01:00:00Z,8.767,beaver_creek_usgs_temp_3,60.65107,-151.09076,US/Alaska (UTC-9 / UTC-8),"west fork beaver creek, upstream of marathon road",Beaver Creek,STREAM,MAIN,TRUE,TRUE,TBD,FALSE
2022-09-30T01:15:00Z,8.742,beaver_creek_usgs_temp_3,60.65107,-151.09076,US/Alaska (UTC-9 / UTC-8),"west fork beaver creek, upstream of marathon road",Beaver Creek,STREAM,MAIN,TRUE,TRUE,TBD,FALSE
2022-09-30T01:30:00Z,8.742,beaver_creek_usgs_temp_3,60.65107,-151.09076,US/Alaska (UTC-9 / UTC-8),"west fork beaver creek, upstream of marathon road",Beaver Creek,STREAM,MAIN,TRUE,TRUE,TBD,FALSE
2022-09-30T01:45:00Z,8.717,beaver_creek_usgs_temp_3,60.65107,-151.09076,US/Alaska (UTC-9 / UTC-8),"west fork beaver creek, upstream of marathon road",Beaver Creek,STREAM,MAIN,TRUE,TRUE,TBD,FALSE
2022-09-30T02:00:00Z,8.693,beaver_creek_usgs_temp_3,60.65107,-151.09076,US/Alaska (UTC-9 / UTC-8),"west fork beaver creek, upstream of marathon road",Beaver Creek,STREAM,MAIN,TRUE,TRUE,TBD,FALSE
2022-09-30T02:15:00Z,8.693,beaver_creek_usgs_temp_3,60.65107,-151.09076,US/Alaska (UTC-9 / UTC-8),"west fork beaver creek, upstream of marathon road",Beaver Creek,STREAM,MAIN,TRUE,TRUE,TBD,FALSE
2022-09-30T02:30:00Z,8.668,beaver_creek_usgs_temp_3,60.65107,-151.09076,US/Alaska (UTC-9 / UTC-8),"west fork beaver creek, upstream of marathon road",Beaver Creek,STREAM,MAIN,TRUE,TRUE,TBD,FALSE
2022-09-30T02:45:00Z,8.643,beaver_creek_usgs_temp_3,60.65107,-151.09076,US/Alaska (UTC-9 / UTC-8),"west fork beaver creek, upstream of marathon road",Beaver Creek,STREAM,MAIN,TRUE,TRUE,TBD,FALSE
2022-09-30T03:00:00Z,8.643,beaver_creek_usgs_temp_3,60.65107,-151.09076,US/Alaska (UTC-9 / UTC-8),"west fork beaver creek, upstream of marathon road",Beaver Creek,STREAM,MAIN,TRUE,TRUE,TBD,FALSE
2022-09-30T03:15:00Z,8.618,beaver_creek_usgs_temp_3,60.65107,-151.09076,US/Alaska (UTC-9 / UTC-8),"west fork beaver creek, upstream of marathon road",Beaver Creek,STREAM,MAIN,TRUE,TRUE,TBD,FALSE
2022-09-30T03:30:00Z,8.618,beaver_creek_usgs_temp_3,60.65107,-151.09076,US/Alaska (UTC-9 / UTC-8),"west fork beaver creek, upstream of marathon road",Beaver Creek,STREAM,MAIN,TRUE,TRUE,TBD,FALSE
2022-09-30T03:45:00Z,8.593,beaver_creek_usgs_temp_3,60.65107,-151.09076,US/Alaska (UTC-9 / UTC-8),"west fork beaver creek, upstream of marathon road",Beaver Creek,STREAM,MAIN,TRUE,TRUE,TBD,FALSE
2022-09-30T04:00:00Z,8.593,beaver_creek_usgs_temp_3,60.65107,-151.09076,US/Alaska (UTC-9 / UTC-8),"west fork beaver creek, upstream of marathon road",Beaver Creek,STREAM,MAIN,TRUE,TRUE,TBD,FALSE
2022-09-30T04:15:00Z,8.568,beaver_creek_usgs_temp_3,60.65107,-151.09076,US/Alaska (UTC-9 / UTC-8),"west fork beaver creek, upstream of marathon road",Beaver Creek,STREAM,MAIN,TRUE,TRUE,TBD,FALSE
2022-09-30T04:30:00Z,8.543,beaver_creek_usgs_temp_3,60.65107,-151.09076,US/Alaska (UTC-9 / UTC-8),"west fork beaver creek, upstream of marathon road",Beaver Creek,STREAM,MAIN,TRUE,TRUE,TBD,FALSE
2022-09-30T04:45:00Z,8.543,beaver_creek_usgs_temp_3,60.65107,-151.09076,US/Alaska (UTC-9 / UTC-8),"west fork beaver creek, upstream of marathon road",Beaver Creek,STREAM,MAIN,TRUE,TRUE,TBD,FALSE
2022-09-30T05:00:00Z,8.519,beaver_creek_usgs_temp_3,60.65107,-151.09076,US/Alaska (UTC-9 / UTC-8),"west fork beaver creek, upstream of marathon road",Beaver Creek,STREAM,MAIN,TRUE,TRUE,TBD,FALSE
2022-09-30T05:15:00Z,8.519,beaver_creek_usgs_temp_3,60.65107,-151.09076,US/Alaska (UTC-9 / UTC-8),"west fork beaver creek, upstream of marathon road",Beaver Creek,STREAM,MAIN,TRUE,TRUE,TBD,FALSE
2022-09-30T05:30:00Z,8.494,beaver_creek_usgs_temp_3,60.65107,-151.09076,US/Alaska (UTC-9 / UTC-8),"west fork beaver creek, upstream of marathon road",Beaver Creek,STREAM,MAIN,TRUE,TRUE,TBD,FALSE
2022-09-30T05:45:00Z,8.494,beaver_creek_usgs_temp_3,60.65107,-151.09076,US/Alaska (UTC-9 / UTC-8),"west fork beaver creek, upstream of marathon road",Beaver Creek,STREAM,MAIN,TRUE,TRUE,TBD,FALSE
2022-09-30T06:00:00Z,8.469,beaver_creek_usgs_temp_3,60.65107,-151.09076,US/Alaska (UTC-9 / UTC-8),"west fork beaver creek, upstream of marathon road",Beaver Creek,STREAM,MAIN,TRUE,TRUE,TBD,FALSE
2022-09-30T06:15:00Z,8.444,beaver_creek_usgs_temp_3,60.65107,-151.09076,US/Alaska (UTC-9 / UTC-8),"west fork beaver creek, upstream of marathon road",Beaver Creek,STREAM,MAIN,TRUE,TRUE,TBD,FALSE
2022-09-30T06:30:00Z,8.444,beaver_creek_usgs_temp_3,60.65107,-151.09076,US/Alaska (UTC-9 / UTC-8),"west fork beaver creek, upstream of marathon road",Beaver Creek,STREAM,MAIN,TRUE,TRUE,TBD,FALSE
2022-09-30T06:45:00Z,8.419,beaver_creek_usgs_temp_3,60.65107,-151.09076,US/Alaska (UTC-9 / UTC-8),"west fork beaver creek, upstream of marathon road",Beaver Creek,STREAM,MAIN,TRUE,TRUE,TBD,FALSE
2022-09-30T07:00:00Z,8.419,beaver_creek_usgs_temp_3,60.65107,-151.09076,US/Alaska (UTC-9 / UTC-8),"west fork beaver creek, upstream of marathon road",Beaver Creek,STREAM,MAIN,TRUE,TRUE,TBD,FALSE
2022-09-30T07:15:00Z,8.394,beaver_creek_usgs_temp_3,60.65107,-151.09076,US/Alaska (UTC-9 / UTC-8),"west fork beaver creek, upstream of marathon road",Beaver Creek,STREAM,MAIN,TRUE,TRUE,TBD,FALSE
2022-09-30T07:30:00Z,8.394,beaver_creek_usgs_temp_3,60.65107,-151.09076,US/Alaska (UTC-9 / UTC-8),"west fork beaver creek, upstream of marathon road",Beaver Creek,STREAM,MAIN,TRUE,TRUE,TBD,FALSE
2022-09-30T07:45:00Z,8.394,beaver_creek_usgs_temp_3,60.65107,-151.09076,US/Alaska (UTC-9 / UTC-8),"west fork beaver creek, upstream of marathon road",Beaver Creek,STREAM,MAIN,TRUE,TRUE,TBD,FALSE
2022-09-30T08:00:00Z,8.369,beaver_creek_usgs_temp_3,60.65107,-151.09076,US/Alaska (UTC-9 / UTC-8),"west fork beaver creek, upstream of marathon road",Beaver Creek,STREAM,MAIN,TRUE,TRUE,TBD,FALSE
2022-09-30T08:15:00Z,8.369,beaver_creek_usgs_temp_3,60.65107,-151.09076,US/Alaska (UTC-9 / UTC-8),"west fork beaver creek, upstream of marathon road",Beaver Creek,STREAM,MAIN,TRUE,TRUE,TBD,FALSE
2022-09-30T08:30:00Z,8.369,beaver_creek_usgs_temp_3,60.65107,-151.09076,US/Alaska (UTC-9 / UTC-8),"west fork beaver creek, upstream of marathon road",Beaver Creek,STREAM,MAIN,TRUE,TRUE,TBD,FALSE
2022-09-30T08:45:00Z,8.344,beaver_creek_usgs_temp_3,60.65107,-151.09076,US/Alaska (UTC-9 / UTC-8),"west fork beaver creek, upstream of marathon road",Beaver Creek,STREAM,MAIN,TRUE,TRUE,TBD,FALSE
2022-09-30T09:00:00Z,8.344,beaver_creek_usgs_temp_3,60.65107,-151.09076,US/Alaska (UTC-9 / UTC-8),"west fork beaver creek, upstream of marathon road",Beaver Creek,STREAM,MAIN,TRUE,TRUE,TBD,FALSE
2022-09-30T09:15:00Z,8.369,beaver_creek_usgs_temp_3,60.65107,-151.09076,US/Alaska (UTC-9 / UTC-8),"west fork beaver creek, upstream of marathon road",Beaver Creek,STREAM,MAIN,TRUE,TRUE,TBD,FALSE
2022-09-30T09:30:00Z,8.394,beaver_creek_usgs_temp_3,60.65107,-151.09076,US/Alaska (UTC-9 / UTC-8),"west fork beaver creek, upstream of marathon road",Beaver Creek,STREAM,MAIN,TRUE,TRUE,TBD,FALSE
2022-09-30T09:45:00Z,8.394,beaver_creek_usgs_temp_3,60.65107,-151.09076,US/Alaska (UTC-9 / UTC-8),"west fork beaver creek, upstream of marathon road",Beaver Creek,STREAM,MAIN,TRUE,TRUE,TBD,FALSE
2022-09-30T10:00:00Z,8.394,beaver_creek_usgs_temp_3,60.65107,-151.09076,US/Alaska (UTC-9 / UTC-8),"west fork beaver creek, upstream of marathon road",Beaver Creek,STREAM,MAIN,TRUE,TRUE,TBD,FALSE
2022-09-30T10:15:00Z,8.394,beaver_creek_usgs_temp_3,60.65107,-151.09076,US/Alaska (UTC-9 / UTC-8),"west fork beaver creek, upstream of marathon road",Beaver Creek,STREAM,MAIN,TRUE,TRUE,TBD,FALSE
2022-09-30T10:30:00Z,8.419,beaver_creek_usgs_temp_3,60.65107,-151.09076,US/Alaska (UTC-9 / UTC-8),"west fork beaver creek, upstream of marathon road",Beaver Creek,STREAM,MAIN,TRUE,TRUE,TBD,FALSE
2022-09-30T10:45:00Z,8.469,beaver_creek_usgs_temp_3,60.65107,-151.09076,US/Alaska (UTC-9 / UTC-8),"west fork beaver creek, upstream of marathon road",Beaver Creek,STREAM,MAIN,TRUE,TRUE,TBD,FALSE
2022-09-30T11:00:00Z,8.519,beaver_creek_usgs_temp_3,60.65107,-151.09076,US/Alaska (UTC-9 / UTC-8),"west fork beaver creek, upstream of marathon road",Beaver Creek,STREAM,MAIN,TRUE,TRUE,TBD,FALSE
2022-09-30T11:15:00Z,8.543,beaver_creek_usgs_temp_3,60.65107,-151.09076,US/Alaska (UTC-9 / UTC-8),"west fork beaver creek, upstream of marathon road",Beaver Creek,STREAM,MAIN,TRUE,TRUE,TBD,FALSE
2022-09-30T11:30:00Z,8.543,beaver_creek_usgs_temp_3,60.65107,-151.09076,US/Alaska (UTC-9 / UTC-8),"west fork beaver creek, upstream of marathon road",Beaver Creek,STREAM,MAIN,TRUE,TRUE,TBD,FALSE
2022-09-30T11:45:00Z,8.643,beaver_creek_usgs_temp_3,60.65107,-151.09076,US/Alaska (UTC-9 / UTC-8),"west fork beaver creek, upstream of marathon road",Beaver Creek,STREAM,MAIN,TRUE,TRUE,TBD,FALSE
2022-09-30T12:00:00Z,8.693,beaver_creek_usgs_temp_3,60.65107,-151.09076,US/Alaska (UTC-9 / UTC-8),"west fork beaver creek, upstream of marathon road",Beaver Creek,STREAM,MAIN,TRUE,TRUE,TBD,FALSE
2022-09-30T12:15:00Z,8.767,beaver_creek_usgs_temp_3,60.65107,-151.09076,US/Alaska (UTC-9 / UTC-8),"west fork beaver creek, upstream of marathon road",Beaver Creek,STREAM,MAIN,TRUE,TRUE,TBD,FALSE
2022-09-30T12:30:00Z,8.891,beaver_creek_usgs_temp_3,60.65107,-151.09076,US/Alaska (UTC-9 / UTC-8),"west fork beaver creek, upstream of marathon road",Beaver Creek,STREAM,MAIN,TRUE,TRUE,TBD,FALSE
2022-09-30T12:45:00Z,8.916,beaver_creek_usgs_temp_3,60.65107,-151.09076,US/Alaska (UTC-9 / UTC-8),"west fork beaver creek, upstream of marathon road",Beaver Creek,STREAM,MAIN,TRUE,TRUE,TBD,FALSE
2022-09-30T13:00:00Z,8.891,beaver_creek_usgs_temp_3,60.65107,-151.09076,US/Alaska (UTC-9 / UTC-8),"west fork beaver creek, upstream of marathon road",Beaver Creek,STREAM,MAIN,TRUE,TRUE,TBD,FALSE
2022-09-30T13:15:00Z,8.916,beaver_creek_usgs_temp_3,60.65107,-151.09076,US/Alaska (UTC-9 / UTC-8),"west fork beaver creek, upstream of marathon road",Beaver Creek,STREAM,MAIN,TRUE,TRUE,TBD,FALSE
2022-09-30T13:30:00Z,8.965,beaver_creek_usgs_temp_3,60.65107,-151.09076,US/Alaska (UTC-9 / UTC-8),"west fork beaver creek, upstream of marathon road",Beaver Creek,STREAM,MAIN,TRUE,TRUE,TBD,FALSE
2022-09-30T13:45:00Z,9.015,beaver_creek_usgs_temp_3,60.65107,-151.09076,US/Alaska (UTC-9 / UTC-8),"west fork beaver creek, upstream of marathon road",Beaver Creek,STREAM,MAIN,TRUE,TRUE,TBD,FALSE
2022-09-30T14:00:00Z,9.064,beaver_creek_usgs_temp_3,60.65107,-151.09076,US/Alaska (UTC-9 / UTC-8),"west fork beaver creek, upstream of marathon road",Beaver Creek,STREAM,MAIN,TRUE,TRUE,TBD,FALSE
2022-09-30T14:15:00Z,9.064,beaver_creek_usgs_temp_3,60.65107,-151.09076,US/Alaska (UTC-9 / UTC-8),"west fork beaver creek, upstream of marathon road",Beaver Creek,STREAM,MAIN,TRUE,TRUE,TBD,FALSE
2022-09-30T14:30:00Z,9.089,beaver_creek_usgs_temp_3,60.65107,-151.09076,US/Alaska (UTC-9 / UTC-8),"west fork beaver creek, upstream of marathon road",Beaver Creek,STREAM,MAIN,TRUE,TRUE,TBD,FALSE
2022-09-30T14:45:00Z,9.089,beaver_creek_usgs_temp_3,60.65107,-151.09076,US/Alaska (UTC-9 / UTC-8),"west fork beaver creek, upstream of marathon road",Beaver Creek,STREAM,MAIN,TRUE,TRUE,TBD,FALSE
2022-09-30T15:00:00Z,9.114,beaver_creek_usgs_temp_3,60.65107,-151.09076,US/Alaska (UTC-9 / UTC-8),"west fork beaver creek, upstream of marathon road",Beaver Creek,STREAM,MAIN,TRUE,TRUE,TBD,FALSE
2022-09-30T15:15:00Z,9.114,beaver_creek_usgs_temp_3,60.65107,-151.09076,US/Alaska (UTC-9 / UTC-8),"west fork beaver creek, upstream of marathon road",Beaver Creek,STREAM,MAIN,TRUE,TRUE,TBD,FALSE
2022-09-30T15:30:00Z,9.188,beaver_creek_usgs_temp_3,60.65107,-151.09076,US/Alaska (UTC-9 / UTC-8),"west fork beaver creek, upstream of marathon road",Beaver Creek,STREAM,MAIN,TRUE,TRUE,TBD,FALSE
2022-09-30T15:45:00Z,9.213,beaver_creek_usgs_temp_3,60.65107,-151.09076,US/Alaska (UTC-9 / UTC-8),"west fork beaver creek, upstream of marathon road",Beaver Creek,STREAM,MAIN,TRUE,TRUE,TBD,FALSE
2022-09-30T16:00:00Z,9.238,beaver_creek_usgs_temp_3,60.65107,-151.09076,US/Alaska (UTC-9 / UTC-8),"west fork beaver creek, upstream of marathon road",Beaver Creek,STREAM,MAIN,TRUE,TRUE,TBD,FALSE
2022-09-30T16:15:00Z,9.238,beaver_creek_usgs_temp_3,60.65107,-151.09076,US/Alaska (UTC-9 / UTC-8),"west fork beaver creek, upstream of marathon road",Beaver Creek,STREAM,MAIN,TRUE,TRUE,TBD,FALSE
2022-09-30T16:30:00Z,9.287,beaver_creek_usgs_temp_3,60.65107,-151.09076,US/Alaska (UTC-9 / UTC-8),"west fork beaver creek, upstream of marathon road",Beaver Creek,STREAM,MAIN,TRUE,TRUE,TBD,FALSE
2022-09-30T16:45:00Z,9.336,beaver_creek_usgs_temp_3,60.65107,-151.09076,US/Alaska (UTC-9 / UTC-8),"west fork beaver creek, upstream of marathon road",Beaver Creek,STREAM,MAIN,TRUE,TRUE,TBD,FALSE
2022-09-30T17:00:00Z,9.386,beaver_creek_usgs_temp_3,60.65107,-151.09076,US/Alaska (UTC-9 / UTC-8),"west fork beaver creek, upstream of marathon road",Beaver Creek,STREAM,MAIN,TRUE,TRUE,TBD,FALSE
2022-09-30T17:15:00Z,9.386,beaver_creek_usgs_temp_3,60.65107,-151.09076,US/Alaska (UTC-9 / UTC-8),"west fork beaver creek, upstream of marathon road",Beaver Creek,STREAM,MAIN,TRUE,TRUE,TBD,FALSE
2022-09-30T17:30:00Z,9.41,beaver_creek_usgs_temp_3,60.65107,-151.09076,US/Alaska (UTC-9 / UTC-8),"west fork beaver creek, upstream of marathon road",Beaver Creek,STREAM,MAIN,TRUE,TRUE,TBD,FALSE
2022-09-30T17:45:00Z,9.435,beaver_creek_usgs_temp_3,60.65107,-151.09076,US/Alaska (UTC-9 / UTC-8),"west fork beaver creek, upstream of marathon road",Beaver Creek,STREAM,MAIN,TRUE,TRUE,TBD,FALSE
2022-09-30T18:00:00Z,9.435,beaver_creek_usgs_temp_3,60.65107,-151.09076,US/Alaska (UTC-9 / UTC-8),"west fork beaver creek, upstream of marathon road",Beaver Creek,STREAM,MAIN,TRUE,TRUE,TBD,FALSE
2022-09-30T18:15:00Z,9.41,beaver_creek_usgs_temp_3,60.65107,-151.09076,US/Alaska (UTC-9 / UTC-8),"west fork beaver creek, upstream of marathon road",Beaver Creek,STREAM,MAIN,TRUE,TRUE,TBD,FALSE
2022-09-30T18:30:00Z,9.41,beaver_creek_usgs_temp_3,60.65107,-151.09076,US/Alaska (UTC-9 / UTC-8),"west fork beaver creek, upstream of marathon road",Beaver Creek,STREAM,MAIN,TRUE,TRUE,TBD,FALSE
2022-09-30T18:45:00Z,9.386,beaver_creek_usgs_temp_3,60.65107,-151.09076,US/Alaska (UTC-9 / UTC-8),"west fork beaver creek, upstream of marathon road",Beaver Creek,STREAM,MAIN,TRUE,TRUE,TBD,FALSE
2022-09-30T19:00:00Z,9.361,beaver_creek_usgs_temp_3,60.65107,-151.09076,US/Alaska (UTC-9 / UTC-8),"west fork beaver creek, upstream of marathon road",Beaver Creek,STREAM,MAIN,TRUE,TRUE,TBD,FALSE
2022-09-30T19:15:00Z,9.312,beaver_creek_usgs_temp_3,60.65107,-151.09076,US/Alaska (UTC-9 / UTC-8),"west fork beaver creek, upstream of marathon road",Beaver Creek,STREAM,MAIN,TRUE,TRUE,TBD,FALSE
2022-09-30T19:30:00Z,9.262,beaver_creek_usgs_temp_3,60.65107,-151.09076,US/Alaska (UTC-9 / UTC-8),"west fork beaver creek, upstream of marathon road",Beaver Creek,STREAM,MAIN,TRUE,TRUE,TBD,FALSE
2022-09-30T19:45:00Z,9.213,beaver_creek_usgs_temp_3,60.65107,-151.09076,US/Alaska (UTC-9 / UTC-8),"west fork beaver creek, upstream of marathon road",Beaver Creek,STREAM,MAIN,TRUE,TRUE,TBD,FALSE
2022-09-30T20:00:00Z,9.139,beaver_creek_usgs_temp_3,60.65107,-151.09076,US/Alaska (UTC-9 / UTC-8),"west fork beaver creek, upstream of marathon road",Beaver Creek,STREAM,MAIN,TRUE,TRUE,TBD,FALSE
2022-09-30T20:15:00Z,9.064,beaver_creek_usgs_temp_3,60.65107,-151.09076,US/Alaska (UTC-9 / UTC-8),"west fork beaver creek, upstream of marathon road",Beaver Creek,STREAM,MAIN,TRUE,TRUE,TBD,FALSE
2022-09-30T20:30:00Z,8.99,beaver_creek_usgs_temp_3,60.65107,-151.09076,US/Alaska (UTC-9 / UTC-8),"west fork beaver creek, upstream of marathon road",Beaver Creek,STREAM,MAIN,TRUE,TRUE,TBD,FALSE
2022-09-30T20:45:00Z,8.891,beaver_creek_usgs_temp_3,60.65107,-151.09076,US/Alaska (UTC-9 / UTC-8),"west fork beaver creek, upstream of marathon road",Beaver Creek,STREAM,MAIN,TRUE,TRUE,TBD,FALSE
2022-09-30T21:00:00Z,8.841,beaver_creek_usgs_temp_3,60.65107,-151.09076,US/Alaska (UTC-9 / UTC-8),"west fork beaver creek, upstream of marathon road",Beaver Creek,STREAM,MAIN,TRUE,TRUE,TBD,FALSE
2022-09-30T21:15:00Z,8.767,beaver_creek_usgs_temp_3,60.65107,-151.09076,US/Alaska (UTC-9 / UTC-8),"west fork beaver creek, upstream of marathon road",Beaver Creek,STREAM,MAIN,TRUE,TRUE,TBD,FALSE
2022-09-30T21:30:00Z,8.693,beaver_creek_usgs_temp_3,60.65107,-151.09076,US/Alaska (UTC-9 / UTC-8),"west fork beaver creek, upstream of marathon road",Beaver Creek,STREAM,MAIN,TRUE,TRUE,TBD,FALSE
2022-09-30T21:45:00Z,8.618,beaver_creek_usgs_temp_3,60.65107,-151.09076,US/Alaska (UTC-9 / UTC-8),"west fork beaver creek, upstream of marathon road",Beaver Creek,STREAM,MAIN,TRUE,TRUE,TBD,FALSE
2022-09-30T22:00:00Z,8.543,beaver_creek_usgs_temp_3,60.65107,-151.09076,US/Alaska (UTC-9 / UTC-8),"west fork beaver creek, upstream of marathon road",Beaver Creek,STREAM,MAIN,TRUE,TRUE,TBD,FALSE
2022-09-30T22:15:00Z,8.494,beaver_creek_usgs_temp_3,60.65107,-151.09076,US/Alaska (UTC-9 / UTC-8),"west fork beaver creek, upstream of marathon road",Beaver Creek,STREAM,MAIN,TRUE,TRUE,TBD,FALSE
2022-09-30T22:30:00Z,8.419,beaver_creek_usgs_temp_3,60.65107,-151.09076,US/Alaska (UTC-9 / UTC-8),"west fork beaver creek, upstream of marathon road",Beaver Creek,STREAM,MAIN,TRUE,TRUE,TBD,FALSE
2022-09-30T22:45:00Z,8.344,beaver_creek_usgs_temp_3,60.65107,-151.09076,US/Alaska (UTC-9 / UTC-8),"west fork beaver creek, upstream of marathon road",Beaver Creek,STREAM,MAIN,TRUE,TRUE,TBD,FALSE
2022-09-30T23:00:00Z,8.295,beaver_creek_usgs_temp_3,60.65107,-151.09076,US/Alaska (UTC-9 / UTC-8),"west fork beaver creek, upstream of marathon road",Beaver Creek,STREAM,MAIN,TRUE,TRUE,TBD,FALSE
2022-09-30T23:15:00Z,8.245,beaver_creek_usgs_temp_3,60.65107,-151.09076,US/Alaska (UTC-9 / UTC-8),"west fork beaver creek, upstream of marathon road",Beaver Creek,STREAM,MAIN,TRUE,TRUE,TBD,FALSE
2022-09-30T23:30:00Z,8.17,beaver_creek_usgs_temp_3,60.65107,-151.09076,US/Alaska (UTC-9 / UTC-8),"west fork beaver creek, upstream of marathon road",Beaver Creek,STREAM,MAIN,TRUE,TRUE,TBD,FALSE
2022-09-30T23:45:00Z,8.095,beaver_creek_usgs_temp_3,60.65107,-151.09076,US/Alaska (UTC-9 / UTC-8),"west fork beaver creek, upstream of marathon road",Beaver Creek,STREAM,MAIN,TRUE,TRUE,TBD,FALSE
2022-10-01T00:00:00Z,8.045,beaver_creek_usgs_temp_3,60.65107,-151.09076,US/Alaska (UTC-9 / UTC-8),"west fork beaver creek, upstream of marathon road",Beaver Creek,STREAM,MAIN,TRUE,TRUE,TBD,FALSE
2022-10-01T00:15:00Z,7.995,beaver_creek_usgs_temp_3,60.65107,-151.09076,US/Alaska (UTC-9 / UTC-8),"west fork beaver creek, upstream of marathon road",Beaver Creek,STREAM,MAIN,TRUE,TRUE,TBD,FALSE
2022-10-01T00:30:00Z,7.92,beaver_creek_usgs_temp_3,60.65107,-151.09076,US/Alaska (UTC-9 / UTC-8),"west fork beaver creek, upstream of marathon road",Beaver Creek,STREAM,MAIN,TRUE,TRUE,TBD,FALSE
2022-10-01T00:45:00Z,7.845,beaver_creek_usgs_temp_3,60.65107,-151.09076,US/Alaska (UTC-9 / UTC-8),"west fork beaver creek, upstream of marathon road",Beaver Creek,STREAM,MAIN,TRUE,TRUE,TBD,FALSE
2022-10-01T01:00:00Z,7.795,beaver_creek_usgs_temp_3,60.65107,-151.09076,US/Alaska (UTC-9 / UTC-8),"west fork beaver creek, upstream of marathon road",Beaver Creek,STREAM,MAIN,TRUE,TRUE,TBD,FALSE
2022-10-01T01:15:00Z,7.695,beaver_creek_usgs_temp_3,60.65107,-151.09076,US/Alaska (UTC-9 / UTC-8),"west fork beaver creek, upstream of marathon road",Beaver Creek,STREAM,MAIN,TRUE,TRUE,TBD,FALSE
2022-10-01T01:30:00Z,7.645,beaver_creek_usgs_temp_3,60.65107,-151.09076,US/Alaska (UTC-9 / UTC-8),"west fork beaver creek, upstream of marathon road",Beaver Creek,STREAM,MAIN,TRUE,TRUE,TBD,FALSE
2022-10-01T01:45:00Z,7.544,beaver_creek_usgs_temp_3,60.65107,-151.09076,US/Alaska (UTC-9 / UTC-8),"west fork beaver creek, upstream of marathon road",Beaver Creek,STREAM,MAIN,TRUE,TRUE,TBD,FALSE
2022-10-01T02:00:00Z,7.469,beaver_creek_usgs_temp_3,60.65107,-151.09076,US/Alaska (UTC-9 / UTC-8),"west fork beaver creek, upstream of marathon road",Beaver Creek,STREAM,MAIN,TRUE,TRUE,TBD,FALSE
2022-10-01T02:15:00Z,7.393,beaver_creek_usgs_temp_3,60.65107,-151.09076,US/Alaska (UTC-9 / UTC-8),"west fork beaver creek, upstream of marathon road",Beaver Creek,STREAM,MAIN,TRUE,TRUE,TBD,FALSE
2022-10-01T02:30:00Z,7.343,beaver_creek_usgs_temp_3,60.65107,-151.09076,US/Alaska (UTC-9 / UTC-8),"west fork beaver creek, upstream of marathon road",Beaver Creek,STREAM,MAIN,TRUE,TRUE,TBD,FALSE
2022-10-01T02:45:00Z,7.268,beaver_creek_usgs_temp_3,60.65107,-151.09076,US/Alaska (UTC-9 / UTC-8),"west fork beaver creek, upstream of marathon road",Beaver Creek,STREAM,MAIN,TRUE,TRUE,TBD,FALSE
2022-10-01T03:00:00Z,7.192,beaver_creek_usgs_temp_3,60.65107,-151.09076,US/Alaska (UTC-9 / UTC-8),"west fork beaver creek, upstream of marathon road",Beaver Creek,STREAM,MAIN,TRUE,TRUE,TBD,FALSE
2022-10-01T03:15:00Z,7.142,beaver_creek_usgs_temp_3,60.65107,-151.09076,US/Alaska (UTC-9 / UTC-8),"west fork beaver creek, upstream of marathon road",Beaver Creek,STREAM,MAIN,TRUE,TRUE,TBD,FALSE
2022-10-01T03:30:00Z,7.041,beaver_creek_usgs_temp_3,60.65107,-151.09076,US/Alaska (UTC-9 / UTC-8),"west fork beaver creek, upstream of marathon road",Beaver Creek,STREAM,MAIN,TRUE,TRUE,TBD,FALSE
2022-10-01T03:45:00Z,6.965,beaver_creek_usgs_temp_3,60.65107,-151.09076,US/Alaska (UTC-9 / UTC-8),"west fork beaver creek, upstream of marathon road",Beaver Creek,STREAM,MAIN,TRUE,TRUE,TBD,FALSE
2022-10-01T04:00:00Z,6.889,beaver_creek_usgs_temp_3,60.65107,-151.09076,US/Alaska (UTC-9 / UTC-8),"west fork beaver creek, upstream of marathon road",Beaver Creek,STREAM,MAIN,TRUE,TRUE,TBD,FALSE
2022-10-01T04:15:00Z,6.839,beaver_creek_usgs_temp_3,60.65107,-151.09076,US/Alaska (UTC-9 / UTC-8),"west fork beaver creek, upstream of marathon road",Beaver Creek,STREAM,MAIN,TRUE,TRUE,TBD,FALSE
2022-10-01T04:30:00Z,6.763,beaver_creek_usgs_temp_3,60.65107,-151.09076,US/Alaska (UTC-9 / UTC-8),"west fork beaver creek, upstream of marathon road",Beaver Creek,STREAM,MAIN,TRUE,TRUE,TBD,FALSE
2022-10-01T04:45:00Z,6.687,beaver_creek_usgs_temp_3,60.65107,-151.09076,US/Alaska (UTC-9 / UTC-8),"west fork beaver creek, upstream of marathon road",Beaver Creek,STREAM,MAIN,TRUE,TRUE,TBD,FALSE
2022-10-01T05:00:00Z,6.636,beaver_creek_usgs_temp_3,60.65107,-151.09076,US/Alaska (UTC-9 / UTC-8),"west fork beaver creek, upstream of marathon road",Beaver Creek,STREAM,MAIN,TRUE,TRUE,TBD,FALSE
2022-10-01T05:15:00Z,6.56,beaver_creek_usgs_temp_3,60.65107,-151.09076,US/Alaska (UTC-9 / UTC-8),"west fork beaver creek, upstream of marathon road",Beaver Creek,STREAM,MAIN,TRUE,TRUE,TBD,FALSE
2022-10-01T05:30:00Z,6.484,beaver_creek_usgs_temp_3,60.65107,-151.09076,US/Alaska (UTC-9 / UTC-8),"west fork beaver creek, upstream of marathon road",Beaver Creek,STREAM,MAIN,TRUE,TRUE,TBD,FALSE
2022-10-01T05:45:00Z,6.433,beaver_creek_usgs_temp_3,60.65107,-151.09076,US/Alaska (UTC-9 / UTC-8),"west fork beaver creek, upstream of marathon road",Beaver Creek,STREAM,MAIN,TRUE,TRUE,TBD,FALSE
2022-10-01T06:00:00Z,6.331,beaver_creek_usgs_temp_3,60.65107,-151.09076,US/Alaska (UTC-9 / UTC-8),"west fork beaver creek, upstream of marathon road",Beaver Creek,STREAM,MAIN,TRUE,TRUE,TBD,FALSE
2022-10-01T06:15:00Z,6.281,beaver_creek_usgs_temp_3,60.65107,-151.09076,US/Alaska (UTC-9 / UTC-8),"west fork beaver creek, upstream of marathon road",Beaver Creek,STREAM,MAIN,TRUE,TRUE,TBD,FALSE
2022-10-01T06:30:00Z,6.179,beaver_creek_usgs_temp_3,60.65107,-151.09076,US/Alaska (UTC-9 / UTC-8),"west fork beaver creek, upstream of marathon road",Beaver Creek,STREAM,MAIN,TRUE,TRUE,TBD,FALSE
2022-10-01T06:45:00Z,6.128,beaver_creek_usgs_temp_3,60.65107,-151.09076,US/Alaska (UTC-9 / UTC-8),"west fork beaver creek, upstream of marathon road",Beaver Creek,STREAM,MAIN,TRUE,TRUE,TBD,FALSE
2022-10-01T07:00:00Z,6.051,beaver_creek_usgs_temp_3,60.65107,-151.09076,US/Alaska (UTC-9 / UTC-8),"west fork beaver creek, upstream of marathon road",Beaver Creek,STREAM,MAIN,TRUE,TRUE,TBD,FALSE
2022-10-01T07:15:00Z,5.975,beaver_creek_usgs_temp_3,60.65107,-151.09076,US/Alaska (UTC-9 / UTC-8),"west fork beaver creek, upstream of marathon road",Beaver Creek,STREAM,MAIN,TRUE,TRUE,TBD,FALSE
2022-10-01T07:30:00Z,5.898,beaver_creek_usgs_temp_3,60.65107,-151.09076,US/Alaska (UTC-9 / UTC-8),"west fork beaver creek, upstream of marathon road",Beaver Creek,STREAM,MAIN,TRUE,TRUE,TBD,FALSE
2022-10-01T07:45:00Z,5.821,beaver_creek_usgs_temp_3,60.65107,-151.09076,US/Alaska (UTC-9 / UTC-8),"west fork beaver creek, upstream of marathon road",Beaver Creek,STREAM,MAIN,TRUE,TRUE,TBD,FALSE
2022-10-01T08:00:00Z,5.745,beaver_creek_usgs_temp_3,60.65107,-151.09076,US/Alaska (UTC-9 / UTC-8),"west fork beaver creek, upstream of marathon road",Beaver Creek,STREAM,MAIN,TRUE,TRUE,TBD,FALSE
2022-10-01T08:15:00Z,5.668,beaver_creek_usgs_temp_3,60.65107,-151.09076,US/Alaska (UTC-9 / UTC-8),"west fork beaver creek, upstream of marathon road",Beaver Creek,STREAM,MAIN,TRUE,TRUE,TBD,FALSE
2022-10-01T08:30:00Z,5.616,beaver_creek_usgs_temp_3,60.65107,-151.09076,US/Alaska (UTC-9 / UTC-8),"west fork beaver creek, upstream of marathon road",Beaver Creek,STREAM,MAIN,TRUE,TRUE,TBD,FALSE
2022-10-01T08:45:00Z,5.539,beaver_creek_usgs_temp_3,60.65107,-151.09076,US/Alaska (UTC-9 / UTC-8),"west fork beaver creek, upstream of marathon road",Beaver Creek,STREAM,MAIN,TRUE,TRUE,TBD,FALSE
2022-10-01T09:00:00Z,5.488,beaver_creek_usgs_temp_3,60.65107,-151.09076,US/Alaska (UTC-9 / UTC-8),"west fork beaver creek, upstream of marathon road",Beaver Creek,STREAM,MAIN,TRUE,TRUE,TBD,FALSE
2022-10-01T09:15:00Z,5.462,beaver_creek_usgs_temp_3,60.65107,-151.09076,US/Alaska (UTC-9 / UTC-8),"west fork beaver creek, upstream of marathon road",Beaver Creek,STREAM,MAIN,TRUE,TRUE,TBD,FALSE
2022-10-01T09:30:00Z,5.411,beaver_creek_usgs_temp_3,60.65107,-151.09076,US/Alaska (UTC-9 / UTC-8),"west fork beaver creek, upstream of marathon road",Beaver Creek,STREAM,MAIN,TRUE,TRUE,TBD,FALSE
2022-10-01T09:45:00Z,5.385,beaver_creek_usgs_temp_3,60.65107,-151.09076,US/Alaska (UTC-9 / UTC-8),"west fork beaver creek, upstream of marathon road",Beaver Creek,STREAM,MAIN,TRUE,TRUE,TBD,FALSE
2022-10-01T10:00:00Z,5.385,beaver_creek_usgs_temp_3,60.65107,-151.09076,US/Alaska (UTC-9 / UTC-8),"west fork beaver creek, upstream of marathon road",Beaver Creek,STREAM,MAIN,TRUE,TRUE,TBD,FALSE
2022-10-01T10:15:00Z,5.385,beaver_creek_usgs_temp_3,60.65107,-151.09076,US/Alaska (UTC-9 / UTC-8),"west fork beaver creek, upstream of marathon road",Beaver Creek,STREAM,MAIN,TRUE,TRUE,TBD,FALSE
2022-10-01T10:30:00Z,5.411,beaver_creek_usgs_temp_3,60.65107,-151.09076,US/Alaska (UTC-9 / UTC-8),"west fork beaver creek, upstream of marathon road",Beaver Creek,STREAM,MAIN,TRUE,TRUE,TBD,FALSE
2022-10-01T10:45:00Z,5.437,beaver_creek_usgs_temp_3,60.65107,-151.09076,US/Alaska (UTC-9 / UTC-8),"west fork beaver creek, upstream of marathon road",Beaver Creek,STREAM,MAIN,TRUE,TRUE,TBD,FALSE
2022-10-01T11:00:00Z,5.462,beaver_creek_usgs_temp_3,60.65107,-151.09076,US/Alaska (UTC-9 / UTC-8),"west fork beaver creek, upstream of marathon road",Beaver Creek,STREAM,MAIN,TRUE,TRUE,TBD,FALSE
2022-10-01T11:15:00Z,5.514,beaver_creek_usgs_temp_3,60.65107,-151.09076,US/Alaska (UTC-9 / UTC-8),"west fork beaver creek, upstream of marathon road",Beaver Creek,STREAM,MAIN,TRUE,TRUE,TBD,FALSE
2022-10-01T11:30:00Z,5.591,beaver_creek_usgs_temp_3,60.65107,-151.09076,US/Alaska (UTC-9 / UTC-8),"west fork beaver creek, upstream of marathon road",Beaver Creek,STREAM,MAIN,TRUE,TRUE,TBD,FALSE
2022-10-01T11:45:00Z,5.668,beaver_creek_usgs_temp_3,60.65107,-151.09076,US/Alaska (UTC-9 / UTC-8),"west fork beaver creek, upstream of marathon road",Beaver Creek,STREAM,MAIN,TRUE,TRUE,TBD,FALSE
2022-10-01T12:00:00Z,5.719,beaver_creek_usgs_temp_3,60.65107,-151.09076,US/Alaska (UTC-9 / UTC-8),"west fork beaver creek, upstream of marathon road",Beaver Creek,STREAM,MAIN,TRUE,TRUE,TBD,FALSE
2022-10-01T12:15:00Z,5.821,beaver_creek_usgs_temp_3,60.65107,-151.09076,US/Alaska (UTC-9 / UTC-8),"west fork beaver creek, upstream of marathon road",Beaver Creek,STREAM,MAIN,TRUE,TRUE,TBD,FALSE
2022-10-01T12:30:00Z,5.924,beaver_creek_usgs_temp_3,60.65107,-151.09076,US/Alaska (UTC-9 / UTC-8),"west fork beaver creek, upstream of marathon road",Beaver Creek,STREAM,MAIN,TRUE,TRUE,TBD,FALSE
2022-10-01T12:45:00Z,6.026,beaver_creek_usgs_temp_3,60.65107,-151.09076,US/Alaska (UTC-9 / UTC-8),"west fork beaver creek, upstream of marathon road",Beaver Creek,STREAM,MAIN,TRUE,TRUE,TBD,FALSE
2022-10-01T13:00:00Z,6.128,beaver_creek_usgs_temp_3,60.65107,-151.09076,US/Alaska (UTC-9 / UTC-8),"west fork beaver creek, upstream of marathon road",Beaver Creek,STREAM,MAIN,TRUE,TRUE,TBD,FALSE
2022-10-01T13:15:00Z,6.255,beaver_creek_usgs_temp_3,60.65107,-151.09076,US/Alaska (UTC-9 / UTC-8),"west fork beaver creek, upstream of marathon road",Beaver Creek,STREAM,MAIN,TRUE,TRUE,TBD,FALSE
2022-10-01T13:30:00Z,6.357,beaver_creek_usgs_temp_3,60.65107,-151.09076,US/Alaska (UTC-9 / UTC-8),"west fork beaver creek, upstream of marathon road",Beaver Creek,STREAM,MAIN,TRUE,TRUE,TBD,FALSE
2022-10-01T13:45:00Z,6.484,beaver_creek_usgs_temp_3,60.65107,-151.09076,US/Alaska (UTC-9 / UTC-8),"west fork beaver creek, upstream of marathon road",Beaver Creek,STREAM,MAIN,TRUE,TRUE,TBD,FALSE
2022-10-01T14:00:00Z,6.611,beaver_creek_usgs_temp_3,60.65107,-151.09076,US/Alaska (UTC-9 / UTC-8),"west fork beaver creek, upstream of marathon road",Beaver Creek,STREAM,MAIN,TRUE,TRUE,TBD,FALSE
2022-10-01T14:15:00Z,6.737,beaver_creek_usgs_temp_3,60.65107,-151.09076,US/Alaska (UTC-9 / UTC-8),"west fork beaver creek, upstream of marathon road",Beaver Creek,STREAM,MAIN,TRUE,TRUE,TBD,FALSE
2022-10-01T14:30:00Z,6.839,beaver_creek_usgs_temp_3,60.65107,-151.09076,US/Alaska (UTC-9 / UTC-8),"west fork beaver creek, upstream of marathon road",Beaver Creek,STREAM,MAIN,TRUE,TRUE,TBD,FALSE
2022-10-01T14:45:00Z,6.94,beaver_creek_usgs_temp_3,60.65107,-151.09076,US/Alaska (UTC-9 / UTC-8),"west fork beaver creek, upstream of marathon road",Beaver Creek,STREAM,MAIN,TRUE,TRUE,TBD,FALSE
2022-10-01T15:00:00Z,7.066,beaver_creek_usgs_temp_3,60.65107,-151.09076,US/Alaska (UTC-9 / UTC-8),"west fork beaver creek, upstream of marathon road",Beaver Creek,STREAM,MAIN,TRUE,TRUE,TBD,FALSE
2022-10-01T15:15:00Z,7.192,beaver_creek_usgs_temp_3,60.65107,-151.09076,US/Alaska (UTC-9 / UTC-8),"west fork beaver creek, upstream of marathon road",Beaver Creek,STREAM,MAIN,TRUE,TRUE,TBD,FALSE
2022-10-01T15:30:00Z,7.268,beaver_creek_usgs_temp_3,60.65107,-151.09076,US/Alaska (UTC-9 / UTC-8),"west fork beaver creek, upstream of marathon road",Beaver Creek,STREAM,MAIN,TRUE,TRUE,TBD,FALSE
2022-10-01T15:45:00Z,7.318,beaver_creek_usgs_temp_3,60.65107,-151.09076,US/Alaska (UTC-9 / UTC-8),"west fork beaver creek, upstream of marathon road",Beaver Creek,STREAM,MAIN,TRUE,TRUE,TBD,FALSE
2022-10-01T16:00:00Z,7.393,beaver_creek_usgs_temp_3,60.65107,-151.09076,US/Alaska (UTC-9 / UTC-8),"west fork beaver creek, upstream of marathon road",Beaver Creek,STREAM,MAIN,TRUE,TRUE,TBD,FALSE
2022-10-01T16:15:00Z,7.419,beaver_creek_usgs_temp_3,60.65107,-151.09076,US/Alaska (UTC-9 / UTC-8),"west fork beaver creek, upstream of marathon road",Beaver Creek,STREAM,MAIN,TRUE,TRUE,TBD,FALSE
2022-10-01T16:30:00Z,7.469,beaver_creek_usgs_temp_3,60.65107,-151.09076,US/Alaska (UTC-9 / UTC-8),"west fork beaver creek, upstream of marathon road",Beaver Creek,STREAM,MAIN,TRUE,TRUE,TBD,FALSE
2022-10-01T16:45:00Z,7.544,beaver_creek_usgs_temp_3,60.65107,-151.09076,US/Alaska (UTC-9 / UTC-8),"west fork beaver creek, upstream of marathon road",Beaver Creek,STREAM,MAIN,TRUE,TRUE,TBD,FALSE
2022-10-01T17:00:00Z,7.619,beaver_creek_usgs_temp_3,60.65107,-151.09076,US/Alaska (UTC-9 / UTC-8),"west fork beaver creek, upstream of marathon road",Beaver Creek,STREAM,MAIN,TRUE,TRUE,TBD,FALSE
2022-10-01T17:15:00Z,7.67,beaver_creek_usgs_temp_3,60.65107,-151.09076,US/Alaska (UTC-9 / UTC-8),"west fork beaver creek, upstream of marathon road",Beaver Creek,STREAM,MAIN,TRUE,TRUE,TBD,FALSE
2022-10-01T17:30:00Z,7.72,beaver_creek_usgs_temp_3,60.65107,-151.09076,US/Alaska (UTC-9 / UTC-8),"west fork beaver creek, upstream of marathon road",Beaver Creek,STREAM,MAIN,TRUE,TRUE,TBD,FALSE
2022-10-01T17:45:00Z,7.745,beaver_creek_usgs_temp_3,60.65107,-151.09076,US/Alaska (UTC-9 / UTC-8),"west fork beaver creek, upstream of marathon road",Beaver Creek,STREAM,MAIN,TRUE,TRUE,TBD,FALSE
2022-10-01T18:00:00Z,7.77,beaver_creek_usgs_temp_3,60.65107,-151.09076,US/Alaska (UTC-9 / UTC-8),"west fork beaver creek, upstream of marathon road",Beaver Creek,STREAM,MAIN,TRUE,TRUE,TBD,FALSE
2022-10-01T18:15:00Z,7.795,beaver_creek_usgs_temp_3,60.65107,-151.09076,US/Alaska (UTC-9 / UTC-8),"west fork beaver creek, upstream of marathon road",Beaver Creek,STREAM,MAIN,TRUE,TRUE,TBD,FALSE
2022-10-01T18:30:00Z,7.82,beaver_creek_usgs_temp_3,60.65107,-151.09076,US/Alaska (UTC-9 / UTC-8),"west fork beaver creek, upstream of marathon road",Beaver Creek,STREAM,MAIN,TRUE,TRUE,TBD,FALSE
2022-10-01T18:45:00Z,7.845,beaver_creek_usgs_temp_3,60.65107,-151.09076,US/Alaska (UTC-9 / UTC-8),"west fork beaver creek, upstream of marathon road",Beaver Creek,STREAM,MAIN,TRUE,TRUE,TBD,FALSE
2022-10-01T19:00:00Z,7.845,beaver_creek_usgs_temp_3,60.65107,-151.09076,US/Alaska (UTC-9 / UTC-8),"west fork beaver creek, upstream of marathon road",Beaver Creek,STREAM,MAIN,TRUE,TRUE,TBD,FALSE
2022-10-01T19:15:00Z,7.845,beaver_creek_usgs_temp_3,60.65107,-151.09076,US/Alaska (UTC-9 / UTC-8),"west fork beaver creek, upstream of marathon road",Beaver Creek,STREAM,MAIN,TRUE,TRUE,TBD,FALSE
2022-10-01T19:30:00Z,7.845,beaver_creek_usgs_temp_3,60.65107,-151.09076,US/Alaska (UTC-9 / UTC-8),"west fork beaver creek, upstream of marathon road",Beaver Creek,STREAM,MAIN,TRUE,TRUE,TBD,FALSE
2022-10-01T19:45:00Z,7.845,beaver_creek_usgs_temp_3,60.65107,-151.09076,US/Alaska (UTC-9 / UTC-8),"west fork beaver creek, upstream of marathon road",Beaver Creek,STREAM,MAIN,TRUE,TRUE,TBD,FALSE
2022-10-01T20:00:00Z,7.845,beaver_creek_usgs_temp_3,60.65107,-151.09076,US/Alaska (UTC-9 / UTC-8),"west fork beaver creek, upstream of marathon road",Beaver Creek,STREAM,MAIN,TRUE,TRUE,TBD,FALSE
2022-10-01T20:15:00Z,7.845,beaver_creek_usgs_temp_3,60.65107,-151.09076,US/Alaska (UTC-9 / UTC-8),"west fork beaver creek, upstream of marathon road",Beaver Creek,STREAM,MAIN,TRUE,TRUE,TBD,FALSE
2022-10-01T20:30:00Z,7.845,beaver_creek_usgs_temp_3,60.65107,-151.09076,US/Alaska (UTC-9 / UTC-8),"west fork beaver creek, upstream of marathon road",Beaver Creek,STREAM,MAIN,TRUE,TRUE,TBD,FALSE
2022-10-01T20:45:00Z,7.82,beaver_creek_usgs_temp_3,60.65107,-151.09076,US/Alaska (UTC-9 / UTC-8),"west fork beaver creek, upstream of marathon road",Beaver Creek,STREAM,MAIN,TRUE,TRUE,TBD,FALSE
2022-10-01T21:00:00Z,7.82,beaver_creek_usgs_temp_3,60.65107,-151.09076,US/Alaska (UTC-9 / UTC-8),"west fork beaver creek, upstream of marathon road",Beaver Creek,STREAM,MAIN,TRUE,TRUE,TBD,FALSE
2022-10-01T21:15:00Z,7.795,beaver_creek_usgs_temp_3,60.65107,-151.09076,US/Alaska (UTC-9 / UTC-8),"west fork beaver creek, upstream of marathon road",Beaver Creek,STREAM,MAIN,TRUE,TRUE,TBD,FALSE
2022-10-01T21:30:00Z,7.795,beaver_creek_usgs_temp_3,60.65107,-151.09076,US/Alaska (UTC-9 / UTC-8),"west fork beaver creek, upstream of marathon road",Beaver Creek,STREAM,MAIN,TRUE,TRUE,TBD,FALSE
2022-10-01T21:45:00Z,7.77,beaver_creek_usgs_temp_3,60.65107,-151.09076,US/Alaska (UTC-9 / UTC-8),"west fork beaver creek, upstream of marathon road",Beaver Creek,STREAM,MAIN,TRUE,TRUE,TBD,FALSE
2022-10-01T22:00:00Z,7.745,beaver_creek_usgs_temp_3,60.65107,-151.09076,US/Alaska (UTC-9 / UTC-8),"west fork beaver creek, upstream of marathon road",Beaver Creek,STREAM,MAIN,TRUE,TRUE,TBD,FALSE
2022-10-01T22:15:00Z,7.745,beaver_creek_usgs_temp_3,60.65107,-151.09076,US/Alaska (UTC-9 / UTC-8),"west fork beaver creek, upstream of marathon road",Beaver Creek,STREAM,MAIN,TRUE,TRUE,TBD,FALSE
2022-10-01T22:30:00Z,7.72,beaver_creek_usgs_temp_3,60.65107,-151.09076,US/Alaska (UTC-9 / UTC-8),"west fork beaver creek, upstream of marathon road",Beaver Creek,STREAM,MAIN,TRUE,TRUE,TBD,FALSE
2022-10-01T22:45:00Z,7.695,beaver_creek_usgs_temp_3,60.65107,-151.09076,US/Alaska (UTC-9 / UTC-8),"west fork beaver creek, upstream of marathon road",Beaver Creek,STREAM,MAIN,TRUE,TRUE,TBD,FALSE
2022-10-01T23:00:00Z,7.67,beaver_creek_usgs_temp_3,60.65107,-151.09076,US/Alaska (UTC-9 / UTC-8),"west fork beaver creek, upstream of marathon road",Beaver Creek,STREAM,MAIN,TRUE,TRUE,TBD,FALSE
2022-10-01T23:15:00Z,7.645,beaver_creek_usgs_temp_3,60.65107,-151.09076,US/Alaska (UTC-9 / UTC-8),"west fork beaver creek, upstream of marathon road",Beaver Creek,STREAM,MAIN,TRUE,TRUE,TBD,FALSE
2022-10-01T23:30:00Z,7.645,beaver_creek_usgs_temp_3,60.65107,-151.09076,US/Alaska (UTC-9 / UTC-8),"west fork beaver creek, upstream of marathon road",Beaver Creek,STREAM,MAIN,TRUE,TRUE,TBD,FALSE
2022-10-01T23:45:00Z,7.645,beaver_creek_usgs_temp_3,60.65107,-151.09076,US/Alaska (UTC-9 / UTC-8),"west fork beaver creek, upstream of marathon road",Beaver Creek,STREAM,MAIN,TRUE,TRUE,TBD,FALSE
2022-10-02T00:00:00Z,7.619,beaver_creek_usgs_temp_3,60.65107,-151.09076,US/Alaska (UTC-9 / UTC-8),"west fork beaver creek, upstream of marathon road",Beaver Creek,STREAM,MAIN,TRUE,TRUE,TBD,FALSE
2022-10-02T00:15:00Z,7.619,beaver_creek_usgs_temp_3,60.65107,-151.09076,US/Alaska (UTC-9 / UTC-8),"west fork beaver creek, upstream of marathon road",Beaver Creek,STREAM,MAIN,TRUE,TRUE,TBD,FALSE
2022-10-02T00:30:00Z,7.594,beaver_creek_usgs_temp_3,60.65107,-151.09076,US/Alaska (UTC-9 / UTC-8),"west fork beaver creek, upstream of marathon road",Beaver Creek,STREAM,MAIN,TRUE,TRUE,TBD,FALSE
2022-10-02T00:45:00Z,7.594,beaver_creek_usgs_temp_3,60.65107,-151.09076,US/Alaska (UTC-9 / UTC-8),"west fork beaver creek, upstream of marathon road",Beaver Creek,STREAM,MAIN,TRUE,TRUE,TBD,FALSE
2022-10-02T01:00:00Z,7.594,beaver_creek_usgs_temp_3,60.65107,-151.09076,US/Alaska (UTC-9 / UTC-8),"west fork beaver creek, upstream of marathon road",Beaver Creek,STREAM,MAIN,TRUE,TRUE,TBD,FALSE
2022-10-02T01:15:00Z,7.594,beaver_creek_usgs_temp_3,60.65107,-151.09076,US/Alaska (UTC-9 / UTC-8),"west fork beaver creek, upstream of marathon road",Beaver Creek,STREAM,MAIN,TRUE,TRUE,TBD,FALSE
2022-10-02T01:30:00Z,7.594,beaver_creek_usgs_temp_3,60.65107,-151.09076,US/Alaska (UTC-9 / UTC-8),"west fork beaver creek, upstream of marathon road",Beaver Creek,STREAM,MAIN,TRUE,TRUE,TBD,FALSE
2022-10-02T01:45:00Z,7.569,beaver_creek_usgs_temp_3,60.65107,-151.09076,US/Alaska (UTC-9 / UTC-8),"west fork beaver creek, upstream of marathon road",Beaver Creek,STREAM,MAIN,TRUE,TRUE,TBD,FALSE
2022-10-02T02:00:00Z,7.594,beaver_creek_usgs_temp_3,60.65107,-151.09076,US/Alaska (UTC-9 / UTC-8),"west fork beaver creek, upstream of marathon road",Beaver Creek,STREAM,MAIN,TRUE,TRUE,TBD,FALSE
2022-10-02T02:15:00Z,7.569,beaver_creek_usgs_temp_3,60.65107,-151.09076,US/Alaska (UTC-9 / UTC-8),"west fork beaver creek, upstream of marathon road",Beaver Creek,STREAM,MAIN,TRUE,TRUE,TBD,FALSE
2022-10-02T02:30:00Z,7.594,beaver_creek_usgs_temp_3,60.65107,-151.09076,US/Alaska (UTC-9 / UTC-8),"west fork beaver creek, upstream of marathon road",Beaver Creek,STREAM,MAIN,TRUE,TRUE,TBD,FALSE
2022-10-02T02:45:00Z,7.569,beaver_creek_usgs_temp_3,60.65107,-151.09076,US/Alaska (UTC-9 / UTC-8),"west fork beaver creek, upstream of marathon road",Beaver Creek,STREAM,MAIN,TRUE,TRUE,TBD,FALSE
2022-10-02T03:00:00Z,7.569,beaver_creek_usgs_temp_3,60.65107,-151.09076,US/Alaska (UTC-9 / UTC-8),"west fork beaver creek, upstream of marathon road",Beaver Creek,STREAM,MAIN,TRUE,TRUE,TBD,FALSE
2022-10-02T03:15:00Z,7.569,beaver_creek_usgs_temp_3,60.65107,-151.09076,US/Alaska (UTC-9 / UTC-8),"west fork beaver creek, upstream of marathon road",Beaver Creek,STREAM,MAIN,TRUE,TRUE,TBD,FALSE
2022-10-02T03:30:00Z,7.569,beaver_creek_usgs_temp_3,60.65107,-151.09076,US/Alaska (UTC-9 / UTC-8),"west fork beaver creek, upstream of marathon road",Beaver Creek,STREAM,MAIN,TRUE,TRUE,TBD,FALSE
2022-10-02T03:45:00Z,7.569,beaver_creek_usgs_temp_3,60.65107,-151.09076,US/Alaska (UTC-9 / UTC-8),"west fork beaver creek, upstream of marathon road",Beaver Creek,STREAM,MAIN,TRUE,TRUE,TBD,FALSE
2022-10-02T04:00:00Z,7.569,beaver_creek_usgs_temp_3,60.65107,-151.09076,US/Alaska (UTC-9 / UTC-8),"west fork beaver creek, upstream of marathon road",Beaver Creek,STREAM,MAIN,TRUE,TRUE,TBD,FALSE
2022-10-02T04:15:00Z,7.594,beaver_creek_usgs_temp_3,60.65107,-151.09076,US/Alaska (UTC-9 / UTC-8),"west fork beaver creek, upstream of marathon road",Beaver Creek,STREAM,MAIN,TRUE,TRUE,TBD,FALSE
2022-10-02T04:30:00Z,7.594,beaver_creek_usgs_temp_3,60.65107,-151.09076,US/Alaska (UTC-9 / UTC-8),"west fork beaver creek, upstream of marathon road",Beaver Creek,STREAM,MAIN,TRUE,TRUE,TBD,FALSE
2022-10-02T04:45:00Z,7.594,beaver_creek_usgs_temp_3,60.65107,-151.09076,US/Alaska (UTC-9 / UTC-8),"west fork beaver creek, upstream of marathon road",Beaver Creek,STREAM,MAIN,TRUE,TRUE,TBD,FALSE
2022-10-02T05:00:00Z,7.569,beaver_creek_usgs_temp_3,60.65107,-151.09076,US/Alaska (UTC-9 / UTC-8),"west fork beaver creek, upstream of marathon road",Beaver Creek,STREAM,MAIN,TRUE,TRUE,TBD,FALSE
2022-10-02T05:15:00Z,7.594,beaver_creek_usgs_temp_3,60.65107,-151.09076,US/Alaska (UTC-9 / UTC-8),"west fork beaver creek, upstream of marathon road",Beaver Creek,STREAM,MAIN,TRUE,TRUE,TBD,FALSE
2022-10-02T05:30:00Z,7.594,beaver_creek_usgs_temp_3,60.65107,-151.09076,US/Alaska (UTC-9 / UTC-8),"west fork beaver creek, upstream of marathon road",Beaver Creek,STREAM,MAIN,TRUE,TRUE,TBD,FALSE
2022-10-02T05:45:00Z,7.569,beaver_creek_usgs_temp_3,60.65107,-151.09076,US/Alaska (UTC-9 / UTC-8),"west fork beaver creek, upstream of marathon road",Beaver Creek,STREAM,MAIN,TRUE,TRUE,TBD,FALSE
2022-10-02T06:00:00Z,7.569,beaver_creek_usgs_temp_3,60.65107,-151.09076,US/Alaska (UTC-9 / UTC-8),"west fork beaver creek, upstream of marathon road",Beaver Creek,STREAM,MAIN,TRUE,TRUE,TBD,FALSE
2022-10-02T06:15:00Z,7.569,beaver_creek_usgs_temp_3,60.65107,-151.09076,US/Alaska (UTC-9 / UTC-8),"west fork beaver creek, upstream of marathon road",Beaver Creek,STREAM,MAIN,TRUE,TRUE,TBD,FALSE
2022-10-02T06:30:00Z,7.569,beaver_creek_usgs_temp_3,60.65107,-151.09076,US/Alaska (UTC-9 / UTC-8),"west fork beaver creek, upstream of marathon road",Beaver Creek,STREAM,MAIN,TRUE,TRUE,TBD,FALSE
2022-10-02T06:45:00Z,7.544,beaver_creek_usgs_temp_3,60.65107,-151.09076,US/Alaska (UTC-9 / UTC-8),"west fork beaver creek, upstream of marathon road",Beaver Creek,STREAM,MAIN,TRUE,TRUE,TBD,FALSE
2022-10-02T07:00:00Z,7.544,beaver_creek_usgs_temp_3,60.65107,-151.09076,US/Alaska (UTC-9 / UTC-8),"west fork beaver creek, upstream of marathon road",Beaver Creek,STREAM,MAIN,TRUE,TRUE,TBD,FALSE
2022-10-02T07:15:00Z,7.544,beaver_creek_usgs_temp_3,60.65107,-151.09076,US/Alaska (UTC-9 / UTC-8),"west fork beaver creek, upstream of marathon road",Beaver Creek,STREAM,MAIN,TRUE,TRUE,TBD,FALSE
2022-10-02T07:30:00Z,7.519,beaver_creek_usgs_temp_3,60.65107,-151.09076,US/Alaska (UTC-9 / UTC-8),"west fork beaver creek, upstream of marathon road",Beaver Creek,STREAM,MAIN,TRUE,TRUE,TBD,FALSE
2022-10-02T07:45:00Z,7.519,beaver_creek_usgs_temp_3,60.65107,-151.09076,US/Alaska (UTC-9 / UTC-8),"west fork beaver creek, upstream of marathon road",Beaver Creek,STREAM,MAIN,TRUE,TRUE,TBD,FALSE
2022-10-02T08:00:00Z,7.519,beaver_creek_usgs_temp_3,60.65107,-151.09076,US/Alaska (UTC-9 / UTC-8),"west fork beaver creek, upstream of marathon road",Beaver Creek,STREAM,MAIN,TRUE,TRUE,TBD,FALSE
2022-10-02T08:15:00Z,7.519,beaver_creek_usgs_temp_3,60.65107,-151.09076,US/Alaska (UTC-9 / UTC-8),"west fork beaver creek, upstream of marathon road",Beaver Creek,STREAM,MAIN,TRUE,TRUE,TBD,FALSE
2022-10-02T08:30:00Z,7.494,beaver_creek_usgs_temp_3,60.65107,-151.09076,US/Alaska (UTC-9 / UTC-8),"west fork beaver creek, upstream of marathon road",Beaver Creek,STREAM,MAIN,TRUE,TRUE,TBD,FALSE
2022-10-02T08:45:00Z,7.494,beaver_creek_usgs_temp_3,60.65107,-151.09076,US/Alaska (UTC-9 / UTC-8),"west fork beaver creek, upstream of marathon road",Beaver Creek,STREAM,MAIN,TRUE,TRUE,TBD,FALSE
2022-10-02T09:00:00Z,7.494,beaver_creek_usgs_temp_3,60.65107,-151.09076,US/Alaska (UTC-9 / UTC-8),"west fork beaver creek, upstream of marathon road",Beaver Creek,STREAM,MAIN,TRUE,TRUE,TBD,FALSE
2022-10-02T09:15:00Z,7.494,beaver_creek_usgs_temp_3,60.65107,-151.09076,US/Alaska (UTC-9 / UTC-8),"west fork beaver creek, upstream of marathon road",Beaver Creek,STREAM,MAIN,TRUE,TRUE,TBD,FALSE
2022-10-02T09:30:00Z,7.469,beaver_creek_usgs_temp_3,60.65107,-151.09076,US/Alaska (UTC-9 / UTC-8),"west fork beaver creek, upstream of marathon road",Beaver Creek,STREAM,MAIN,TRUE,TRUE,TBD,FALSE
2022-10-02T09:45:00Z,7.494,beaver_creek_usgs_temp_3,60.65107,-151.09076,US/Alaska (UTC-9 / UTC-8),"west fork beaver creek, upstream of marathon road",Beaver Creek,STREAM,MAIN,TRUE,TRUE,TBD,FALSE
2022-10-02T10:00:00Z,7.494,beaver_creek_usgs_temp_3,60.65107,-151.09076,US/Alaska (UTC-9 / UTC-8),"west fork beaver creek, upstream of marathon road",Beaver Creek,STREAM,MAIN,TRUE,TRUE,TBD,FALSE
2022-10-02T10:15:00Z,7.519,beaver_creek_usgs_temp_3,60.65107,-151.09076,US/Alaska (UTC-9 / UTC-8),"west fork beaver creek, upstream of marathon road",Beaver Creek,STREAM,MAIN,TRUE,TRUE,TBD,FALSE
2022-10-02T10:30:00Z,7.519,beaver_creek_usgs_temp_3,60.65107,-151.09076,US/Alaska (UTC-9 / UTC-8),"west fork beaver creek, upstream of marathon road",Beaver Creek,STREAM,MAIN,TRUE,TRUE,TBD,FALSE
2022-10-02T10:45:00Z,7.544,beaver_creek_usgs_temp_3,60.65107,-151.09076,US/Alaska (UTC-9 / UTC-8),"west fork beaver creek, upstream of marathon road",Beaver Creek,STREAM,MAIN,TRUE,TRUE,TBD,FALSE
2022-10-02T11:00:00Z,7.544,beaver_creek_usgs_temp_3,60.65107,-151.09076,US/Alaska (UTC-9 / UTC-8),"west fork beaver creek, upstream of marathon road",Beaver Creek,STREAM,MAIN,TRUE,TRUE,TBD,FALSE
2022-10-02T11:15:00Z,7.594,beaver_creek_usgs_temp_3,60.65107,-151.09076,US/Alaska (UTC-9 / UTC-8),"west fork beaver creek, upstream of marathon road",Beaver Creek,STREAM,MAIN,TRUE,TRUE,TBD,FALSE
2022-10-02T11:30:00Z,7.619,beaver_creek_usgs_temp_3,60.65107,-151.09076,US/Alaska (UTC-9 / UTC-8),"west fork beaver creek, upstream of marathon road",Beaver Creek,STREAM,MAIN,TRUE,TRUE,TBD,FALSE
2022-10-02T11:45:00Z,7.645,beaver_creek_usgs_temp_3,60.65107,-151.09076,US/Alaska (UTC-9 / UTC-8),"west fork beaver creek, upstream of marathon road",Beaver Creek,STREAM,MAIN,TRUE,TRUE,TBD,FALSE
2022-10-02T12:00:00Z,7.695,beaver_creek_usgs_temp_3,60.65107,-151.09076,US/Alaska (UTC-9 / UTC-8),"west fork beaver creek, upstream of marathon road",Beaver Creek,STREAM,MAIN,TRUE,TRUE,TBD,FALSE
2022-10-02T12:15:00Z,7.72,beaver_creek_usgs_temp_3,60.65107,-151.09076,US/Alaska (UTC-9 / UTC-8),"west fork beaver creek, upstream of marathon road",Beaver Creek,STREAM,MAIN,TRUE,TRUE,TBD,FALSE
2022-10-02T12:30:00Z,7.77,beaver_creek_usgs_temp_3,60.65107,-151.09076,US/Alaska (UTC-9 / UTC-8),"west fork beaver creek, upstream of marathon road",Beaver Creek,STREAM,MAIN,TRUE,TRUE,TBD,FALSE
2022-10-02T12:45:00Z,7.82,beaver_creek_usgs_temp_3,60.65107,-151.09076,US/Alaska (UTC-9 / UTC-8),"west fork beaver creek, upstream of marathon road",Beaver Creek,STREAM,MAIN,TRUE,TRUE,TBD,FALSE
2022-10-02T13:00:00Z,7.895,beaver_creek_usgs_temp_3,60.65107,-151.09076,US/Alaska (UTC-9 / UTC-8),"west fork beaver creek, upstream of marathon road",Beaver Creek,STREAM,MAIN,TRUE,TRUE,TBD,FALSE
2022-10-02T13:15:00Z,7.97,beaver_creek_usgs_temp_3,60.65107,-151.09076,US/Alaska (UTC-9 / UTC-8),"west fork beaver creek, upstream of marathon road",Beaver Creek,STREAM,MAIN,TRUE,TRUE,TBD,FALSE
2022-10-02T13:30:00Z,8.02,beaver_creek_usgs_temp_3,60.65107,-151.09076,US/Alaska (UTC-9 / UTC-8),"west fork beaver creek, upstream of marathon road",Beaver Creek,STREAM,MAIN,TRUE,TRUE,TBD,FALSE
2022-10-02T13:45:00Z,8.07,beaver_creek_usgs_temp_3,60.65107,-151.09076,US/Alaska (UTC-9 / UTC-8),"west fork beaver creek, upstream of marathon road",Beaver Creek,STREAM,MAIN,TRUE,TRUE,TBD,FALSE
2022-10-02T14:00:00Z,8.145,beaver_creek_usgs_temp_3,60.65107,-151.09076,US/Alaska (UTC-9 / UTC-8),"west fork beaver creek, upstream of marathon road",Beaver Creek,STREAM,MAIN,TRUE,TRUE,TBD,FALSE
2022-10-02T14:15:00Z,8.22,beaver_creek_usgs_temp_3,60.65107,-151.09076,US/Alaska (UTC-9 / UTC-8),"west fork beaver creek, upstream of marathon road",Beaver Creek,STREAM,MAIN,TRUE,TRUE,TBD,FALSE
2022-10-02T14:30:00Z,8.27,beaver_creek_usgs_temp_3,60.65107,-151.09076,US/Alaska (UTC-9 / UTC-8),"west fork beaver creek, upstream of marathon road",Beaver Creek,STREAM,MAIN,TRUE,TRUE,TBD,FALSE
2022-10-02T14:45:00Z,8.295,beaver_creek_usgs_temp_3,60.65107,-151.09076,US/Alaska (UTC-9 / UTC-8),"west fork beaver creek, upstream of marathon road",Beaver Creek,STREAM,MAIN,TRUE,TRUE,TBD,FALSE
2022-10-02T15:00:00Z,8.344,beaver_creek_usgs_temp_3,60.65107,-151.09076,US/Alaska (UTC-9 / UTC-8),"west fork beaver creek, upstream of marathon road",Beaver Creek,STREAM,MAIN,TRUE,TRUE,TBD,FALSE
2022-10-02T15:15:00Z,8.444,beaver_creek_usgs_temp_3,60.65107,-151.09076,US/Alaska (UTC-9 / UTC-8),"west fork beaver creek, upstream of marathon road",Beaver Creek,STREAM,MAIN,TRUE,TRUE,TBD,FALSE
2022-10-02T15:30:00Z,8.469,beaver_creek_usgs_temp_3,60.65107,-151.09076,US/Alaska (UTC-9 / UTC-8),"west fork beaver creek, upstream of marathon road",Beaver Creek,STREAM,MAIN,TRUE,TRUE,TBD,FALSE
2022-10-02T15:45:00Z,8.543,beaver_creek_usgs_temp_3,60.65107,-151.09076,US/Alaska (UTC-9 / UTC-8),"west fork beaver creek, upstream of marathon road",Beaver Creek,STREAM,MAIN,TRUE,TRUE,TBD,FALSE
2022-10-02T16:00:00Z,8.593,beaver_creek_usgs_temp_3,60.65107,-151.09076,US/Alaska (UTC-9 / UTC-8),"west fork beaver creek, upstream of marathon road",Beaver Creek,STREAM,MAIN,TRUE,TRUE,TBD,FALSE
2022-10-02T16:15:00Z,8.643,beaver_creek_usgs_temp_3,60.65107,-151.09076,US/Alaska (UTC-9 / UTC-8),"west fork beaver creek, upstream of marathon road",Beaver Creek,STREAM,MAIN,TRUE,TRUE,TBD,FALSE
2022-10-02T16:30:00Z,8.693,beaver_creek_usgs_temp_3,60.65107,-151.09076,US/Alaska (UTC-9 / UTC-8),"west fork beaver creek, upstream of marathon road",Beaver Creek,STREAM,MAIN,TRUE,TRUE,TBD,FALSE
2022-10-02T16:45:00Z,8.717,beaver_creek_usgs_temp_3,60.65107,-151.09076,US/Alaska (UTC-9 / UTC-8),"west fork beaver creek, upstream of marathon road",Beaver Creek,STREAM,MAIN,TRUE,TRUE,TBD,FALSE
2022-10-02T17:00:00Z,8.742,beaver_creek_usgs_temp_3,60.65107,-151.09076,US/Alaska (UTC-9 / UTC-8),"west fork beaver creek, upstream of marathon road",Beaver Creek,STREAM,MAIN,TRUE,TRUE,TBD,FALSE
2022-10-02T17:15:00Z,8.792,beaver_creek_usgs_temp_3,60.65107,-151.09076,US/Alaska (UTC-9 / UTC-8),"west fork beaver creek, upstream of marathon road",Beaver Creek,STREAM,MAIN,TRUE,TRUE,TBD,FALSE
2022-10-02T17:30:00Z,8.792,beaver_creek_usgs_temp_3,60.65107,-151.09076,US/Alaska (UTC-9 / UTC-8),"west fork beaver creek, upstream of marathon road",Beaver Creek,STREAM,MAIN,TRUE,TRUE,TBD,FALSE
2022-10-02T17:45:00Z,8.817,beaver_creek_usgs_temp_3,60.65107,-151.09076,US/Alaska (UTC-9 / UTC-8),"west fork beaver creek, upstream of marathon road",Beaver Creek,STREAM,MAIN,TRUE,TRUE,TBD,FALSE
2022-10-02T18:00:00Z,8.841,beaver_creek_usgs_temp_3,60.65107,-151.09076,US/Alaska (UTC-9 / UTC-8),"west fork beaver creek, upstream of marathon road",Beaver Creek,STREAM,MAIN,TRUE,TRUE,TBD,FALSE
2022-10-02T18:15:00Z,8.841,beaver_creek_usgs_temp_3,60.65107,-151.09076,US/Alaska (UTC-9 / UTC-8),"west fork beaver creek, upstream of marathon road",Beaver Creek,STREAM,MAIN,TRUE,TRUE,TBD,FALSE
2022-10-02T18:30:00Z,8.866,beaver_creek_usgs_temp_3,60.65107,-151.09076,US/Alaska (UTC-9 / UTC-8),"west fork beaver creek, upstream of marathon road",Beaver Creek,STREAM,MAIN,TRUE,TRUE,TBD,FALSE
2022-10-02T18:45:00Z,8.866,beaver_creek_usgs_temp_3,60.65107,-151.09076,US/Alaska (UTC-9 / UTC-8),"west fork beaver creek, upstream of marathon road",Beaver Creek,STREAM,MAIN,TRUE,TRUE,TBD,FALSE
2022-10-02T19:00:00Z,8.866,beaver_creek_usgs_temp_3,60.65107,-151.09076,US/Alaska (UTC-9 / UTC-8),"west fork beaver creek, upstream of marathon road",Beaver Creek,STREAM,MAIN,TRUE,TRUE,TBD,FALSE
2022-10-02T19:15:00Z,8.866,beaver_creek_usgs_temp_3,60.65107,-151.09076,US/Alaska (UTC-9 / UTC-8),"west fork beaver creek, upstream of marathon road",Beaver Creek,STREAM,MAIN,TRUE,TRUE,TBD,FALSE
2022-10-02T19:30:00Z,8.841,beaver_creek_usgs_temp_3,60.65107,-151.09076,US/Alaska (UTC-9 / UTC-8),"west fork beaver creek, upstream of marathon road",Beaver Creek,STREAM,MAIN,TRUE,TRUE,TBD,FALSE
2022-10-02T19:45:00Z,8.841,beaver_creek_usgs_temp_3,60.65107,-151.09076,US/Alaska (UTC-9 / UTC-8),"west fork beaver creek, upstream of marathon road",Beaver Creek,STREAM,MAIN,TRUE,TRUE,TBD,FALSE
2022-10-02T20:00:00Z,8.841,beaver_creek_usgs_temp_3,60.65107,-151.09076,US/Alaska (UTC-9 / UTC-8),"west fork beaver creek, upstream of marathon road",Beaver Creek,STREAM,MAIN,TRUE,TRUE,TBD,FALSE
2022-10-02T20:15:00Z,8.817,beaver_creek_usgs_temp_3,60.65107,-151.09076,US/Alaska (UTC-9 / UTC-8),"west fork beaver creek, upstream of marathon road",Beaver Creek,STREAM,MAIN,TRUE,TRUE,TBD,FALSE
2022-10-02T20:30:00Z,8.817,beaver_creek_usgs_temp_3,60.65107,-151.09076,US/Alaska (UTC-9 / UTC-8),"west fork beaver creek, upstream of marathon road",Beaver Creek,STREAM,MAIN,TRUE,TRUE,TBD,FALSE
2022-10-02T20:45:00Z,8.792,beaver_creek_usgs_temp_3,60.65107,-151.09076,US/Alaska (UTC-9 / UTC-8),"west fork beaver creek, upstream of marathon road",Beaver Creek,STREAM,MAIN,TRUE,TRUE,TBD,FALSE
2022-10-02T21:00:00Z,8.767,beaver_creek_usgs_temp_3,60.65107,-151.09076,US/Alaska (UTC-9 / UTC-8),"west fork beaver creek, upstream of marathon road",Beaver Creek,STREAM,MAIN,TRUE,TRUE,TBD,FALSE
2022-10-02T21:15:00Z,8.767,beaver_creek_usgs_temp_3,60.65107,-151.09076,US/Alaska (UTC-9 / UTC-8),"west fork beaver creek, upstream of marathon road",Beaver Creek,STREAM,MAIN,TRUE,TRUE,TBD,FALSE
2022-10-02T21:30:00Z,8.742,beaver_creek_usgs_temp_3,60.65107,-151.09076,US/Alaska (UTC-9 / UTC-8),"west fork beaver creek, upstream of marathon road",Beaver Creek,STREAM,MAIN,TRUE,TRUE,TBD,FALSE
2022-10-02T21:45:00Z,8.717,beaver_creek_usgs_temp_3,60.65107,-151.09076,US/Alaska (UTC-9 / UTC-8),"west fork beaver creek, upstream of marathon road",Beaver Creek,STREAM,MAIN,TRUE,TRUE,TBD,FALSE
2022-10-02T22:00:00Z,8.693,beaver_creek_usgs_temp_3,60.65107,-151.09076,US/Alaska (UTC-9 / UTC-8),"west fork beaver creek, upstream of marathon road",Beaver Creek,STREAM,MAIN,TRUE,TRUE,TBD,FALSE
2022-10-02T22:15:00Z,8.668,beaver_creek_usgs_temp_3,60.65107,-151.09076,US/Alaska (UTC-9 / UTC-8),"west fork beaver creek, upstream of marathon road",Beaver Creek,STREAM,MAIN,TRUE,TRUE,TBD,FALSE
2022-10-02T22:30:00Z,8.643,beaver_creek_usgs_temp_3,60.65107,-151.09076,US/Alaska (UTC-9 / UTC-8),"west fork beaver creek, upstream of marathon road",Beaver Creek,STREAM,MAIN,TRUE,TRUE,TBD,FALSE
2022-10-02T22:45:00Z,8.643,beaver_creek_usgs_temp_3,60.65107,-151.09076,US/Alaska (UTC-9 / UTC-8),"west fork beaver creek, upstream of marathon road",Beaver Creek,STREAM,MAIN,TRUE,TRUE,TBD,FALSE
2022-10-02T23:00:00Z,8.643,beaver_creek_usgs_temp_3,60.65107,-151.09076,US/Alaska (UTC-9 / UTC-8),"west fork beaver creek, upstream of marathon road",Beaver Creek,STREAM,MAIN,TRUE,TRUE,TBD,FALSE
2022-10-02T23:15:00Z,8.618,beaver_creek_usgs_temp_3,60.65107,-151.09076,US/Alaska (UTC-9 / UTC-8),"west fork beaver creek, upstream of marathon road",Beaver Creek,STREAM,MAIN,TRUE,TRUE,TBD,FALSE
2022-10-02T23:30:00Z,8.593,beaver_creek_usgs_temp_3,60.65107,-151.09076,US/Alaska (UTC-9 / UTC-8),"west fork beaver creek, upstream of marathon road",Beaver Creek,STREAM,MAIN,TRUE,TRUE,TBD,FALSE
2022-10-02T23:45:00Z,8.568,beaver_creek_usgs_temp_3,60.65107,-151.09076,US/Alaska (UTC-9 / UTC-8),"west fork beaver creek, upstream of marathon road",Beaver Creek,STREAM,MAIN,TRUE,TRUE,TBD,FALSE
2022-10-03T00:00:00Z,8.543,beaver_creek_usgs_temp_3,60.65107,-151.09076,US/Alaska (UTC-9 / UTC-8),"west fork beaver creek, upstream of marathon road",Beaver Creek,STREAM,MAIN,TRUE,TRUE,TBD,FALSE
2022-10-03T00:15:00Z,8.519,beaver_creek_usgs_temp_3,60.65107,-151.09076,US/Alaska (UTC-9 / UTC-8),"west fork beaver creek, upstream of marathon road",Beaver Creek,STREAM,MAIN,TRUE,TRUE,TBD,FALSE
2022-10-03T00:30:00Z,8.494,beaver_creek_usgs_temp_3,60.65107,-151.09076,US/Alaska (UTC-9 / UTC-8),"west fork beaver creek, upstream of marathon road",Beaver Creek,STREAM,MAIN,TRUE,TRUE,TBD,FALSE
2022-10-03T00:45:00Z,8.444,beaver_creek_usgs_temp_3,60.65107,-151.09076,US/Alaska (UTC-9 / UTC-8),"west fork beaver creek, upstream of marathon road",Beaver Creek,STREAM,MAIN,TRUE,TRUE,TBD,FALSE
2022-10-03T01:00:00Z,8.444,beaver_creek_usgs_temp_3,60.65107,-151.09076,US/Alaska (UTC-9 / UTC-8),"west fork beaver creek, upstream of marathon road",Beaver Creek,STREAM,MAIN,TRUE,TRUE,TBD,FALSE
2022-10-03T01:15:00Z,8.394,beaver_creek_usgs_temp_3,60.65107,-151.09076,US/Alaska (UTC-9 / UTC-8),"west fork beaver creek, upstream of marathon road",Beaver Creek,STREAM,MAIN,TRUE,TRUE,TBD,FALSE
2022-10-03T01:30:00Z,8.369,beaver_creek_usgs_temp_3,60.65107,-151.09076,US/Alaska (UTC-9 / UTC-8),"west fork beaver creek, upstream of marathon road",Beaver Creek,STREAM,MAIN,TRUE,TRUE,TBD,FALSE
2022-10-03T01:45:00Z,8.319,beaver_creek_usgs_temp_3,60.65107,-151.09076,US/Alaska (UTC-9 / UTC-8),"west fork beaver creek, upstream of marathon road",Beaver Creek,STREAM,MAIN,TRUE,TRUE,TBD,FALSE
2022-10-03T02:00:00Z,8.27,beaver_creek_usgs_temp_3,60.65107,-151.09076,US/Alaska (UTC-9 / UTC-8),"west fork beaver creek, upstream of marathon road",Beaver Creek,STREAM,MAIN,TRUE,TRUE,TBD,FALSE
2022-10-03T02:15:00Z,8.245,beaver_creek_usgs_temp_3,60.65107,-151.09076,US/Alaska (UTC-9 / UTC-8),"west fork beaver creek, upstream of marathon road",Beaver Creek,STREAM,MAIN,TRUE,TRUE,TBD,FALSE
2022-10-03T02:30:00Z,8.195,beaver_creek_usgs_temp_3,60.65107,-151.09076,US/Alaska (UTC-9 / UTC-8),"west fork beaver creek, upstream of marathon road",Beaver Creek,STREAM,MAIN,TRUE,TRUE,TBD,FALSE
2022-10-03T02:45:00Z,8.17,beaver_creek_usgs_temp_3,60.65107,-151.09076,US/Alaska (UTC-9 / UTC-8),"west fork beaver creek, upstream of marathon road",Beaver Creek,STREAM,MAIN,TRUE,TRUE,TBD,FALSE
2022-10-03T03:00:00Z,8.17,beaver_creek_usgs_temp_3,60.65107,-151.09076,US/Alaska (UTC-9 / UTC-8),"west fork beaver creek, upstream of marathon road",Beaver Creek,STREAM,MAIN,TRUE,TRUE,TBD,FALSE
2022-10-03T03:15:00Z,8.145,beaver_creek_usgs_temp_3,60.65107,-151.09076,US/Alaska (UTC-9 / UTC-8),"west fork beaver creek, upstream of marathon road",Beaver Creek,STREAM,MAIN,TRUE,TRUE,TBD,FALSE
2022-10-03T03:30:00Z,8.12,beaver_creek_usgs_temp_3,60.65107,-151.09076,US/Alaska (UTC-9 / UTC-8),"west fork beaver creek, upstream of marathon road",Beaver Creek,STREAM,MAIN,TRUE,TRUE,TBD,FALSE
2022-10-03T03:45:00Z,8.095,beaver_creek_usgs_temp_3,60.65107,-151.09076,US/Alaska (UTC-9 / UTC-8),"west fork beaver creek, upstream of marathon road",Beaver Creek,STREAM,MAIN,TRUE,TRUE,TBD,FALSE
2022-10-03T04:00:00Z,8.095,beaver_creek_usgs_temp_3,60.65107,-151.09076,US/Alaska (UTC-9 / UTC-8),"west fork beaver creek, upstream of marathon road",Beaver Creek,STREAM,MAIN,TRUE,TRUE,TBD,FALSE
2022-10-03T04:15:00Z,8.07,beaver_creek_usgs_temp_3,60.65107,-151.09076,US/Alaska (UTC-9 / UTC-8),"west fork beaver creek, upstream of marathon road",Beaver Creek,STREAM,MAIN,TRUE,TRUE,TBD,FALSE
2022-10-03T04:30:00Z,8.045,beaver_creek_usgs_temp_3,60.65107,-151.09076,US/Alaska (UTC-9 / UTC-8),"west fork beaver creek, upstream of marathon road",Beaver Creek,STREAM,MAIN,TRUE,TRUE,TBD,FALSE
2022-10-03T04:45:00Z,8.045,beaver_creek_usgs_temp_3,60.65107,-151.09076,US/Alaska (UTC-9 / UTC-8),"west fork beaver creek, upstream of marathon road",Beaver Creek,STREAM,MAIN,TRUE,TRUE,TBD,FALSE
2022-10-03T05:00:00Z,7.995,beaver_creek_usgs_temp_3,60.65107,-151.09076,US/Alaska (UTC-9 / UTC-8),"west fork beaver creek, upstream of marathon road",Beaver Creek,STREAM,MAIN,TRUE,TRUE,TBD,FALSE
2022-10-03T05:15:00Z,7.995,beaver_creek_usgs_temp_3,60.65107,-151.09076,US/Alaska (UTC-9 / UTC-8),"west fork beaver creek, upstream of marathon road",Beaver Creek,STREAM,MAIN,TRUE,TRUE,TBD,FALSE
2022-10-03T05:30:00Z,7.97,beaver_creek_usgs_temp_3,60.65107,-151.09076,US/Alaska (UTC-9 / UTC-8),"west fork beaver creek, upstream of marathon road",Beaver Creek,STREAM,MAIN,TRUE,TRUE,TBD,FALSE
2022-10-03T05:45:00Z,7.945,beaver_creek_usgs_temp_3,60.65107,-151.09076,US/Alaska (UTC-9 / UTC-8),"west fork beaver creek, upstream of marathon road",Beaver Creek,STREAM,MAIN,TRUE,TRUE,TBD,FALSE
2022-10-03T06:00:00Z,7.92,beaver_creek_usgs_temp_3,60.65107,-151.09076,US/Alaska (UTC-9 / UTC-8),"west fork beaver creek, upstream of marathon road",Beaver Creek,STREAM,MAIN,TRUE,TRUE,TBD,FALSE
2022-10-03T06:15:00Z,7.87,beaver_creek_usgs_temp_3,60.65107,-151.09076,US/Alaska (UTC-9 / UTC-8),"west fork beaver creek, upstream of marathon road",Beaver Creek,STREAM,MAIN,TRUE,TRUE,TBD,FALSE
2022-10-03T06:30:00Z,7.845,beaver_creek_usgs_temp_3,60.65107,-151.09076,US/Alaska (UTC-9 / UTC-8),"west fork beaver creek, upstream of marathon road",Beaver Creek,STREAM,MAIN,TRUE,TRUE,TBD,FALSE
2022-10-03T06:45:00Z,7.82,beaver_creek_usgs_temp_3,60.65107,-151.09076,US/Alaska (UTC-9 / UTC-8),"west fork beaver creek, upstream of marathon road",Beaver Creek,STREAM,MAIN,TRUE,TRUE,TBD,FALSE
2022-10-03T07:00:00Z,7.795,beaver_creek_usgs_temp_3,60.65107,-151.09076,US/Alaska (UTC-9 / UTC-8),"west fork beaver creek, upstream of marathon road",Beaver Creek,STREAM,MAIN,TRUE,TRUE,TBD,FALSE
2022-10-03T07:15:00Z,7.77,beaver_creek_usgs_temp_3,60.65107,-151.09076,US/Alaska (UTC-9 / UTC-8),"west fork beaver creek, upstream of marathon road",Beaver Creek,STREAM,MAIN,TRUE,TRUE,TBD,FALSE
2022-10-03T07:30:00Z,7.745,beaver_creek_usgs_temp_3,60.65107,-151.09076,US/Alaska (UTC-9 / UTC-8),"west fork beaver creek, upstream of marathon road",Beaver Creek,STREAM,MAIN,TRUE,TRUE,TBD,FALSE
2022-10-03T07:45:00Z,7.745,beaver_creek_usgs_temp_3,60.65107,-151.09076,US/Alaska (UTC-9 / UTC-8),"west fork beaver creek, upstream of marathon road",Beaver Creek,STREAM,MAIN,TRUE,TRUE,TBD,FALSE
2022-10-03T08:00:00Z,7.72,beaver_creek_usgs_temp_3,60.65107,-151.09076,US/Alaska (UTC-9 / UTC-8),"west fork beaver creek, upstream of marathon road",Beaver Creek,STREAM,MAIN,TRUE,TRUE,TBD,FALSE
2022-10-03T08:15:00Z,7.695,beaver_creek_usgs_temp_3,60.65107,-151.09076,US/Alaska (UTC-9 / UTC-8),"west fork beaver creek, upstream of marathon road",Beaver Creek,STREAM,MAIN,TRUE,TRUE,TBD,FALSE
2022-10-03T08:30:00Z,7.67,beaver_creek_usgs_temp_3,60.65107,-151.09076,US/Alaska (UTC-9 / UTC-8),"west fork beaver creek, upstream of marathon road",Beaver Creek,STREAM,MAIN,TRUE,TRUE,TBD,FALSE
2022-10-03T08:45:00Z,7.645,beaver_creek_usgs_temp_3,60.65107,-151.09076,US/Alaska (UTC-9 / UTC-8),"west fork beaver creek, upstream of marathon road",Beaver Creek,STREAM,MAIN,TRUE,TRUE,TBD,FALSE
2022-10-03T09:00:00Z,7.645,beaver_creek_usgs_temp_3,60.65107,-151.09076,US/Alaska (UTC-9 / UTC-8),"west fork beaver creek, upstream of marathon road",Beaver Creek,STREAM,MAIN,TRUE,TRUE,TBD,FALSE
2022-10-03T09:15:00Z,7.619,beaver_creek_usgs_temp_3,60.65107,-151.09076,US/Alaska (UTC-9 / UTC-8),"west fork beaver creek, upstream of marathon road",Beaver Creek,STREAM,MAIN,TRUE,TRUE,TBD,FALSE
2022-10-03T09:30:00Z,7.645,beaver_creek_usgs_temp_3,60.65107,-151.09076,US/Alaska (UTC-9 / UTC-8),"west fork beaver creek, upstream of marathon road",Beaver Creek,STREAM,MAIN,TRUE,TRUE,TBD,FALSE
2022-10-03T09:45:00Z,7.67,beaver_creek_usgs_temp_3,60.65107,-151.09076,US/Alaska (UTC-9 / UTC-8),"west fork beaver creek, upstream of marathon road",Beaver Creek,STREAM,MAIN,TRUE,TRUE,TBD,FALSE
2022-10-03T10:00:00Z,7.695,beaver_creek_usgs_temp_3,60.65107,-151.09076,US/Alaska (UTC-9 / UTC-8),"west fork beaver creek, upstream of marathon road",Beaver Creek,STREAM,MAIN,TRUE,TRUE,TBD,FALSE
2022-10-03T10:15:00Z,7.72,beaver_creek_usgs_temp_3,60.65107,-151.09076,US/Alaska (UTC-9 / UTC-8),"west fork beaver creek, upstream of marathon road",Beaver Creek,STREAM,MAIN,TRUE,TRUE,TBD,FALSE
2022-10-03T10:30:00Z,7.77,beaver_creek_usgs_temp_3,60.65107,-151.09076,US/Alaska (UTC-9 / UTC-8),"west fork beaver creek, upstream of marathon road",Beaver Creek,STREAM,MAIN,TRUE,TRUE,TBD,FALSE
2022-10-03T10:45:00Z,7.82,beaver_creek_usgs_temp_3,60.65107,-151.09076,US/Alaska (UTC-9 / UTC-8),"west fork beaver creek, upstream of marathon road",Beaver Creek,STREAM,MAIN,TRUE,TRUE,TBD,FALSE
2022-10-03T11:00:00Z,7.845,beaver_creek_usgs_temp_3,60.65107,-151.09076,US/Alaska (UTC-9 / UTC-8),"west fork beaver creek, upstream of marathon road",Beaver Creek,STREAM,MAIN,TRUE,TRUE,TBD,FALSE
2022-10-03T11:15:00Z,7.895,beaver_creek_usgs_temp_3,60.65107,-151.09076,US/Alaska (UTC-9 / UTC-8),"west fork beaver creek, upstream of marathon road",Beaver Creek,STREAM,MAIN,TRUE,TRUE,TBD,FALSE
2022-10-03T11:30:00Z,7.97,beaver_creek_usgs_temp_3,60.65107,-151.09076,US/Alaska (UTC-9 / UTC-8),"west fork beaver creek, upstream of marathon road",Beaver Creek,STREAM,MAIN,TRUE,TRUE,TBD,FALSE
2022-10-03T11:45:00Z,8.02,beaver_creek_usgs_temp_3,60.65107,-151.09076,US/Alaska (UTC-9 / UTC-8),"west fork beaver creek, upstream of marathon road",Beaver Creek,STREAM,MAIN,TRUE,TRUE,TBD,FALSE
2022-10-03T12:00:00Z,8.095,beaver_creek_usgs_temp_3,60.65107,-151.09076,US/Alaska (UTC-9 / UTC-8),"west fork beaver creek, upstream of marathon road",Beaver Creek,STREAM,MAIN,TRUE,TRUE,TBD,FALSE
2022-10-03T12:15:00Z,8.17,beaver_creek_usgs_temp_3,60.65107,-151.09076,US/Alaska (UTC-9 / UTC-8),"west fork beaver creek, upstream of marathon road",Beaver Creek,STREAM,MAIN,TRUE,TRUE,TBD,FALSE
2022-10-03T12:30:00Z,8.245,beaver_creek_usgs_temp_3,60.65107,-151.09076,US/Alaska (UTC-9 / UTC-8),"west fork beaver creek, upstream of marathon road",Beaver Creek,STREAM,MAIN,TRUE,TRUE,TBD,FALSE
2022-10-03T12:45:00Z,8.295,beaver_creek_usgs_temp_3,60.65107,-151.09076,US/Alaska (UTC-9 / UTC-8),"west fork beaver creek, upstream of marathon road",Beaver Creek,STREAM,MAIN,TRUE,TRUE,TBD,FALSE
2022-10-03T13:00:00Z,8.394,beaver_creek_usgs_temp_3,60.65107,-151.09076,US/Alaska (UTC-9 / UTC-8),"west fork beaver creek, upstream of marathon road",Beaver Creek,STREAM,MAIN,TRUE,TRUE,TBD,FALSE
2022-10-03T13:15:00Z,8.494,beaver_creek_usgs_temp_3,60.65107,-151.09076,US/Alaska (UTC-9 / UTC-8),"west fork beaver creek, upstream of marathon road",Beaver Creek,STREAM,MAIN,TRUE,TRUE,TBD,FALSE
2022-10-03T13:30:00Z,8.618,beaver_creek_usgs_temp_3,60.65107,-151.09076,US/Alaska (UTC-9 / UTC-8),"west fork beaver creek, upstream of marathon road",Beaver Creek,STREAM,MAIN,TRUE,TRUE,TBD,FALSE
2022-10-03T13:45:00Z,8.693,beaver_creek_usgs_temp_3,60.65107,-151.09076,US/Alaska (UTC-9 / UTC-8),"west fork beaver creek, upstream of marathon road",Beaver Creek,STREAM,MAIN,TRUE,TRUE,TBD,FALSE
2022-10-03T14:00:00Z,8.792,beaver_creek_usgs_temp_3,60.65107,-151.09076,US/Alaska (UTC-9 / UTC-8),"west fork beaver creek, upstream of marathon road",Beaver Creek,STREAM,MAIN,TRUE,TRUE,TBD,FALSE
2022-10-03T14:15:00Z,8.891,beaver_creek_usgs_temp_3,60.65107,-151.09076,US/Alaska (UTC-9 / UTC-8),"west fork beaver creek, upstream of marathon road",Beaver Creek,STREAM,MAIN,TRUE,TRUE,TBD,FALSE
2022-10-03T14:30:00Z,8.99,beaver_creek_usgs_temp_3,60.65107,-151.09076,US/Alaska (UTC-9 / UTC-8),"west fork beaver creek, upstream of marathon road",Beaver Creek,STREAM,MAIN,TRUE,TRUE,TBD,FALSE
2022-10-03T14:45:00Z,9.114,beaver_creek_usgs_temp_3,60.65107,-151.09076,US/Alaska (UTC-9 / UTC-8),"west fork beaver creek, upstream of marathon road",Beaver Creek,STREAM,MAIN,TRUE,TRUE,TBD,FALSE
2022-10-03T15:00:00Z,9.188,beaver_creek_usgs_temp_3,60.65107,-151.09076,US/Alaska (UTC-9 / UTC-8),"west fork beaver creek, upstream of marathon road",Beaver Creek,STREAM,MAIN,TRUE,TRUE,TBD,FALSE
2022-10-03T15:15:00Z,9.238,beaver_creek_usgs_temp_3,60.65107,-151.09076,US/Alaska (UTC-9 / UTC-8),"west fork beaver creek, upstream of marathon road",Beaver Creek,STREAM,MAIN,TRUE,TRUE,TBD,FALSE
2022-10-03T15:30:00Z,9.287,beaver_creek_usgs_temp_3,60.65107,-151.09076,US/Alaska (UTC-9 / UTC-8),"west fork beaver creek, upstream of marathon road",Beaver Creek,STREAM,MAIN,TRUE,TRUE,TBD,FALSE
2022-10-03T15:45:00Z,9.312,beaver_creek_usgs_temp_3,60.65107,-151.09076,US/Alaska (UTC-9 / UTC-8),"west fork beaver creek, upstream of marathon road",Beaver Creek,STREAM,MAIN,TRUE,TRUE,TBD,FALSE
2022-10-03T16:00:00Z,9.336,beaver_creek_usgs_temp_3,60.65107,-151.09076,US/Alaska (UTC-9 / UTC-8),"west fork beaver creek, upstream of marathon road",Beaver Creek,STREAM,MAIN,TRUE,TRUE,TBD,FALSE
2022-10-03T16:15:00Z,9.361,beaver_creek_usgs_temp_3,60.65107,-151.09076,US/Alaska (UTC-9 / UTC-8),"west fork beaver creek, upstream of marathon road",Beaver Creek,STREAM,MAIN,TRUE,TRUE,TBD,FALSE
2022-10-03T16:30:00Z,9.41,beaver_creek_usgs_temp_3,60.65107,-151.09076,US/Alaska (UTC-9 / UTC-8),"west fork beaver creek, upstream of marathon road",Beaver Creek,STREAM,MAIN,TRUE,TRUE,TBD,FALSE
2022-10-03T16:45:00Z,9.46,beaver_creek_usgs_temp_3,60.65107,-151.09076,US/Alaska (UTC-9 / UTC-8),"west fork beaver creek, upstream of marathon road",Beaver Creek,STREAM,MAIN,TRUE,TRUE,TBD,FALSE
2022-10-03T17:00:00Z,9.509,beaver_creek_usgs_temp_3,60.65107,-151.09076,US/Alaska (UTC-9 / UTC-8),"west fork beaver creek, upstream of marathon road",Beaver Creek,STREAM,MAIN,TRUE,TRUE,TBD,FALSE
2022-10-03T17:15:00Z,9.534,beaver_creek_usgs_temp_3,60.65107,-151.09076,US/Alaska (UTC-9 / UTC-8),"west fork beaver creek, upstream of marathon road",Beaver Creek,STREAM,MAIN,TRUE,TRUE,TBD,FALSE
2022-10-03T17:30:00Z,9.558,beaver_creek_usgs_temp_3,60.65107,-151.09076,US/Alaska (UTC-9 / UTC-8),"west fork beaver creek, upstream of marathon road",Beaver Creek,STREAM,MAIN,TRUE,TRUE,TBD,FALSE
2022-10-03T17:45:00Z,9.583,beaver_creek_usgs_temp_3,60.65107,-151.09076,US/Alaska (UTC-9 / UTC-8),"west fork beaver creek, upstream of marathon road",Beaver Creek,STREAM,MAIN,TRUE,TRUE,TBD,FALSE
2022-10-03T18:00:00Z,9.583,beaver_creek_usgs_temp_3,60.65107,-151.09076,US/Alaska (UTC-9 / UTC-8),"west fork beaver creek, upstream of marathon road",Beaver Creek,STREAM,MAIN,TRUE,TRUE,TBD,FALSE
2022-10-03T18:15:00Z,9.608,beaver_creek_usgs_temp_3,60.65107,-151.09076,US/Alaska (UTC-9 / UTC-8),"west fork beaver creek, upstream of marathon road",Beaver Creek,STREAM,MAIN,TRUE,TRUE,TBD,FALSE
2022-10-03T18:30:00Z,9.583,beaver_creek_usgs_temp_3,60.65107,-151.09076,US/Alaska (UTC-9 / UTC-8),"west fork beaver creek, upstream of marathon road",Beaver Creek,STREAM,MAIN,TRUE,TRUE,TBD,FALSE
2022-10-03T18:45:00Z,9.583,beaver_creek_usgs_temp_3,60.65107,-151.09076,US/Alaska (UTC-9 / UTC-8),"west fork beaver creek, upstream of marathon road",Beaver Creek,STREAM,MAIN,TRUE,TRUE,TBD,FALSE
2022-10-03T19:00:00Z,9.583,beaver_creek_usgs_temp_3,60.65107,-151.09076,US/Alaska (UTC-9 / UTC-8),"west fork beaver creek, upstream of marathon road",Beaver Creek,STREAM,MAIN,TRUE,TRUE,TBD,FALSE
2022-10-03T19:15:00Z,9.558,beaver_creek_usgs_temp_3,60.65107,-151.09076,US/Alaska (UTC-9 / UTC-8),"west fork beaver creek, upstream of marathon road",Beaver Creek,STREAM,MAIN,TRUE,TRUE,TBD,FALSE
2022-10-03T19:30:00Z,9.558,beaver_creek_usgs_temp_3,60.65107,-151.09076,US/Alaska (UTC-9 / UTC-8),"west fork beaver creek, upstream of marathon road",Beaver Creek,STREAM,MAIN,TRUE,TRUE,TBD,FALSE
2022-10-03T19:45:00Z,9.534,beaver_creek_usgs_temp_3,60.65107,-151.09076,US/Alaska (UTC-9 / UTC-8),"west fork beaver creek, upstream of marathon road",Beaver Creek,STREAM,MAIN,TRUE,TRUE,TBD,FALSE
2022-10-03T20:00:00Z,9.509,beaver_creek_usgs_temp_3,60.65107,-151.09076,US/Alaska (UTC-9 / UTC-8),"west fork beaver creek, upstream of marathon road",Beaver Creek,STREAM,MAIN,TRUE,TRUE,TBD,FALSE
2022-10-03T20:15:00Z,9.485,beaver_creek_usgs_temp_3,60.65107,-151.09076,US/Alaska (UTC-9 / UTC-8),"west fork beaver creek, upstream of marathon road",Beaver Creek,STREAM,MAIN,TRUE,TRUE,TBD,FALSE
2022-10-03T20:30:00Z,9.485,beaver_creek_usgs_temp_3,60.65107,-151.09076,US/Alaska (UTC-9 / UTC-8),"west fork beaver creek, upstream of marathon road",Beaver Creek,STREAM,MAIN,TRUE,TRUE,TBD,FALSE
2022-10-03T20:45:00Z,9.46,beaver_creek_usgs_temp_3,60.65107,-151.09076,US/Alaska (UTC-9 / UTC-8),"west fork beaver creek, upstream of marathon road",Beaver Creek,STREAM,MAIN,TRUE,TRUE,TBD,FALSE
2022-10-03T21:00:00Z,9.435,beaver_creek_usgs_temp_3,60.65107,-151.09076,US/Alaska (UTC-9 / UTC-8),"west fork beaver creek, upstream of marathon road",Beaver Creek,STREAM,MAIN,TRUE,TRUE,TBD,FALSE
2022-10-03T21:15:00Z,9.41,beaver_creek_usgs_temp_3,60.65107,-151.09076,US/Alaska (UTC-9 / UTC-8),"west fork beaver creek, upstream of marathon road",Beaver Creek,STREAM,MAIN,TRUE,TRUE,TBD,FALSE
2022-10-03T21:30:00Z,9.386,beaver_creek_usgs_temp_3,60.65107,-151.09076,US/Alaska (UTC-9 / UTC-8),"west fork beaver creek, upstream of marathon road",Beaver Creek,STREAM,MAIN,TRUE,TRUE,TBD,FALSE
2022-10-03T21:45:00Z,9.386,beaver_creek_usgs_temp_3,60.65107,-151.09076,US/Alaska (UTC-9 / UTC-8),"west fork beaver creek, upstream of marathon road",Beaver Creek,STREAM,MAIN,TRUE,TRUE,TBD,FALSE
2022-10-03T22:00:00Z,9.361,beaver_creek_usgs_temp_3,60.65107,-151.09076,US/Alaska (UTC-9 / UTC-8),"west fork beaver creek, upstream of marathon road",Beaver Creek,STREAM,MAIN,TRUE,TRUE,TBD,FALSE
2022-10-03T22:15:00Z,9.336,beaver_creek_usgs_temp_3,60.65107,-151.09076,US/Alaska (UTC-9 / UTC-8),"west fork beaver creek, upstream of marathon road",Beaver Creek,STREAM,MAIN,TRUE,TRUE,TBD,FALSE
2022-10-03T22:30:00Z,9.312,beaver_creek_usgs_temp_3,60.65107,-151.09076,US/Alaska (UTC-9 / UTC-8),"west fork beaver creek, upstream of marathon road",Beaver Creek,STREAM,MAIN,TRUE,TRUE,TBD,FALSE
2022-10-03T22:45:00Z,9.287,beaver_creek_usgs_temp_3,60.65107,-151.09076,US/Alaska (UTC-9 / UTC-8),"west fork beaver creek, upstream of marathon road",Beaver Creek,STREAM,MAIN,TRUE,TRUE,TBD,FALSE
2022-10-03T23:00:00Z,9.287,beaver_creek_usgs_temp_3,60.65107,-151.09076,US/Alaska (UTC-9 / UTC-8),"west fork beaver creek, upstream of marathon road",Beaver Creek,STREAM,MAIN,TRUE,TRUE,TBD,FALSE
2022-10-03T23:15:00Z,9.238,beaver_creek_usgs_temp_3,60.65107,-151.09076,US/Alaska (UTC-9 / UTC-8),"west fork beaver creek, upstream of marathon road",Beaver Creek,STREAM,MAIN,TRUE,TRUE,TBD,FALSE
2022-10-03T23:30:00Z,9.238,beaver_creek_usgs_temp_3,60.65107,-151.09076,US/Alaska (UTC-9 / UTC-8),"west fork beaver creek, upstream of marathon road",Beaver Creek,STREAM,MAIN,TRUE,TRUE,TBD,FALSE
2022-10-03T23:45:00Z,9.213,beaver_creek_usgs_temp_3,60.65107,-151.09076,US/Alaska (UTC-9 / UTC-8),"west fork beaver creek, upstream of marathon road",Beaver Creek,STREAM,MAIN,TRUE,TRUE,TBD,FALSE
2022-10-04T00:00:00Z,9.188,beaver_creek_usgs_temp_3,60.65107,-151.09076,US/Alaska (UTC-9 / UTC-8),"west fork beaver creek, upstream of marathon road",Beaver Creek,STREAM,MAIN,TRUE,TRUE,TBD,FALSE
2022-10-04T00:15:00Z,9.163,beaver_creek_usgs_temp_3,60.65107,-151.09076,US/Alaska (UTC-9 / UTC-8),"west fork beaver creek, upstream of marathon road",Beaver Creek,STREAM,MAIN,TRUE,TRUE,TBD,FALSE
2022-10-04T00:30:00Z,9.139,beaver_creek_usgs_temp_3,60.65107,-151.09076,US/Alaska (UTC-9 / UTC-8),"west fork beaver creek, upstream of marathon road",Beaver Creek,STREAM,MAIN,TRUE,TRUE,TBD,FALSE
2022-10-04T00:45:00Z,9.139,beaver_creek_usgs_temp_3,60.65107,-151.09076,US/Alaska (UTC-9 / UTC-8),"west fork beaver creek, upstream of marathon road",Beaver Creek,STREAM,MAIN,TRUE,TRUE,TBD,FALSE
2022-10-04T01:00:00Z,9.114,beaver_creek_usgs_temp_3,60.65107,-151.09076,US/Alaska (UTC-9 / UTC-8),"west fork beaver creek, upstream of marathon road",Beaver Creek,STREAM,MAIN,TRUE,TRUE,TBD,FALSE
2022-10-04T01:15:00Z,9.089,beaver_creek_usgs_temp_3,60.65107,-151.09076,US/Alaska (UTC-9 / UTC-8),"west fork beaver creek, upstream of marathon road",Beaver Creek,STREAM,MAIN,TRUE,TRUE,TBD,FALSE
2022-10-04T01:30:00Z,9.064,beaver_creek_usgs_temp_3,60.65107,-151.09076,US/Alaska (UTC-9 / UTC-8),"west fork beaver creek, upstream of marathon road",Beaver Creek,STREAM,MAIN,TRUE,TRUE,TBD,FALSE
2022-10-04T01:45:00Z,9.015,beaver_creek_usgs_temp_3,60.65107,-151.09076,US/Alaska (UTC-9 / UTC-8),"west fork beaver creek, upstream of marathon road",Beaver Creek,STREAM,MAIN,TRUE,TRUE,TBD,FALSE
2022-10-04T02:00:00Z,8.965,beaver_creek_usgs_temp_3,60.65107,-151.09076,US/Alaska (UTC-9 / UTC-8),"west fork beaver creek, upstream of marathon road",Beaver Creek,STREAM,MAIN,TRUE,TRUE,TBD,FALSE
2022-10-04T02:15:00Z,8.916,beaver_creek_usgs_temp_3,60.65107,-151.09076,US/Alaska (UTC-9 / UTC-8),"west fork beaver creek, upstream of marathon road",Beaver Creek,STREAM,MAIN,TRUE,TRUE,TBD,FALSE
2022-10-04T02:30:00Z,8.916,beaver_creek_usgs_temp_3,60.65107,-151.09076,US/Alaska (UTC-9 / UTC-8),"west fork beaver creek, upstream of marathon road",Beaver Creek,STREAM,MAIN,TRUE,TRUE,TBD,FALSE
2022-10-04T02:45:00Z,8.891,beaver_creek_usgs_temp_3,60.65107,-151.09076,US/Alaska (UTC-9 / UTC-8),"west fork beaver creek, upstream of marathon road",Beaver Creek,STREAM,MAIN,TRUE,TRUE,TBD,FALSE
2022-10-04T03:00:00Z,8.866,beaver_creek_usgs_temp_3,60.65107,-151.09076,US/Alaska (UTC-9 / UTC-8),"west fork beaver creek, upstream of marathon road",Beaver Creek,STREAM,MAIN,TRUE,TRUE,TBD,FALSE
2022-10-04T03:15:00Z,8.841,beaver_creek_usgs_temp_3,60.65107,-151.09076,US/Alaska (UTC-9 / UTC-8),"west fork beaver creek, upstream of marathon road",Beaver Creek,STREAM,MAIN,TRUE,TRUE,TBD,FALSE
2022-10-04T03:30:00Z,8.792,beaver_creek_usgs_temp_3,60.65107,-151.09076,US/Alaska (UTC-9 / UTC-8),"west fork beaver creek, upstream of marathon road",Beaver Creek,STREAM,MAIN,TRUE,TRUE,TBD,FALSE
2022-10-04T03:45:00Z,8.742,beaver_creek_usgs_temp_3,60.65107,-151.09076,US/Alaska (UTC-9 / UTC-8),"west fork beaver creek, upstream of marathon road",Beaver Creek,STREAM,MAIN,TRUE,TRUE,TBD,FALSE
2022-10-04T04:00:00Z,8.693,beaver_creek_usgs_temp_3,60.65107,-151.09076,US/Alaska (UTC-9 / UTC-8),"west fork beaver creek, upstream of marathon road",Beaver Creek,STREAM,MAIN,TRUE,TRUE,TBD,FALSE
2022-10-04T04:15:00Z,8.643,beaver_creek_usgs_temp_3,60.65107,-151.09076,US/Alaska (UTC-9 / UTC-8),"west fork beaver creek, upstream of marathon road",Beaver Creek,STREAM,MAIN,TRUE,TRUE,TBD,FALSE
2022-10-04T04:30:00Z,8.618,beaver_creek_usgs_temp_3,60.65107,-151.09076,US/Alaska (UTC-9 / UTC-8),"west fork beaver creek, upstream of marathon road",Beaver Creek,STREAM,MAIN,TRUE,TRUE,TBD,FALSE
2022-10-04T04:45:00Z,8.568,beaver_creek_usgs_temp_3,60.65107,-151.09076,US/Alaska (UTC-9 / UTC-8),"west fork beaver creek, upstream of marathon road",Beaver Creek,STREAM,MAIN,TRUE,TRUE,TBD,FALSE
2022-10-04T05:00:00Z,8.543,beaver_creek_usgs_temp_3,60.65107,-151.09076,US/Alaska (UTC-9 / UTC-8),"west fork beaver creek, upstream of marathon road",Beaver Creek,STREAM,MAIN,TRUE,TRUE,TBD,FALSE
2022-10-04T05:15:00Z,8.519,beaver_creek_usgs_temp_3,60.65107,-151.09076,US/Alaska (UTC-9 / UTC-8),"west fork beaver creek, upstream of marathon road",Beaver Creek,STREAM,MAIN,TRUE,TRUE,TBD,FALSE
2022-10-04T05:30:00Z,8.469,beaver_creek_usgs_temp_3,60.65107,-151.09076,US/Alaska (UTC-9 / UTC-8),"west fork beaver creek, upstream of marathon road",Beaver Creek,STREAM,MAIN,TRUE,TRUE,TBD,FALSE
2022-10-04T05:45:00Z,8.444,beaver_creek_usgs_temp_3,60.65107,-151.09076,US/Alaska (UTC-9 / UTC-8),"west fork beaver creek, upstream of marathon road",Beaver Creek,STREAM,MAIN,TRUE,TRUE,TBD,FALSE
2022-10-04T06:00:00Z,8.394,beaver_creek_usgs_temp_3,60.65107,-151.09076,US/Alaska (UTC-9 / UTC-8),"west fork beaver creek, upstream of marathon road",Beaver Creek,STREAM,MAIN,TRUE,TRUE,TBD,FALSE
2022-10-04T06:15:00Z,8.369,beaver_creek_usgs_temp_3,60.65107,-151.09076,US/Alaska (UTC-9 / UTC-8),"west fork beaver creek, upstream of marathon road",Beaver Creek,STREAM,MAIN,TRUE,TRUE,TBD,FALSE
2022-10-04T06:30:00Z,8.344,beaver_creek_usgs_temp_3,60.65107,-151.09076,US/Alaska (UTC-9 / UTC-8),"west fork beaver creek, upstream of marathon road",Beaver Creek,STREAM,MAIN,TRUE,TRUE,TBD,FALSE
2022-10-04T06:45:00Z,8.319,beaver_creek_usgs_temp_3,60.65107,-151.09076,US/Alaska (UTC-9 / UTC-8),"west fork beaver creek, upstream of marathon road",Beaver Creek,STREAM,MAIN,TRUE,TRUE,TBD,FALSE
2022-10-04T07:00:00Z,8.27,beaver_creek_usgs_temp_3,60.65107,-151.09076,US/Alaska (UTC-9 / UTC-8),"west fork beaver creek, upstream of marathon road",Beaver Creek,STREAM,MAIN,TRUE,TRUE,TBD,FALSE
2022-10-04T07:15:00Z,8.22,beaver_creek_usgs_temp_3,60.65107,-151.09076,US/Alaska (UTC-9 / UTC-8),"west fork beaver creek, upstream of marathon road",Beaver Creek,STREAM,MAIN,TRUE,TRUE,TBD,FALSE
2022-10-04T07:30:00Z,8.195,beaver_creek_usgs_temp_3,60.65107,-151.09076,US/Alaska (UTC-9 / UTC-8),"west fork beaver creek, upstream of marathon road",Beaver Creek,STREAM,MAIN,TRUE,TRUE,TBD,FALSE
2022-10-04T07:45:00Z,8.17,beaver_creek_usgs_temp_3,60.65107,-151.09076,US/Alaska (UTC-9 / UTC-8),"west fork beaver creek, upstream of marathon road",Beaver Creek,STREAM,MAIN,TRUE,TRUE,TBD,FALSE
2022-10-04T08:00:00Z,8.145,beaver_creek_usgs_temp_3,60.65107,-151.09076,US/Alaska (UTC-9 / UTC-8),"west fork beaver creek, upstream of marathon road",Beaver Creek,STREAM,MAIN,TRUE,TRUE,TBD,FALSE
2022-10-04T08:15:00Z,8.145,beaver_creek_usgs_temp_3,60.65107,-151.09076,US/Alaska (UTC-9 / UTC-8),"west fork beaver creek, upstream of marathon road",Beaver Creek,STREAM,MAIN,TRUE,TRUE,TBD,FALSE
2022-10-04T08:30:00Z,8.095,beaver_creek_usgs_temp_3,60.65107,-151.09076,US/Alaska (UTC-9 / UTC-8),"west fork beaver creek, upstream of marathon road",Beaver Creek,STREAM,MAIN,TRUE,TRUE,TBD,FALSE
2022-10-04T08:45:00Z,8.07,beaver_creek_usgs_temp_3,60.65107,-151.09076,US/Alaska (UTC-9 / UTC-8),"west fork beaver creek, upstream of marathon road",Beaver Creek,STREAM,MAIN,TRUE,TRUE,TBD,FALSE
2022-10-04T09:00:00Z,8.045,beaver_creek_usgs_temp_3,60.65107,-151.09076,US/Alaska (UTC-9 / UTC-8),"west fork beaver creek, upstream of marathon road",Beaver Creek,STREAM,MAIN,TRUE,TRUE,TBD,FALSE
2022-10-04T09:15:00Z,8.045,beaver_creek_usgs_temp_3,60.65107,-151.09076,US/Alaska (UTC-9 / UTC-8),"west fork beaver creek, upstream of marathon road",Beaver Creek,STREAM,MAIN,TRUE,TRUE,TBD,FALSE
2022-10-04T09:30:00Z,7.995,beaver_creek_usgs_temp_3,60.65107,-151.09076,US/Alaska (UTC-9 / UTC-8),"west fork beaver creek, upstream of marathon road",Beaver Creek,STREAM,MAIN,TRUE,TRUE,TBD,FALSE
2022-10-04T09:45:00Z,7.995,beaver_creek_usgs_temp_3,60.65107,-151.09076,US/Alaska (UTC-9 / UTC-8),"west fork beaver creek, upstream of marathon road",Beaver Creek,STREAM,MAIN,TRUE,TRUE,TBD,FALSE
2022-10-04T10:00:00Z,7.97,beaver_creek_usgs_temp_3,60.65107,-151.09076,US/Alaska (UTC-9 / UTC-8),"west fork beaver creek, upstream of marathon road",Beaver Creek,STREAM,MAIN,TRUE,TRUE,TBD,FALSE
2022-10-04T10:15:00Z,7.97,beaver_creek_usgs_temp_3,60.65107,-151.09076,US/Alaska (UTC-9 / UTC-8),"west fork beaver creek, upstream of marathon road",Beaver Creek,STREAM,MAIN,TRUE,TRUE,TBD,FALSE
2022-10-04T10:30:00Z,7.97,beaver_creek_usgs_temp_3,60.65107,-151.09076,US/Alaska (UTC-9 / UTC-8),"west fork beaver creek, upstream of marathon road",Beaver Creek,STREAM,MAIN,TRUE,TRUE,TBD,FALSE
2022-10-04T10:45:00Z,7.97,beaver_creek_usgs_temp_3,60.65107,-151.09076,US/Alaska (UTC-9 / UTC-8),"west fork beaver creek, upstream of marathon road",Beaver Creek,STREAM,MAIN,TRUE,TRUE,TBD,FALSE
2022-10-04T11:00:00Z,7.97,beaver_creek_usgs_temp_3,60.65107,-151.09076,US/Alaska (UTC-9 / UTC-8),"west fork beaver creek, upstream of marathon road",Beaver Creek,STREAM,MAIN,TRUE,TRUE,TBD,FALSE
2022-10-04T11:15:00Z,7.945,beaver_creek_usgs_temp_3,60.65107,-151.09076,US/Alaska (UTC-9 / UTC-8),"west fork beaver creek, upstream of marathon road",Beaver Creek,STREAM,MAIN,TRUE,TRUE,TBD,FALSE
2022-10-04T11:30:00Z,7.945,beaver_creek_usgs_temp_3,60.65107,-151.09076,US/Alaska (UTC-9 / UTC-8),"west fork beaver creek, upstream of marathon road",Beaver Creek,STREAM,MAIN,TRUE,TRUE,TBD,FALSE
2022-10-04T11:45:00Z,7.92,beaver_creek_usgs_temp_3,60.65107,-151.09076,US/Alaska (UTC-9 / UTC-8),"west fork beaver creek, upstream of marathon road",Beaver Creek,STREAM,MAIN,TRUE,TRUE,TBD,FALSE
2022-10-04T12:00:00Z,7.92,beaver_creek_usgs_temp_3,60.65107,-151.09076,US/Alaska (UTC-9 / UTC-8),"west fork beaver creek, upstream of marathon road",Beaver Creek,STREAM,MAIN,TRUE,TRUE,TBD,FALSE
2022-10-04T12:15:00Z,7.895,beaver_creek_usgs_temp_3,60.65107,-151.09076,US/Alaska (UTC-9 / UTC-8),"west fork beaver creek, upstream of marathon road",Beaver Creek,STREAM,MAIN,TRUE,TRUE,TBD,FALSE
2022-10-04T12:30:00Z,7.895,beaver_creek_usgs_temp_3,60.65107,-151.09076,US/Alaska (UTC-9 / UTC-8),"west fork beaver creek, upstream of marathon road",Beaver Creek,STREAM,MAIN,TRUE,TRUE,TBD,FALSE
2022-10-04T12:45:00Z,7.895,beaver_creek_usgs_temp_3,60.65107,-151.09076,US/Alaska (UTC-9 / UTC-8),"west fork beaver creek, upstream of marathon road",Beaver Creek,STREAM,MAIN,TRUE,TRUE,TBD,FALSE
2022-10-04T13:00:00Z,7.895,beaver_creek_usgs_temp_3,60.65107,-151.09076,US/Alaska (UTC-9 / UTC-8),"west fork beaver creek, upstream of marathon road",Beaver Creek,STREAM,MAIN,TRUE,TRUE,TBD,FALSE
2022-10-04T13:15:00Z,7.895,beaver_creek_usgs_temp_3,60.65107,-151.09076,US/Alaska (UTC-9 / UTC-8),"west fork beaver creek, upstream of marathon road",Beaver Creek,STREAM,MAIN,TRUE,TRUE,TBD,FALSE
2022-10-04T13:30:00Z,7.895,beaver_creek_usgs_temp_3,60.65107,-151.09076,US/Alaska (UTC-9 / UTC-8),"west fork beaver creek, upstream of marathon road",Beaver Creek,STREAM,MAIN,TRUE,TRUE,TBD,FALSE
2022-10-04T13:45:00Z,7.895,beaver_creek_usgs_temp_3,60.65107,-151.09076,US/Alaska (UTC-9 / UTC-8),"west fork beaver creek, upstream of marathon road",Beaver Creek,STREAM,MAIN,TRUE,TRUE,TBD,FALSE
2022-10-04T14:00:00Z,7.895,beaver_creek_usgs_temp_3,60.65107,-151.09076,US/Alaska (UTC-9 / UTC-8),"west fork beaver creek, upstream of marathon road",Beaver Creek,STREAM,MAIN,TRUE,TRUE,TBD,FALSE
2022-10-04T14:15:00Z,7.895,beaver_creek_usgs_temp_3,60.65107,-151.09076,US/Alaska (UTC-9 / UTC-8),"west fork beaver creek, upstream of marathon road",Beaver Creek,STREAM,MAIN,TRUE,TRUE,TBD,FALSE
2022-10-04T14:30:00Z,7.895,beaver_creek_usgs_temp_3,60.65107,-151.09076,US/Alaska (UTC-9 / UTC-8),"west fork beaver creek, upstream of marathon road",Beaver Creek,STREAM,MAIN,TRUE,TRUE,TBD,FALSE
2022-10-04T14:45:00Z,7.92,beaver_creek_usgs_temp_3,60.65107,-151.09076,US/Alaska (UTC-9 / UTC-8),"west fork beaver creek, upstream of marathon road",Beaver Creek,STREAM,MAIN,TRUE,TRUE,TBD,FALSE
2022-10-04T15:00:00Z,7.92,beaver_creek_usgs_temp_3,60.65107,-151.09076,US/Alaska (UTC-9 / UTC-8),"west fork beaver creek, upstream of marathon road",Beaver Creek,STREAM,MAIN,TRUE,TRUE,TBD,FALSE
2022-10-04T15:15:00Z,7.92,beaver_creek_usgs_temp_3,60.65107,-151.09076,US/Alaska (UTC-9 / UTC-8),"west fork beaver creek, upstream of marathon road",Beaver Creek,STREAM,MAIN,TRUE,TRUE,TBD,FALSE
2022-10-04T15:30:00Z,7.92,beaver_creek_usgs_temp_3,60.65107,-151.09076,US/Alaska (UTC-9 / UTC-8),"west fork beaver creek, upstream of marathon road",Beaver Creek,STREAM,MAIN,TRUE,TRUE,TBD,FALSE
2022-10-04T15:45:00Z,7.92,beaver_creek_usgs_temp_3,60.65107,-151.09076,US/Alaska (UTC-9 / UTC-8),"west fork beaver creek, upstream of marathon road",Beaver Creek,STREAM,MAIN,TRUE,TRUE,TBD,FALSE
2022-10-04T16:00:00Z,7.92,beaver_creek_usgs_temp_3,60.65107,-151.09076,US/Alaska (UTC-9 / UTC-8),"west fork beaver creek, upstream of marathon road",Beaver Creek,STREAM,MAIN,TRUE,TRUE,TBD,FALSE
2022-10-04T16:15:00Z,7.945,beaver_creek_usgs_temp_3,60.65107,-151.09076,US/Alaska (UTC-9 / UTC-8),"west fork beaver creek, upstream of marathon road",Beaver Creek,STREAM,MAIN,TRUE,TRUE,TBD,FALSE
2022-10-04T16:30:00Z,7.945,beaver_creek_usgs_temp_3,60.65107,-151.09076,US/Alaska (UTC-9 / UTC-8),"west fork beaver creek, upstream of marathon road",Beaver Creek,STREAM,MAIN,TRUE,TRUE,TBD,FALSE
2022-10-04T16:45:00Z,7.945,beaver_creek_usgs_temp_3,60.65107,-151.09076,US/Alaska (UTC-9 / UTC-8),"west fork beaver creek, upstream of marathon road",Beaver Creek,STREAM,MAIN,TRUE,TRUE,TBD,FALSE
2022-10-04T17:00:00Z,7.945,beaver_creek_usgs_temp_3,60.65107,-151.09076,US/Alaska (UTC-9 / UTC-8),"west fork beaver creek, upstream of marathon road",Beaver Creek,STREAM,MAIN,TRUE,TRUE,TBD,FALSE
2022-10-04T17:15:00Z,7.945,beaver_creek_usgs_temp_3,60.65107,-151.09076,US/Alaska (UTC-9 / UTC-8),"west fork beaver creek, upstream of marathon road",Beaver Creek,STREAM,MAIN,TRUE,TRUE,TBD,FALSE
2022-10-04T17:30:00Z,7.97,beaver_creek_usgs_temp_3,60.65107,-151.09076,US/Alaska (UTC-9 / UTC-8),"west fork beaver creek, upstream of marathon road",Beaver Creek,STREAM,MAIN,TRUE,TRUE,TBD,FALSE
2022-10-04T17:45:00Z,7.97,beaver_creek_usgs_temp_3,60.65107,-151.09076,US/Alaska (UTC-9 / UTC-8),"west fork beaver creek, upstream of marathon road",Beaver Creek,STREAM,MAIN,TRUE,TRUE,TBD,FALSE
2022-10-04T18:00:00Z,7.97,beaver_creek_usgs_temp_3,60.65107,-151.09076,US/Alaska (UTC-9 / UTC-8),"west fork beaver creek, upstream of marathon road",Beaver Creek,STREAM,MAIN,TRUE,TRUE,TBD,FALSE
2022-10-04T18:15:00Z,7.97,beaver_creek_usgs_temp_3,60.65107,-151.09076,US/Alaska (UTC-9 / UTC-8),"west fork beaver creek, upstream of marathon road",Beaver Creek,STREAM,MAIN,TRUE,TRUE,TBD,FALSE
2022-10-04T18:30:00Z,7.97,beaver_creek_usgs_temp_3,60.65107,-151.09076,US/Alaska (UTC-9 / UTC-8),"west fork beaver creek, upstream of marathon road",Beaver Creek,STREAM,MAIN,TRUE,TRUE,TBD,FALSE
2022-10-04T18:45:00Z,7.945,beaver_creek_usgs_temp_3,60.65107,-151.09076,US/Alaska (UTC-9 / UTC-8),"west fork beaver creek, upstream of marathon road",Beaver Creek,STREAM,MAIN,TRUE,TRUE,TBD,FALSE
2022-10-04T19:00:00Z,7.945,beaver_creek_usgs_temp_3,60.65107,-151.09076,US/Alaska (UTC-9 / UTC-8),"west fork beaver creek, upstream of marathon road",Beaver Creek,STREAM,MAIN,TRUE,TRUE,TBD,FALSE
2022-10-04T19:15:00Z,7.945,beaver_creek_usgs_temp_3,60.65107,-151.09076,US/Alaska (UTC-9 / UTC-8),"west fork beaver creek, upstream of marathon road",Beaver Creek,STREAM,MAIN,TRUE,TRUE,TBD,FALSE
2022-10-04T19:30:00Z,7.945,beaver_creek_usgs_temp_3,60.65107,-151.09076,US/Alaska (UTC-9 / UTC-8),"west fork beaver creek, upstream of marathon road",Beaver Creek,STREAM,MAIN,TRUE,TRUE,TBD,FALSE
2022-10-04T19:45:00Z,7.945,beaver_creek_usgs_temp_3,60.65107,-151.09076,US/Alaska (UTC-9 / UTC-8),"west fork beaver creek, upstream of marathon road",Beaver Creek,STREAM,MAIN,TRUE,TRUE,TBD,FALSE
2022-10-04T20:00:00Z,7.945,beaver_creek_usgs_temp_3,60.65107,-151.09076,US/Alaska (UTC-9 / UTC-8),"west fork beaver creek, upstream of marathon road",Beaver Creek,STREAM,MAIN,TRUE,TRUE,TBD,FALSE
2022-10-04T20:15:00Z,7.945,beaver_creek_usgs_temp_3,60.65107,-151.09076,US/Alaska (UTC-9 / UTC-8),"west fork beaver creek, upstream of marathon road",Beaver Creek,STREAM,MAIN,TRUE,TRUE,TBD,FALSE
2022-10-04T20:30:00Z,7.945,beaver_creek_usgs_temp_3,60.65107,-151.09076,US/Alaska (UTC-9 / UTC-8),"west fork beaver creek, upstream of marathon road",Beaver Creek,STREAM,MAIN,TRUE,TRUE,TBD,FALSE
2022-10-04T20:45:00Z,7.92,beaver_creek_usgs_temp_3,60.65107,-151.09076,US/Alaska (UTC-9 / UTC-8),"west fork beaver creek, upstream of marathon road",Beaver Creek,STREAM,MAIN,TRUE,TRUE,TBD,FALSE
2022-10-04T21:00:00Z,7.92,beaver_creek_usgs_temp_3,60.65107,-151.09076,US/Alaska (UTC-9 / UTC-8),"west fork beaver creek, upstream of marathon road",Beaver Creek,STREAM,MAIN,TRUE,TRUE,TBD,FALSE
2022-10-04T21:15:00Z,7.92,beaver_creek_usgs_temp_3,60.65107,-151.09076,US/Alaska (UTC-9 / UTC-8),"west fork beaver creek, upstream of marathon road",Beaver Creek,STREAM,MAIN,TRUE,TRUE,TBD,FALSE
2022-10-04T21:30:00Z,7.895,beaver_creek_usgs_temp_3,60.65107,-151.09076,US/Alaska (UTC-9 / UTC-8),"west fork beaver creek, upstream of marathon road",Beaver Creek,STREAM,MAIN,TRUE,TRUE,TBD,FALSE
2022-10-04T21:45:00Z,7.895,beaver_creek_usgs_temp_3,60.65107,-151.09076,US/Alaska (UTC-9 / UTC-8),"west fork beaver creek, upstream of marathon road",Beaver Creek,STREAM,MAIN,TRUE,TRUE,TBD,FALSE
2022-10-04T22:00:00Z,7.895,beaver_creek_usgs_temp_3,60.65107,-151.09076,US/Alaska (UTC-9 / UTC-8),"west fork beaver creek, upstream of marathon road",Beaver Creek,STREAM,MAIN,TRUE,TRUE,TBD,FALSE
2022-10-04T22:15:00Z,7.895,beaver_creek_usgs_temp_3,60.65107,-151.09076,US/Alaska (UTC-9 / UTC-8),"west fork beaver creek, upstream of marathon road",Beaver Creek,STREAM,MAIN,TRUE,TRUE,TBD,FALSE
2022-10-04T22:30:00Z,7.895,beaver_creek_usgs_temp_3,60.65107,-151.09076,US/Alaska (UTC-9 / UTC-8),"west fork beaver creek, upstream of marathon road",Beaver Creek,STREAM,MAIN,TRUE,TRUE,TBD,FALSE
2022-10-04T22:45:00Z,7.895,beaver_creek_usgs_temp_3,60.65107,-151.09076,US/Alaska (UTC-9 / UTC-8),"west fork beaver creek, upstream of marathon road",Beaver Creek,STREAM,MAIN,TRUE,TRUE,TBD,FALSE
2022-10-04T23:00:00Z,7.895,beaver_creek_usgs_temp_3,60.65107,-151.09076,US/Alaska (UTC-9 / UTC-8),"west fork beaver creek, upstream of marathon road",Beaver Creek,STREAM,MAIN,TRUE,TRUE,TBD,FALSE
2022-10-04T23:15:00Z,7.87,beaver_creek_usgs_temp_3,60.65107,-151.09076,US/Alaska (UTC-9 / UTC-8),"west fork beaver creek, upstream of marathon road",Beaver Creek,STREAM,MAIN,TRUE,TRUE,TBD,FALSE
2022-10-04T23:30:00Z,7.87,beaver_creek_usgs_temp_3,60.65107,-151.09076,US/Alaska (UTC-9 / UTC-8),"west fork beaver creek, upstream of marathon road",Beaver Creek,STREAM,MAIN,TRUE,TRUE,TBD,FALSE
2022-10-04T23:45:00Z,7.87,beaver_creek_usgs_temp_3,60.65107,-151.09076,US/Alaska (UTC-9 / UTC-8),"west fork beaver creek, upstream of marathon road",Beaver Creek,STREAM,MAIN,TRUE,TRUE,TBD,FALSE
2022-10-05T00:00:00Z,7.87,beaver_creek_usgs_temp_3,60.65107,-151.09076,US/Alaska (UTC-9 / UTC-8),"west fork beaver creek, upstream of marathon road",Beaver Creek,STREAM,MAIN,TRUE,TRUE,TBD,FALSE
2022-10-05T00:15:00Z,7.87,beaver_creek_usgs_temp_3,60.65107,-151.09076,US/Alaska (UTC-9 / UTC-8),"west fork beaver creek, upstream of marathon road",Beaver Creek,STREAM,MAIN,TRUE,TRUE,TBD,FALSE
2022-10-05T00:30:00Z,7.845,beaver_creek_usgs_temp_3,60.65107,-151.09076,US/Alaska (UTC-9 / UTC-8),"west fork beaver creek, upstream of marathon road",Beaver Creek,STREAM,MAIN,TRUE,TRUE,TBD,FALSE
2022-10-05T00:45:00Z,7.845,beaver_creek_usgs_temp_3,60.65107,-151.09076,US/Alaska (UTC-9 / UTC-8),"west fork beaver creek, upstream of marathon road",Beaver Creek,STREAM,MAIN,TRUE,TRUE,TBD,FALSE
2022-10-05T01:00:00Z,7.845,beaver_creek_usgs_temp_3,60.65107,-151.09076,US/Alaska (UTC-9 / UTC-8),"west fork beaver creek, upstream of marathon road",Beaver Creek,STREAM,MAIN,TRUE,TRUE,TBD,FALSE
2022-10-05T01:15:00Z,7.845,beaver_creek_usgs_temp_3,60.65107,-151.09076,US/Alaska (UTC-9 / UTC-8),"west fork beaver creek, upstream of marathon road",Beaver Creek,STREAM,MAIN,TRUE,TRUE,TBD,FALSE
2022-10-05T01:30:00Z,7.845,beaver_creek_usgs_temp_3,60.65107,-151.09076,US/Alaska (UTC-9 / UTC-8),"west fork beaver creek, upstream of marathon road",Beaver Creek,STREAM,MAIN,TRUE,TRUE,TBD,FALSE
2022-10-05T01:45:00Z,7.845,beaver_creek_usgs_temp_3,60.65107,-151.09076,US/Alaska (UTC-9 / UTC-8),"west fork beaver creek, upstream of marathon road",Beaver Creek,STREAM,MAIN,TRUE,TRUE,TBD,FALSE
2022-10-05T02:00:00Z,7.845,beaver_creek_usgs_temp_3,60.65107,-151.09076,US/Alaska (UTC-9 / UTC-8),"west fork beaver creek, upstream of marathon road",Beaver Creek,STREAM,MAIN,TRUE,TRUE,TBD,FALSE
2022-10-05T02:15:00Z,7.845,beaver_creek_usgs_temp_3,60.65107,-151.09076,US/Alaska (UTC-9 / UTC-8),"west fork beaver creek, upstream of marathon road",Beaver Creek,STREAM,MAIN,TRUE,TRUE,TBD,FALSE
2022-10-05T02:30:00Z,7.845,beaver_creek_usgs_temp_3,60.65107,-151.09076,US/Alaska (UTC-9 / UTC-8),"west fork beaver creek, upstream of marathon road",Beaver Creek,STREAM,MAIN,TRUE,TRUE,TBD,FALSE
2022-10-05T02:45:00Z,7.845,beaver_creek_usgs_temp_3,60.65107,-151.09076,US/Alaska (UTC-9 / UTC-8),"west fork beaver creek, upstream of marathon road",Beaver Creek,STREAM,MAIN,TRUE,TRUE,TBD,FALSE
2022-10-05T03:00:00Z,7.845,beaver_creek_usgs_temp_3,60.65107,-151.09076,US/Alaska (UTC-9 / UTC-8),"west fork beaver creek, upstream of marathon road",Beaver Creek,STREAM,MAIN,TRUE,TRUE,TBD,FALSE
2022-10-05T03:15:00Z,7.845,beaver_creek_usgs_temp_3,60.65107,-151.09076,US/Alaska (UTC-9 / UTC-8),"west fork beaver creek, upstream of marathon road",Beaver Creek,STREAM,MAIN,TRUE,TRUE,TBD,FALSE
2022-10-05T03:30:00Z,7.845,beaver_creek_usgs_temp_3,60.65107,-151.09076,US/Alaska (UTC-9 / UTC-8),"west fork beaver creek, upstream of marathon road",Beaver Creek,STREAM,MAIN,TRUE,TRUE,TBD,FALSE
2022-10-05T03:45:00Z,7.845,beaver_creek_usgs_temp_3,60.65107,-151.09076,US/Alaska (UTC-9 / UTC-8),"west fork beaver creek, upstream of marathon road",Beaver Creek,STREAM,MAIN,TRUE,TRUE,TBD,FALSE
2022-10-05T04:00:00Z,7.845,beaver_creek_usgs_temp_3,60.65107,-151.09076,US/Alaska (UTC-9 / UTC-8),"west fork beaver creek, upstream of marathon road",Beaver Creek,STREAM,MAIN,TRUE,TRUE,TBD,FALSE
2022-10-05T04:15:00Z,7.845,beaver_creek_usgs_temp_3,60.65107,-151.09076,US/Alaska (UTC-9 / UTC-8),"west fork beaver creek, upstream of marathon road",Beaver Creek,STREAM,MAIN,TRUE,TRUE,TBD,FALSE
2022-10-05T04:30:00Z,7.845,beaver_creek_usgs_temp_3,60.65107,-151.09076,US/Alaska (UTC-9 / UTC-8),"west fork beaver creek, upstream of marathon road",Beaver Creek,STREAM,MAIN,TRUE,TRUE,TBD,FALSE
2022-10-05T04:45:00Z,7.845,beaver_creek_usgs_temp_3,60.65107,-151.09076,US/Alaska (UTC-9 / UTC-8),"west fork beaver creek, upstream of marathon road",Beaver Creek,STREAM,MAIN,TRUE,TRUE,TBD,FALSE
2022-10-05T05:00:00Z,7.82,beaver_creek_usgs_temp_3,60.65107,-151.09076,US/Alaska (UTC-9 / UTC-8),"west fork beaver creek, upstream of marathon road",Beaver Creek,STREAM,MAIN,TRUE,TRUE,TBD,FALSE
2022-10-05T05:15:00Z,7.82,beaver_creek_usgs_temp_3,60.65107,-151.09076,US/Alaska (UTC-9 / UTC-8),"west fork beaver creek, upstream of marathon road",Beaver Creek,STREAM,MAIN,TRUE,TRUE,TBD,FALSE
2022-10-05T05:30:00Z,7.82,beaver_creek_usgs_temp_3,60.65107,-151.09076,US/Alaska (UTC-9 / UTC-8),"west fork beaver creek, upstream of marathon road",Beaver Creek,STREAM,MAIN,TRUE,TRUE,TBD,FALSE
2022-10-05T05:45:00Z,7.82,beaver_creek_usgs_temp_3,60.65107,-151.09076,US/Alaska (UTC-9 / UTC-8),"west fork beaver creek, upstream of marathon road",Beaver Creek,STREAM,MAIN,TRUE,TRUE,TBD,FALSE
2022-10-05T06:00:00Z,7.795,beaver_creek_usgs_temp_3,60.65107,-151.09076,US/Alaska (UTC-9 / UTC-8),"west fork beaver creek, upstream of marathon road",Beaver Creek,STREAM,MAIN,TRUE,TRUE,TBD,FALSE
2022-10-05T06:15:00Z,7.795,beaver_creek_usgs_temp_3,60.65107,-151.09076,US/Alaska (UTC-9 / UTC-8),"west fork beaver creek, upstream of marathon road",Beaver Creek,STREAM,MAIN,TRUE,TRUE,TBD,FALSE
2022-10-05T06:30:00Z,7.795,beaver_creek_usgs_temp_3,60.65107,-151.09076,US/Alaska (UTC-9 / UTC-8),"west fork beaver creek, upstream of marathon road",Beaver Creek,STREAM,MAIN,TRUE,TRUE,TBD,FALSE
2022-10-05T06:45:00Z,7.77,beaver_creek_usgs_temp_3,60.65107,-151.09076,US/Alaska (UTC-9 / UTC-8),"west fork beaver creek, upstream of marathon road",Beaver Creek,STREAM,MAIN,TRUE,TRUE,TBD,FALSE
2022-10-05T07:00:00Z,7.77,beaver_creek_usgs_temp_3,60.65107,-151.09076,US/Alaska (UTC-9 / UTC-8),"west fork beaver creek, upstream of marathon road",Beaver Creek,STREAM,MAIN,TRUE,TRUE,TBD,FALSE
2022-10-05T07:15:00Z,7.77,beaver_creek_usgs_temp_3,60.65107,-151.09076,US/Alaska (UTC-9 / UTC-8),"west fork beaver creek, upstream of marathon road",Beaver Creek,STREAM,MAIN,TRUE,TRUE,TBD,FALSE
2022-10-05T07:30:00Z,7.77,beaver_creek_usgs_temp_3,60.65107,-151.09076,US/Alaska (UTC-9 / UTC-8),"west fork beaver creek, upstream of marathon road",Beaver Creek,STREAM,MAIN,TRUE,TRUE,TBD,FALSE
2022-10-05T07:45:00Z,7.77,beaver_creek_usgs_temp_3,60.65107,-151.09076,US/Alaska (UTC-9 / UTC-8),"west fork beaver creek, upstream of marathon road",Beaver Creek,STREAM,MAIN,TRUE,TRUE,TBD,FALSE
2022-10-05T08:00:00Z,7.745,beaver_creek_usgs_temp_3,60.65107,-151.09076,US/Alaska (UTC-9 / UTC-8),"west fork beaver creek, upstream of marathon road",Beaver Creek,STREAM,MAIN,TRUE,TRUE,TBD,FALSE
2022-10-05T08:15:00Z,7.745,beaver_creek_usgs_temp_3,60.65107,-151.09076,US/Alaska (UTC-9 / UTC-8),"west fork beaver creek, upstream of marathon road",Beaver Creek,STREAM,MAIN,TRUE,TRUE,TBD,FALSE
2022-10-05T08:30:00Z,7.745,beaver_creek_usgs_temp_3,60.65107,-151.09076,US/Alaska (UTC-9 / UTC-8),"west fork beaver creek, upstream of marathon road",Beaver Creek,STREAM,MAIN,TRUE,TRUE,TBD,FALSE
2022-10-05T08:45:00Z,7.72,beaver_creek_usgs_temp_3,60.65107,-151.09076,US/Alaska (UTC-9 / UTC-8),"west fork beaver creek, upstream of marathon road",Beaver Creek,STREAM,MAIN,TRUE,TRUE,TBD,FALSE
2022-10-05T09:00:00Z,7.72,beaver_creek_usgs_temp_3,60.65107,-151.09076,US/Alaska (UTC-9 / UTC-8),"west fork beaver creek, upstream of marathon road",Beaver Creek,STREAM,MAIN,TRUE,TRUE,TBD,FALSE
2022-10-05T09:15:00Z,7.72,beaver_creek_usgs_temp_3,60.65107,-151.09076,US/Alaska (UTC-9 / UTC-8),"west fork beaver creek, upstream of marathon road",Beaver Creek,STREAM,MAIN,TRUE,TRUE,TBD,FALSE
2022-10-05T09:30:00Z,7.72,beaver_creek_usgs_temp_3,60.65107,-151.09076,US/Alaska (UTC-9 / UTC-8),"west fork beaver creek, upstream of marathon road",Beaver Creek,STREAM,MAIN,TRUE,TRUE,TBD,FALSE
2022-10-05T09:45:00Z,7.72,beaver_creek_usgs_temp_3,60.65107,-151.09076,US/Alaska (UTC-9 / UTC-8),"west fork beaver creek, upstream of marathon road",Beaver Creek,STREAM,MAIN,TRUE,TRUE,TBD,FALSE
2022-10-05T10:00:00Z,7.72,beaver_creek_usgs_temp_3,60.65107,-151.09076,US/Alaska (UTC-9 / UTC-8),"west fork beaver creek, upstream of marathon road",Beaver Creek,STREAM,MAIN,TRUE,TRUE,TBD,FALSE
2022-10-05T10:15:00Z,7.745,beaver_creek_usgs_temp_3,60.65107,-151.09076,US/Alaska (UTC-9 / UTC-8),"west fork beaver creek, upstream of marathon road",Beaver Creek,STREAM,MAIN,TRUE,TRUE,TBD,FALSE
2022-10-05T10:30:00Z,7.745,beaver_creek_usgs_temp_3,60.65107,-151.09076,US/Alaska (UTC-9 / UTC-8),"west fork beaver creek, upstream of marathon road",Beaver Creek,STREAM,MAIN,TRUE,TRUE,TBD,FALSE
2022-10-05T10:45:00Z,7.745,beaver_creek_usgs_temp_3,60.65107,-151.09076,US/Alaska (UTC-9 / UTC-8),"west fork beaver creek, upstream of marathon road",Beaver Creek,STREAM,MAIN,TRUE,TRUE,TBD,FALSE
2022-10-05T11:00:00Z,7.77,beaver_creek_usgs_temp_3,60.65107,-151.09076,US/Alaska (UTC-9 / UTC-8),"west fork beaver creek, upstream of marathon road",Beaver Creek,STREAM,MAIN,TRUE,TRUE,TBD,FALSE
2022-10-05T11:15:00Z,7.77,beaver_creek_usgs_temp_3,60.65107,-151.09076,US/Alaska (UTC-9 / UTC-8),"west fork beaver creek, upstream of marathon road",Beaver Creek,STREAM,MAIN,TRUE,TRUE,TBD,FALSE
2022-10-05T11:30:00Z,7.82,beaver_creek_usgs_temp_3,60.65107,-151.09076,US/Alaska (UTC-9 / UTC-8),"west fork beaver creek, upstream of marathon road",Beaver Creek,STREAM,MAIN,TRUE,TRUE,TBD,FALSE
2022-10-05T11:45:00Z,7.845,beaver_creek_usgs_temp_3,60.65107,-151.09076,US/Alaska (UTC-9 / UTC-8),"west fork beaver creek, upstream of marathon road",Beaver Creek,STREAM,MAIN,TRUE,TRUE,TBD,FALSE
2022-10-05T12:00:00Z,7.845,beaver_creek_usgs_temp_3,60.65107,-151.09076,US/Alaska (UTC-9 / UTC-8),"west fork beaver creek, upstream of marathon road",Beaver Creek,STREAM,MAIN,TRUE,TRUE,TBD,FALSE
2022-10-05T12:15:00Z,7.87,beaver_creek_usgs_temp_3,60.65107,-151.09076,US/Alaska (UTC-9 / UTC-8),"west fork beaver creek, upstream of marathon road",Beaver Creek,STREAM,MAIN,TRUE,TRUE,TBD,FALSE
2022-10-05T12:30:00Z,7.92,beaver_creek_usgs_temp_3,60.65107,-151.09076,US/Alaska (UTC-9 / UTC-8),"west fork beaver creek, upstream of marathon road",Beaver Creek,STREAM,MAIN,TRUE,TRUE,TBD,FALSE
2022-10-05T12:45:00Z,8.045,beaver_creek_usgs_temp_3,60.65107,-151.09076,US/Alaska (UTC-9 / UTC-8),"west fork beaver creek, upstream of marathon road",Beaver Creek,STREAM,MAIN,TRUE,TRUE,TBD,FALSE
2022-10-05T13:00:00Z,8.22,beaver_creek_usgs_temp_3,60.65107,-151.09076,US/Alaska (UTC-9 / UTC-8),"west fork beaver creek, upstream of marathon road",Beaver Creek,STREAM,MAIN,TRUE,TRUE,TBD,FALSE
2022-10-05T13:15:00Z,8.27,beaver_creek_usgs_temp_3,60.65107,-151.09076,US/Alaska (UTC-9 / UTC-8),"west fork beaver creek, upstream of marathon road",Beaver Creek,STREAM,MAIN,TRUE,TRUE,TBD,FALSE
2022-10-05T13:30:00Z,8.295,beaver_creek_usgs_temp_3,60.65107,-151.09076,US/Alaska (UTC-9 / UTC-8),"west fork beaver creek, upstream of marathon road",Beaver Creek,STREAM,MAIN,TRUE,TRUE,TBD,FALSE
2022-10-05T13:45:00Z,8.319,beaver_creek_usgs_temp_3,60.65107,-151.09076,US/Alaska (UTC-9 / UTC-8),"west fork beaver creek, upstream of marathon road",Beaver Creek,STREAM,MAIN,TRUE,TRUE,TBD,FALSE
2022-10-05T14:00:00Z,8.369,beaver_creek_usgs_temp_3,60.65107,-151.09076,US/Alaska (UTC-9 / UTC-8),"west fork beaver creek, upstream of marathon road",Beaver Creek,STREAM,MAIN,TRUE,TRUE,TBD,FALSE
2022-10-05T14:15:00Z,8.444,beaver_creek_usgs_temp_3,60.65107,-151.09076,US/Alaska (UTC-9 / UTC-8),"west fork beaver creek, upstream of marathon road",Beaver Creek,STREAM,MAIN,TRUE,TRUE,TBD,FALSE
2022-10-05T14:30:00Z,8.519,beaver_creek_usgs_temp_3,60.65107,-151.09076,US/Alaska (UTC-9 / UTC-8),"west fork beaver creek, upstream of marathon road",Beaver Creek,STREAM,MAIN,TRUE,TRUE,TBD,FALSE
2022-10-05T14:45:00Z,8.543,beaver_creek_usgs_temp_3,60.65107,-151.09076,US/Alaska (UTC-9 / UTC-8),"west fork beaver creek, upstream of marathon road",Beaver Creek,STREAM,MAIN,TRUE,TRUE,TBD,FALSE
2022-10-05T15:00:00Z,8.593,beaver_creek_usgs_temp_3,60.65107,-151.09076,US/Alaska (UTC-9 / UTC-8),"west fork beaver creek, upstream of marathon road",Beaver Creek,STREAM,MAIN,TRUE,TRUE,TBD,FALSE
2022-10-05T15:15:00Z,8.643,beaver_creek_usgs_temp_3,60.65107,-151.09076,US/Alaska (UTC-9 / UTC-8),"west fork beaver creek, upstream of marathon road",Beaver Creek,STREAM,MAIN,TRUE,TRUE,TBD,FALSE
2022-10-05T15:30:00Z,8.643,beaver_creek_usgs_temp_3,60.65107,-151.09076,US/Alaska (UTC-9 / UTC-8),"west fork beaver creek, upstream of marathon road",Beaver Creek,STREAM,MAIN,TRUE,TRUE,TBD,FALSE
2022-10-05T15:45:00Z,8.668,beaver_creek_usgs_temp_3,60.65107,-151.09076,US/Alaska (UTC-9 / UTC-8),"west fork beaver creek, upstream of marathon road",Beaver Creek,STREAM,MAIN,TRUE,TRUE,TBD,FALSE
2022-10-05T16:00:00Z,8.742,beaver_creek_usgs_temp_3,60.65107,-151.09076,US/Alaska (UTC-9 / UTC-8),"west fork beaver creek, upstream of marathon road",Beaver Creek,STREAM,MAIN,TRUE,TRUE,TBD,FALSE
2022-10-05T16:15:00Z,8.792,beaver_creek_usgs_temp_3,60.65107,-151.09076,US/Alaska (UTC-9 / UTC-8),"west fork beaver creek, upstream of marathon road",Beaver Creek,STREAM,MAIN,TRUE,TRUE,TBD,FALSE
2022-10-05T16:30:00Z,8.841,beaver_creek_usgs_temp_3,60.65107,-151.09076,US/Alaska (UTC-9 / UTC-8),"west fork beaver creek, upstream of marathon road",Beaver Creek,STREAM,MAIN,TRUE,TRUE,TBD,FALSE
2022-10-05T16:45:00Z,8.866,beaver_creek_usgs_temp_3,60.65107,-151.09076,US/Alaska (UTC-9 / UTC-8),"west fork beaver creek, upstream of marathon road",Beaver Creek,STREAM,MAIN,TRUE,TRUE,TBD,FALSE
2022-10-05T17:00:00Z,8.891,beaver_creek_usgs_temp_3,60.65107,-151.09076,US/Alaska (UTC-9 / UTC-8),"west fork beaver creek, upstream of marathon road",Beaver Creek,STREAM,MAIN,TRUE,TRUE,TBD,FALSE
2022-10-05T17:15:00Z,8.891,beaver_creek_usgs_temp_3,60.65107,-151.09076,US/Alaska (UTC-9 / UTC-8),"west fork beaver creek, upstream of marathon road",Beaver Creek,STREAM,MAIN,TRUE,TRUE,TBD,FALSE
2022-10-05T17:30:00Z,8.916,beaver_creek_usgs_temp_3,60.65107,-151.09076,US/Alaska (UTC-9 / UTC-8),"west fork beaver creek, upstream of marathon road",Beaver Creek,STREAM,MAIN,TRUE,TRUE,TBD,FALSE
2022-10-05T17:45:00Z,8.941,beaver_creek_usgs_temp_3,60.65107,-151.09076,US/Alaska (UTC-9 / UTC-8),"west fork beaver creek, upstream of marathon road",Beaver Creek,STREAM,MAIN,TRUE,TRUE,TBD,FALSE
2022-10-05T18:00:00Z,8.965,beaver_creek_usgs_temp_3,60.65107,-151.09076,US/Alaska (UTC-9 / UTC-8),"west fork beaver creek, upstream of marathon road",Beaver Creek,STREAM,MAIN,TRUE,TRUE,TBD,FALSE
2022-10-05T18:15:00Z,8.965,beaver_creek_usgs_temp_3,60.65107,-151.09076,US/Alaska (UTC-9 / UTC-8),"west fork beaver creek, upstream of marathon road",Beaver Creek,STREAM,MAIN,TRUE,TRUE,TBD,FALSE
2022-10-05T18:30:00Z,8.99,beaver_creek_usgs_temp_3,60.65107,-151.09076,US/Alaska (UTC-9 / UTC-8),"west fork beaver creek, upstream of marathon road",Beaver Creek,STREAM,MAIN,TRUE,TRUE,TBD,FALSE
2022-10-05T18:45:00Z,8.99,beaver_creek_usgs_temp_3,60.65107,-151.09076,US/Alaska (UTC-9 / UTC-8),"west fork beaver creek, upstream of marathon road",Beaver Creek,STREAM,MAIN,TRUE,TRUE,TBD,FALSE
2022-10-05T19:00:00Z,8.99,beaver_creek_usgs_temp_3,60.65107,-151.09076,US/Alaska (UTC-9 / UTC-8),"west fork beaver creek, upstream of marathon road",Beaver Creek,STREAM,MAIN,TRUE,TRUE,TBD,FALSE
2022-10-05T19:15:00Z,8.99,beaver_creek_usgs_temp_3,60.65107,-151.09076,US/Alaska (UTC-9 / UTC-8),"west fork beaver creek, upstream of marathon road",Beaver Creek,STREAM,MAIN,TRUE,TRUE,TBD,FALSE
2022-10-05T19:30:00Z,8.99,beaver_creek_usgs_temp_3,60.65107,-151.09076,US/Alaska (UTC-9 / UTC-8),"west fork beaver creek, upstream of marathon road",Beaver Creek,STREAM,MAIN,TRUE,TRUE,TBD,FALSE
2022-10-05T19:45:00Z,8.99,beaver_creek_usgs_temp_3,60.65107,-151.09076,US/Alaska (UTC-9 / UTC-8),"west fork beaver creek, upstream of marathon road",Beaver Creek,STREAM,MAIN,TRUE,TRUE,TBD,FALSE
2022-10-05T20:00:00Z,8.99,beaver_creek_usgs_temp_3,60.65107,-151.09076,US/Alaska (UTC-9 / UTC-8),"west fork beaver creek, upstream of marathon road",Beaver Creek,STREAM,MAIN,TRUE,TRUE,TBD,FALSE
2022-10-05T20:15:00Z,8.99,beaver_creek_usgs_temp_3,60.65107,-151.09076,US/Alaska (UTC-9 / UTC-8),"west fork beaver creek, upstream of marathon road",Beaver Creek,STREAM,MAIN,TRUE,TRUE,TBD,FALSE
2022-10-05T20:30:00Z,8.99,beaver_creek_usgs_temp_3,60.65107,-151.09076,US/Alaska (UTC-9 / UTC-8),"west fork beaver creek, upstream of marathon road",Beaver Creek,STREAM,MAIN,TRUE,TRUE,TBD,FALSE
2022-10-05T20:45:00Z,8.965,beaver_creek_usgs_temp_3,60.65107,-151.09076,US/Alaska (UTC-9 / UTC-8),"west fork beaver creek, upstream of marathon road",Beaver Creek,STREAM,MAIN,TRUE,TRUE,TBD,FALSE
2022-10-05T21:00:00Z,8.965,beaver_creek_usgs_temp_3,60.65107,-151.09076,US/Alaska (UTC-9 / UTC-8),"west fork beaver creek, upstream of marathon road",Beaver Creek,STREAM,MAIN,TRUE,TRUE,TBD,FALSE
2022-10-05T21:15:00Z,8.941,beaver_creek_usgs_temp_3,60.65107,-151.09076,US/Alaska (UTC-9 / UTC-8),"west fork beaver creek, upstream of marathon road",Beaver Creek,STREAM,MAIN,TRUE,TRUE,TBD,FALSE
2022-10-05T21:30:00Z,8.941,beaver_creek_usgs_temp_3,60.65107,-151.09076,US/Alaska (UTC-9 / UTC-8),"west fork beaver creek, upstream of marathon road",Beaver Creek,STREAM,MAIN,TRUE,TRUE,TBD,FALSE
2022-10-05T21:45:00Z,8.916,beaver_creek_usgs_temp_3,60.65107,-151.09076,US/Alaska (UTC-9 / UTC-8),"west fork beaver creek, upstream of marathon road",Beaver Creek,STREAM,MAIN,TRUE,TRUE,TBD,FALSE
2022-10-05T22:00:00Z,8.891,beaver_creek_usgs_temp_3,60.65107,-151.09076,US/Alaska (UTC-9 / UTC-8),"west fork beaver creek, upstream of marathon road",Beaver Creek,STREAM,MAIN,TRUE,TRUE,TBD,FALSE
2022-10-05T22:15:00Z,8.891,beaver_creek_usgs_temp_3,60.65107,-151.09076,US/Alaska (UTC-9 / UTC-8),"west fork beaver creek, upstream of marathon road",Beaver Creek,STREAM,MAIN,TRUE,TRUE,TBD,FALSE
2022-10-05T22:30:00Z,8.891,beaver_creek_usgs_temp_3,60.65107,-151.09076,US/Alaska (UTC-9 / UTC-8),"west fork beaver creek, upstream of marathon road",Beaver Creek,STREAM,MAIN,TRUE,TRUE,TBD,FALSE
2022-10-05T22:45:00Z,8.916,beaver_creek_usgs_temp_3,60.65107,-151.09076,US/Alaska (UTC-9 / UTC-8),"west fork beaver creek, upstream of marathon road",Beaver Creek,STREAM,MAIN,TRUE,TRUE,TBD,FALSE
2022-10-05T23:00:00Z,8.916,beaver_creek_usgs_temp_3,60.65107,-151.09076,US/Alaska (UTC-9 / UTC-8),"west fork beaver creek, upstream of marathon road",Beaver Creek,STREAM,MAIN,TRUE,TRUE,TBD,FALSE
2022-10-05T23:15:00Z,8.891,beaver_creek_usgs_temp_3,60.65107,-151.09076,US/Alaska (UTC-9 / UTC-8),"west fork beaver creek, upstream of marathon road",Beaver Creek,STREAM,MAIN,TRUE,TRUE,TBD,FALSE
2022-10-05T23:30:00Z,8.866,beaver_creek_usgs_temp_3,60.65107,-151.09076,US/Alaska (UTC-9 / UTC-8),"west fork beaver creek, upstream of marathon road",Beaver Creek,STREAM,MAIN,TRUE,TRUE,TBD,FALSE
2022-10-05T23:45:00Z,8.841,beaver_creek_usgs_temp_3,60.65107,-151.09076,US/Alaska (UTC-9 / UTC-8),"west fork beaver creek, upstream of marathon road",Beaver Creek,STREAM,MAIN,TRUE,TRUE,TBD,FALSE
2022-10-06T00:00:00Z,8.817,beaver_creek_usgs_temp_3,60.65107,-151.09076,US/Alaska (UTC-9 / UTC-8),"west fork beaver creek, upstream of marathon road",Beaver Creek,STREAM,MAIN,TRUE,TRUE,TBD,FALSE
2022-10-06T00:15:00Z,8.792,beaver_creek_usgs_temp_3,60.65107,-151.09076,US/Alaska (UTC-9 / UTC-8),"west fork beaver creek, upstream of marathon road",Beaver Creek,STREAM,MAIN,TRUE,TRUE,TBD,FALSE
2022-10-06T00:30:00Z,8.767,beaver_creek_usgs_temp_3,60.65107,-151.09076,US/Alaska (UTC-9 / UTC-8),"west fork beaver creek, upstream of marathon road",Beaver Creek,STREAM,MAIN,TRUE,TRUE,TBD,FALSE
2022-10-06T00:45:00Z,8.742,beaver_creek_usgs_temp_3,60.65107,-151.09076,US/Alaska (UTC-9 / UTC-8),"west fork beaver creek, upstream of marathon road",Beaver Creek,STREAM,MAIN,TRUE,TRUE,TBD,FALSE
2022-10-06T01:00:00Z,8.717,beaver_creek_usgs_temp_3,60.65107,-151.09076,US/Alaska (UTC-9 / UTC-8),"west fork beaver creek, upstream of marathon road",Beaver Creek,STREAM,MAIN,TRUE,TRUE,TBD,FALSE
2022-10-06T01:15:00Z,8.693,beaver_creek_usgs_temp_3,60.65107,-151.09076,US/Alaska (UTC-9 / UTC-8),"west fork beaver creek, upstream of marathon road",Beaver Creek,STREAM,MAIN,TRUE,TRUE,TBD,FALSE
2022-10-06T01:30:00Z,8.668,beaver_creek_usgs_temp_3,60.65107,-151.09076,US/Alaska (UTC-9 / UTC-8),"west fork beaver creek, upstream of marathon road",Beaver Creek,STREAM,MAIN,TRUE,TRUE,TBD,FALSE
2022-10-06T01:45:00Z,8.668,beaver_creek_usgs_temp_3,60.65107,-151.09076,US/Alaska (UTC-9 / UTC-8),"west fork beaver creek, upstream of marathon road",Beaver Creek,STREAM,MAIN,TRUE,TRUE,TBD,FALSE
2022-10-06T02:00:00Z,8.643,beaver_creek_usgs_temp_3,60.65107,-151.09076,US/Alaska (UTC-9 / UTC-8),"west fork beaver creek, upstream of marathon road",Beaver Creek,STREAM,MAIN,TRUE,TRUE,TBD,FALSE
2022-10-06T02:15:00Z,8.618,beaver_creek_usgs_temp_3,60.65107,-151.09076,US/Alaska (UTC-9 / UTC-8),"west fork beaver creek, upstream of marathon road",Beaver Creek,STREAM,MAIN,TRUE,TRUE,TBD,FALSE
2022-10-06T02:30:00Z,8.568,beaver_creek_usgs_temp_3,60.65107,-151.09076,US/Alaska (UTC-9 / UTC-8),"west fork beaver creek, upstream of marathon road",Beaver Creek,STREAM,MAIN,TRUE,TRUE,TBD,FALSE
2022-10-06T02:45:00Z,8.543,beaver_creek_usgs_temp_3,60.65107,-151.09076,US/Alaska (UTC-9 / UTC-8),"west fork beaver creek, upstream of marathon road",Beaver Creek,STREAM,MAIN,TRUE,TRUE,TBD,FALSE
2022-10-06T03:00:00Z,8.543,beaver_creek_usgs_temp_3,60.65107,-151.09076,US/Alaska (UTC-9 / UTC-8),"west fork beaver creek, upstream of marathon road",Beaver Creek,STREAM,MAIN,TRUE,TRUE,TBD,FALSE
2022-10-06T03:15:00Z,8.494,beaver_creek_usgs_temp_3,60.65107,-151.09076,US/Alaska (UTC-9 / UTC-8),"west fork beaver creek, upstream of marathon road",Beaver Creek,STREAM,MAIN,TRUE,TRUE,TBD,FALSE
2022-10-06T03:30:00Z,8.444,beaver_creek_usgs_temp_3,60.65107,-151.09076,US/Alaska (UTC-9 / UTC-8),"west fork beaver creek, upstream of marathon road",Beaver Creek,STREAM,MAIN,TRUE,TRUE,TBD,FALSE
2022-10-06T03:45:00Z,8.394,beaver_creek_usgs_temp_3,60.65107,-151.09076,US/Alaska (UTC-9 / UTC-8),"west fork beaver creek, upstream of marathon road",Beaver Creek,STREAM,MAIN,TRUE,TRUE,TBD,FALSE
2022-10-06T04:00:00Z,8.344,beaver_creek_usgs_temp_3,60.65107,-151.09076,US/Alaska (UTC-9 / UTC-8),"west fork beaver creek, upstream of marathon road",Beaver Creek,STREAM,MAIN,TRUE,TRUE,TBD,FALSE
2022-10-06T04:15:00Z,8.27,beaver_creek_usgs_temp_3,60.65107,-151.09076,US/Alaska (UTC-9 / UTC-8),"west fork beaver creek, upstream of marathon road",Beaver Creek,STREAM,MAIN,TRUE,TRUE,TBD,FALSE
2022-10-06T04:30:00Z,8.22,beaver_creek_usgs_temp_3,60.65107,-151.09076,US/Alaska (UTC-9 / UTC-8),"west fork beaver creek, upstream of marathon road",Beaver Creek,STREAM,MAIN,TRUE,TRUE,TBD,FALSE
2022-10-06T04:45:00Z,8.145,beaver_creek_usgs_temp_3,60.65107,-151.09076,US/Alaska (UTC-9 / UTC-8),"west fork beaver creek, upstream of marathon road",Beaver Creek,STREAM,MAIN,TRUE,TRUE,TBD,FALSE
2022-10-06T05:00:00Z,8.07,beaver_creek_usgs_temp_3,60.65107,-151.09076,US/Alaska (UTC-9 / UTC-8),"west fork beaver creek, upstream of marathon road",Beaver Creek,STREAM,MAIN,TRUE,TRUE,TBD,FALSE
2022-10-06T05:15:00Z,8.02,beaver_creek_usgs_temp_3,60.65107,-151.09076,US/Alaska (UTC-9 / UTC-8),"west fork beaver creek, upstream of marathon road",Beaver Creek,STREAM,MAIN,TRUE,TRUE,TBD,FALSE
2022-10-06T05:30:00Z,7.945,beaver_creek_usgs_temp_3,60.65107,-151.09076,US/Alaska (UTC-9 / UTC-8),"west fork beaver creek, upstream of marathon road",Beaver Creek,STREAM,MAIN,TRUE,TRUE,TBD,FALSE
2022-10-06T05:45:00Z,7.895,beaver_creek_usgs_temp_3,60.65107,-151.09076,US/Alaska (UTC-9 / UTC-8),"west fork beaver creek, upstream of marathon road",Beaver Creek,STREAM,MAIN,TRUE,TRUE,TBD,FALSE
2022-10-06T06:00:00Z,7.82,beaver_creek_usgs_temp_3,60.65107,-151.09076,US/Alaska (UTC-9 / UTC-8),"west fork beaver creek, upstream of marathon road",Beaver Creek,STREAM,MAIN,TRUE,TRUE,TBD,FALSE
2022-10-06T06:15:00Z,7.745,beaver_creek_usgs_temp_3,60.65107,-151.09076,US/Alaska (UTC-9 / UTC-8),"west fork beaver creek, upstream of marathon road",Beaver Creek,STREAM,MAIN,TRUE,TRUE,TBD,FALSE
2022-10-06T06:30:00Z,7.67,beaver_creek_usgs_temp_3,60.65107,-151.09076,US/Alaska (UTC-9 / UTC-8),"west fork beaver creek, upstream of marathon road",Beaver Creek,STREAM,MAIN,TRUE,TRUE,TBD,FALSE
2022-10-06T06:45:00Z,7.619,beaver_creek_usgs_temp_3,60.65107,-151.09076,US/Alaska (UTC-9 / UTC-8),"west fork beaver creek, upstream of marathon road",Beaver Creek,STREAM,MAIN,TRUE,TRUE,TBD,FALSE
2022-10-06T07:00:00Z,7.544,beaver_creek_usgs_temp_3,60.65107,-151.09076,US/Alaska (UTC-9 / UTC-8),"west fork beaver creek, upstream of marathon road",Beaver Creek,STREAM,MAIN,TRUE,TRUE,TBD,FALSE
2022-10-06T07:15:00Z,7.469,beaver_creek_usgs_temp_3,60.65107,-151.09076,US/Alaska (UTC-9 / UTC-8),"west fork beaver creek, upstream of marathon road",Beaver Creek,STREAM,MAIN,TRUE,TRUE,TBD,FALSE
2022-10-06T07:30:00Z,7.393,beaver_creek_usgs_temp_3,60.65107,-151.09076,US/Alaska (UTC-9 / UTC-8),"west fork beaver creek, upstream of marathon road",Beaver Creek,STREAM,MAIN,TRUE,TRUE,TBD,FALSE
2022-10-06T07:45:00Z,7.318,beaver_creek_usgs_temp_3,60.65107,-151.09076,US/Alaska (UTC-9 / UTC-8),"west fork beaver creek, upstream of marathon road",Beaver Creek,STREAM,MAIN,TRUE,TRUE,TBD,FALSE
2022-10-06T08:00:00Z,7.242,beaver_creek_usgs_temp_3,60.65107,-151.09076,US/Alaska (UTC-9 / UTC-8),"west fork beaver creek, upstream of marathon road",Beaver Creek,STREAM,MAIN,TRUE,TRUE,TBD,FALSE
2022-10-06T08:15:00Z,7.192,beaver_creek_usgs_temp_3,60.65107,-151.09076,US/Alaska (UTC-9 / UTC-8),"west fork beaver creek, upstream of marathon road",Beaver Creek,STREAM,MAIN,TRUE,TRUE,TBD,FALSE
2022-10-06T08:30:00Z,7.116,beaver_creek_usgs_temp_3,60.65107,-151.09076,US/Alaska (UTC-9 / UTC-8),"west fork beaver creek, upstream of marathon road",Beaver Creek,STREAM,MAIN,TRUE,TRUE,TBD,FALSE
2022-10-06T08:45:00Z,7.041,beaver_creek_usgs_temp_3,60.65107,-151.09076,US/Alaska (UTC-9 / UTC-8),"west fork beaver creek, upstream of marathon road",Beaver Creek,STREAM,MAIN,TRUE,TRUE,TBD,FALSE
2022-10-06T09:00:00Z,6.99,beaver_creek_usgs_temp_3,60.65107,-151.09076,US/Alaska (UTC-9 / UTC-8),"west fork beaver creek, upstream of marathon road",Beaver Creek,STREAM,MAIN,TRUE,TRUE,TBD,FALSE
2022-10-06T09:15:00Z,6.94,beaver_creek_usgs_temp_3,60.65107,-151.09076,US/Alaska (UTC-9 / UTC-8),"west fork beaver creek, upstream of marathon road",Beaver Creek,STREAM,MAIN,TRUE,TRUE,TBD,FALSE
2022-10-06T09:30:00Z,6.889,beaver_creek_usgs_temp_3,60.65107,-151.09076,US/Alaska (UTC-9 / UTC-8),"west fork beaver creek, upstream of marathon road",Beaver Creek,STREAM,MAIN,TRUE,TRUE,TBD,FALSE
2022-10-06T09:45:00Z,6.864,beaver_creek_usgs_temp_3,60.65107,-151.09076,US/Alaska (UTC-9 / UTC-8),"west fork beaver creek, upstream of marathon road",Beaver Creek,STREAM,MAIN,TRUE,TRUE,TBD,FALSE
2022-10-06T10:00:00Z,6.839,beaver_creek_usgs_temp_3,60.65107,-151.09076,US/Alaska (UTC-9 / UTC-8),"west fork beaver creek, upstream of marathon road",Beaver Creek,STREAM,MAIN,TRUE,TRUE,TBD,FALSE
2022-10-06T10:15:00Z,6.839,beaver_creek_usgs_temp_3,60.65107,-151.09076,US/Alaska (UTC-9 / UTC-8),"west fork beaver creek, upstream of marathon road",Beaver Creek,STREAM,MAIN,TRUE,TRUE,TBD,FALSE
2022-10-06T10:30:00Z,6.839,beaver_creek_usgs_temp_3,60.65107,-151.09076,US/Alaska (UTC-9 / UTC-8),"west fork beaver creek, upstream of marathon road",Beaver Creek,STREAM,MAIN,TRUE,TRUE,TBD,FALSE
2022-10-06T10:45:00Z,6.864,beaver_creek_usgs_temp_3,60.65107,-151.09076,US/Alaska (UTC-9 / UTC-8),"west fork beaver creek, upstream of marathon road",Beaver Creek,STREAM,MAIN,TRUE,TRUE,TBD,FALSE
2022-10-06T11:00:00Z,6.889,beaver_creek_usgs_temp_3,60.65107,-151.09076,US/Alaska (UTC-9 / UTC-8),"west fork beaver creek, upstream of marathon road",Beaver Creek,STREAM,MAIN,TRUE,TRUE,TBD,FALSE
2022-10-06T11:15:00Z,6.94,beaver_creek_usgs_temp_3,60.65107,-151.09076,US/Alaska (UTC-9 / UTC-8),"west fork beaver creek, upstream of marathon road",Beaver Creek,STREAM,MAIN,TRUE,TRUE,TBD,FALSE
2022-10-06T11:30:00Z,7.015,beaver_creek_usgs_temp_3,60.65107,-151.09076,US/Alaska (UTC-9 / UTC-8),"west fork beaver creek, upstream of marathon road",Beaver Creek,STREAM,MAIN,TRUE,TRUE,TBD,FALSE
2022-10-06T11:45:00Z,7.091,beaver_creek_usgs_temp_3,60.65107,-151.09076,US/Alaska (UTC-9 / UTC-8),"west fork beaver creek, upstream of marathon road",Beaver Creek,STREAM,MAIN,TRUE,TRUE,TBD,FALSE
2022-10-06T12:00:00Z,7.167,beaver_creek_usgs_temp_3,60.65107,-151.09076,US/Alaska (UTC-9 / UTC-8),"west fork beaver creek, upstream of marathon road",Beaver Creek,STREAM,MAIN,TRUE,TRUE,TBD,FALSE
2022-10-06T12:15:00Z,7.242,beaver_creek_usgs_temp_3,60.65107,-151.09076,US/Alaska (UTC-9 / UTC-8),"west fork beaver creek, upstream of marathon road",Beaver Creek,STREAM,MAIN,TRUE,TRUE,TBD,FALSE
2022-10-06T12:30:00Z,7.343,beaver_creek_usgs_temp_3,60.65107,-151.09076,US/Alaska (UTC-9 / UTC-8),"west fork beaver creek, upstream of marathon road",Beaver Creek,STREAM,MAIN,TRUE,TRUE,TBD,FALSE
2022-10-06T12:45:00Z,7.444,beaver_creek_usgs_temp_3,60.65107,-151.09076,US/Alaska (UTC-9 / UTC-8),"west fork beaver creek, upstream of marathon road",Beaver Creek,STREAM,MAIN,TRUE,TRUE,TBD,FALSE
2022-10-06T13:00:00Z,7.569,beaver_creek_usgs_temp_3,60.65107,-151.09076,US/Alaska (UTC-9 / UTC-8),"west fork beaver creek, upstream of marathon road",Beaver Creek,STREAM,MAIN,TRUE,TRUE,TBD,FALSE
2022-10-06T13:15:00Z,7.695,beaver_creek_usgs_temp_3,60.65107,-151.09076,US/Alaska (UTC-9 / UTC-8),"west fork beaver creek, upstream of marathon road",Beaver Creek,STREAM,MAIN,TRUE,TRUE,TBD,FALSE
2022-10-06T13:30:00Z,7.795,beaver_creek_usgs_temp_3,60.65107,-151.09076,US/Alaska (UTC-9 / UTC-8),"west fork beaver creek, upstream of marathon road",Beaver Creek,STREAM,MAIN,TRUE,TRUE,TBD,FALSE
2022-10-06T13:45:00Z,7.92,beaver_creek_usgs_temp_3,60.65107,-151.09076,US/Alaska (UTC-9 / UTC-8),"west fork beaver creek, upstream of marathon road",Beaver Creek,STREAM,MAIN,TRUE,TRUE,TBD,FALSE
2022-10-06T14:00:00Z,8.045,beaver_creek_usgs_temp_3,60.65107,-151.09076,US/Alaska (UTC-9 / UTC-8),"west fork beaver creek, upstream of marathon road",Beaver Creek,STREAM,MAIN,TRUE,TRUE,TBD,FALSE
2022-10-06T14:15:00Z,8.17,beaver_creek_usgs_temp_3,60.65107,-151.09076,US/Alaska (UTC-9 / UTC-8),"west fork beaver creek, upstream of marathon road",Beaver Creek,STREAM,MAIN,TRUE,TRUE,TBD,FALSE
2022-10-06T14:30:00Z,8.27,beaver_creek_usgs_temp_3,60.65107,-151.09076,US/Alaska (UTC-9 / UTC-8),"west fork beaver creek, upstream of marathon road",Beaver Creek,STREAM,MAIN,TRUE,TRUE,TBD,FALSE
2022-10-06T14:45:00Z,8.319,beaver_creek_usgs_temp_3,60.65107,-151.09076,US/Alaska (UTC-9 / UTC-8),"west fork beaver creek, upstream of marathon road",Beaver Creek,STREAM,MAIN,TRUE,TRUE,TBD,FALSE
2022-10-06T15:00:00Z,8.394,beaver_creek_usgs_temp_3,60.65107,-151.09076,US/Alaska (UTC-9 / UTC-8),"west fork beaver creek, upstream of marathon road",Beaver Creek,STREAM,MAIN,TRUE,TRUE,TBD,FALSE
2022-10-06T15:15:00Z,8.444,beaver_creek_usgs_temp_3,60.65107,-151.09076,US/Alaska (UTC-9 / UTC-8),"west fork beaver creek, upstream of marathon road",Beaver Creek,STREAM,MAIN,TRUE,TRUE,TBD,FALSE
2022-10-06T15:30:00Z,8.519,beaver_creek_usgs_temp_3,60.65107,-151.09076,US/Alaska (UTC-9 / UTC-8),"west fork beaver creek, upstream of marathon road",Beaver Creek,STREAM,MAIN,TRUE,TRUE,TBD,FALSE
2022-10-06T15:45:00Z,8.643,beaver_creek_usgs_temp_3,60.65107,-151.09076,US/Alaska (UTC-9 / UTC-8),"west fork beaver creek, upstream of marathon road",Beaver Creek,STREAM,MAIN,TRUE,TRUE,TBD,FALSE
2022-10-06T16:00:00Z,8.742,beaver_creek_usgs_temp_3,60.65107,-151.09076,US/Alaska (UTC-9 / UTC-8),"west fork beaver creek, upstream of marathon road",Beaver Creek,STREAM,MAIN,TRUE,TRUE,TBD,FALSE
2022-10-06T16:15:00Z,8.817,beaver_creek_usgs_temp_3,60.65107,-151.09076,US/Alaska (UTC-9 / UTC-8),"west fork beaver creek, upstream of marathon road",Beaver Creek,STREAM,MAIN,TRUE,TRUE,TBD,FALSE
2022-10-06T16:30:00Z,8.817,beaver_creek_usgs_temp_3,60.65107,-151.09076,US/Alaska (UTC-9 / UTC-8),"west fork beaver creek, upstream of marathon road",Beaver Creek,STREAM,MAIN,TRUE,TRUE,TBD,FALSE
2022-10-06T16:45:00Z,8.866,beaver_creek_usgs_temp_3,60.65107,-151.09076,US/Alaska (UTC-9 / UTC-8),"west fork beaver creek, upstream of marathon road",Beaver Creek,STREAM,MAIN,TRUE,TRUE,TBD,FALSE
2022-10-06T17:00:00Z,8.965,beaver_creek_usgs_temp_3,60.65107,-151.09076,US/Alaska (UTC-9 / UTC-8),"west fork beaver creek, upstream of marathon road",Beaver Creek,STREAM,MAIN,TRUE,TRUE,TBD,FALSE
2022-10-06T17:15:00Z,9.015,beaver_creek_usgs_temp_3,60.65107,-151.09076,US/Alaska (UTC-9 / UTC-8),"west fork beaver creek, upstream of marathon road",Beaver Creek,STREAM,MAIN,TRUE,TRUE,TBD,FALSE
2022-10-06T17:30:00Z,9.064,beaver_creek_usgs_temp_3,60.65107,-151.09076,US/Alaska (UTC-9 / UTC-8),"west fork beaver creek, upstream of marathon road",Beaver Creek,STREAM,MAIN,TRUE,TRUE,TBD,FALSE
2022-10-06T17:45:00Z,9.139,beaver_creek_usgs_temp_3,60.65107,-151.09076,US/Alaska (UTC-9 / UTC-8),"west fork beaver creek, upstream of marathon road",Beaver Creek,STREAM,MAIN,TRUE,TRUE,TBD,FALSE
2022-10-06T18:00:00Z,9.139,beaver_creek_usgs_temp_3,60.65107,-151.09076,US/Alaska (UTC-9 / UTC-8),"west fork beaver creek, upstream of marathon road",Beaver Creek,STREAM,MAIN,TRUE,TRUE,TBD,FALSE
2022-10-06T18:15:00Z,9.188,beaver_creek_usgs_temp_3,60.65107,-151.09076,US/Alaska (UTC-9 / UTC-8),"west fork beaver creek, upstream of marathon road",Beaver Creek,STREAM,MAIN,TRUE,TRUE,TBD,FALSE
2022-10-06T18:30:00Z,9.238,beaver_creek_usgs_temp_3,60.65107,-151.09076,US/Alaska (UTC-9 / UTC-8),"west fork beaver creek, upstream of marathon road",Beaver Creek,STREAM,MAIN,TRUE,TRUE,TBD,FALSE
2022-10-06T18:45:00Z,9.238,beaver_creek_usgs_temp_3,60.65107,-151.09076,US/Alaska (UTC-9 / UTC-8),"west fork beaver creek, upstream of marathon road",Beaver Creek,STREAM,MAIN,TRUE,TRUE,TBD,FALSE
2022-10-06T19:00:00Z,9.213,beaver_creek_usgs_temp_3,60.65107,-151.09076,US/Alaska (UTC-9 / UTC-8),"west fork beaver creek, upstream of marathon road",Beaver Creek,STREAM,MAIN,TRUE,TRUE,TBD,FALSE
2022-10-06T19:15:00Z,9.188,beaver_creek_usgs_temp_3,60.65107,-151.09076,US/Alaska (UTC-9 / UTC-8),"west fork beaver creek, upstream of marathon road",Beaver Creek,STREAM,MAIN,TRUE,TRUE,TBD,FALSE
2022-10-06T19:30:00Z,9.139,beaver_creek_usgs_temp_3,60.65107,-151.09076,US/Alaska (UTC-9 / UTC-8),"west fork beaver creek, upstream of marathon road",Beaver Creek,STREAM,MAIN,TRUE,TRUE,TBD,FALSE
2022-10-06T19:45:00Z,9.064,beaver_creek_usgs_temp_3,60.65107,-151.09076,US/Alaska (UTC-9 / UTC-8),"west fork beaver creek, upstream of marathon road",Beaver Creek,STREAM,MAIN,TRUE,TRUE,TBD,FALSE
2022-10-06T20:00:00Z,9.015,beaver_creek_usgs_temp_3,60.65107,-151.09076,US/Alaska (UTC-9 / UTC-8),"west fork beaver creek, upstream of marathon road",Beaver Creek,STREAM,MAIN,TRUE,TRUE,TBD,FALSE
2022-10-06T20:15:00Z,8.941,beaver_creek_usgs_temp_3,60.65107,-151.09076,US/Alaska (UTC-9 / UTC-8),"west fork beaver creek, upstream of marathon road",Beaver Creek,STREAM,MAIN,TRUE,TRUE,TBD,FALSE
2022-10-06T20:30:00Z,8.891,beaver_creek_usgs_temp_3,60.65107,-151.09076,US/Alaska (UTC-9 / UTC-8),"west fork beaver creek, upstream of marathon road",Beaver Creek,STREAM,MAIN,TRUE,TRUE,TBD,FALSE
2022-10-06T20:45:00Z,8.841,beaver_creek_usgs_temp_3,60.65107,-151.09076,US/Alaska (UTC-9 / UTC-8),"west fork beaver creek, upstream of marathon road",Beaver Creek,STREAM,MAIN,TRUE,TRUE,TBD,FALSE
2022-10-06T21:00:00Z,8.792,beaver_creek_usgs_temp_3,60.65107,-151.09076,US/Alaska (UTC-9 / UTC-8),"west fork beaver creek, upstream of marathon road",Beaver Creek,STREAM,MAIN,TRUE,TRUE,TBD,FALSE
2022-10-06T21:15:00Z,8.742,beaver_creek_usgs_temp_3,60.65107,-151.09076,US/Alaska (UTC-9 / UTC-8),"west fork beaver creek, upstream of marathon road",Beaver Creek,STREAM,MAIN,TRUE,TRUE,TBD,FALSE
2022-10-06T21:30:00Z,8.693,beaver_creek_usgs_temp_3,60.65107,-151.09076,US/Alaska (UTC-9 / UTC-8),"west fork beaver creek, upstream of marathon road",Beaver Creek,STREAM,MAIN,TRUE,TRUE,TBD,FALSE
2022-10-06T21:45:00Z,8.693,beaver_creek_usgs_temp_3,60.65107,-151.09076,US/Alaska (UTC-9 / UTC-8),"west fork beaver creek, upstream of marathon road",Beaver Creek,STREAM,MAIN,TRUE,TRUE,TBD,FALSE
2022-10-06T22:00:00Z,8.643,beaver_creek_usgs_temp_3,60.65107,-151.09076,US/Alaska (UTC-9 / UTC-8),"west fork beaver creek, upstream of marathon road",Beaver Creek,STREAM,MAIN,TRUE,TRUE,TBD,FALSE
2022-10-06T22:15:00Z,8.618,beaver_creek_usgs_temp_3,60.65107,-151.09076,US/Alaska (UTC-9 / UTC-8),"west fork beaver creek, upstream of marathon road",Beaver Creek,STREAM,MAIN,TRUE,TRUE,TBD,FALSE
2022-10-06T22:30:00Z,8.568,beaver_creek_usgs_temp_3,60.65107,-151.09076,US/Alaska (UTC-9 / UTC-8),"west fork beaver creek, upstream of marathon road",Beaver Creek,STREAM,MAIN,TRUE,TRUE,TBD,FALSE
2022-10-06T22:45:00Z,8.543,beaver_creek_usgs_temp_3,60.65107,-151.09076,US/Alaska (UTC-9 / UTC-8),"west fork beaver creek, upstream of marathon road",Beaver Creek,STREAM,MAIN,TRUE,TRUE,TBD,FALSE
2022-10-06T23:00:00Z,8.494,beaver_creek_usgs_temp_3,60.65107,-151.09076,US/Alaska (UTC-9 / UTC-8),"west fork beaver creek, upstream of marathon road",Beaver Creek,STREAM,MAIN,TRUE,TRUE,TBD,FALSE
2022-10-06T23:15:00Z,8.444,beaver_creek_usgs_temp_3,60.65107,-151.09076,US/Alaska (UTC-9 / UTC-8),"west fork beaver creek, upstream of marathon road",Beaver Creek,STREAM,MAIN,TRUE,TRUE,TBD,FALSE
2022-10-06T23:30:00Z,8.419,beaver_creek_usgs_temp_3,60.65107,-151.09076,US/Alaska (UTC-9 / UTC-8),"west fork beaver creek, upstream of marathon road",Beaver Creek,STREAM,MAIN,TRUE,TRUE,TBD,FALSE
2022-10-06T23:45:00Z,8.394,beaver_creek_usgs_temp_3,60.65107,-151.09076,US/Alaska (UTC-9 / UTC-8),"west fork beaver creek, upstream of marathon road",Beaver Creek,STREAM,MAIN,TRUE,TRUE,TBD,FALSE
2022-10-07T00:00:00Z,8.344,beaver_creek_usgs_temp_3,60.65107,-151.09076,US/Alaska (UTC-9 / UTC-8),"west fork beaver creek, upstream of marathon road",Beaver Creek,STREAM,MAIN,TRUE,TRUE,TBD,FALSE
2022-10-07T00:15:00Z,8.344,beaver_creek_usgs_temp_3,60.65107,-151.09076,US/Alaska (UTC-9 / UTC-8),"west fork beaver creek, upstream of marathon road",Beaver Creek,STREAM,MAIN,TRUE,TRUE,TBD,FALSE
2022-10-07T00:30:00Z,8.319,beaver_creek_usgs_temp_3,60.65107,-151.09076,US/Alaska (UTC-9 / UTC-8),"west fork beaver creek, upstream of marathon road",Beaver Creek,STREAM,MAIN,TRUE,TRUE,TBD,FALSE
2022-10-07T00:45:00Z,8.295,beaver_creek_usgs_temp_3,60.65107,-151.09076,US/Alaska (UTC-9 / UTC-8),"west fork beaver creek, upstream of marathon road",Beaver Creek,STREAM,MAIN,TRUE,TRUE,TBD,FALSE
2022-10-07T01:00:00Z,8.295,beaver_creek_usgs_temp_3,60.65107,-151.09076,US/Alaska (UTC-9 / UTC-8),"west fork beaver creek, upstream of marathon road",Beaver Creek,STREAM,MAIN,TRUE,TRUE,TBD,FALSE
2022-10-07T01:15:00Z,8.27,beaver_creek_usgs_temp_3,60.65107,-151.09076,US/Alaska (UTC-9 / UTC-8),"west fork beaver creek, upstream of marathon road",Beaver Creek,STREAM,MAIN,TRUE,TRUE,TBD,FALSE
2022-10-07T01:30:00Z,8.27,beaver_creek_usgs_temp_3,60.65107,-151.09076,US/Alaska (UTC-9 / UTC-8),"west fork beaver creek, upstream of marathon road",Beaver Creek,STREAM,MAIN,TRUE,TRUE,TBD,FALSE
2022-10-07T01:45:00Z,8.245,beaver_creek_usgs_temp_3,60.65107,-151.09076,US/Alaska (UTC-9 / UTC-8),"west fork beaver creek, upstream of marathon road",Beaver Creek,STREAM,MAIN,TRUE,TRUE,TBD,FALSE
2022-10-07T02:00:00Z,8.245,beaver_creek_usgs_temp_3,60.65107,-151.09076,US/Alaska (UTC-9 / UTC-8),"west fork beaver creek, upstream of marathon road",Beaver Creek,STREAM,MAIN,TRUE,TRUE,TBD,FALSE
2022-10-07T02:15:00Z,8.245,beaver_creek_usgs_temp_3,60.65107,-151.09076,US/Alaska (UTC-9 / UTC-8),"west fork beaver creek, upstream of marathon road",Beaver Creek,STREAM,MAIN,TRUE,TRUE,TBD,FALSE
2022-10-07T02:30:00Z,8.245,beaver_creek_usgs_temp_3,60.65107,-151.09076,US/Alaska (UTC-9 / UTC-8),"west fork beaver creek, upstream of marathon road",Beaver Creek,STREAM,MAIN,TRUE,TRUE,TBD,FALSE
2022-10-07T02:45:00Z,8.22,beaver_creek_usgs_temp_3,60.65107,-151.09076,US/Alaska (UTC-9 / UTC-8),"west fork beaver creek, upstream of marathon road",Beaver Creek,STREAM,MAIN,TRUE,TRUE,TBD,FALSE
2022-10-07T03:00:00Z,8.22,beaver_creek_usgs_temp_3,60.65107,-151.09076,US/Alaska (UTC-9 / UTC-8),"west fork beaver creek, upstream of marathon road",Beaver Creek,STREAM,MAIN,TRUE,TRUE,TBD,FALSE
2022-10-07T03:15:00Z,8.22,beaver_creek_usgs_temp_3,60.65107,-151.09076,US/Alaska (UTC-9 / UTC-8),"west fork beaver creek, upstream of marathon road",Beaver Creek,STREAM,MAIN,TRUE,TRUE,TBD,FALSE
2022-10-07T03:30:00Z,8.195,beaver_creek_usgs_temp_3,60.65107,-151.09076,US/Alaska (UTC-9 / UTC-8),"west fork beaver creek, upstream of marathon road",Beaver Creek,STREAM,MAIN,TRUE,TRUE,TBD,FALSE
2022-10-07T03:45:00Z,8.195,beaver_creek_usgs_temp_3,60.65107,-151.09076,US/Alaska (UTC-9 / UTC-8),"west fork beaver creek, upstream of marathon road",Beaver Creek,STREAM,MAIN,TRUE,TRUE,TBD,FALSE
2022-10-07T04:00:00Z,8.195,beaver_creek_usgs_temp_3,60.65107,-151.09076,US/Alaska (UTC-9 / UTC-8),"west fork beaver creek, upstream of marathon road",Beaver Creek,STREAM,MAIN,TRUE,TRUE,TBD,FALSE
2022-10-07T04:15:00Z,8.195,beaver_creek_usgs_temp_3,60.65107,-151.09076,US/Alaska (UTC-9 / UTC-8),"west fork beaver creek, upstream of marathon road",Beaver Creek,STREAM,MAIN,TRUE,TRUE,TBD,FALSE
2022-10-07T04:30:00Z,8.17,beaver_creek_usgs_temp_3,60.65107,-151.09076,US/Alaska (UTC-9 / UTC-8),"west fork beaver creek, upstream of marathon road",Beaver Creek,STREAM,MAIN,TRUE,TRUE,TBD,FALSE
2022-10-07T04:45:00Z,8.17,beaver_creek_usgs_temp_3,60.65107,-151.09076,US/Alaska (UTC-9 / UTC-8),"west fork beaver creek, upstream of marathon road",Beaver Creek,STREAM,MAIN,TRUE,TRUE,TBD,FALSE
2022-10-07T05:00:00Z,8.17,beaver_creek_usgs_temp_3,60.65107,-151.09076,US/Alaska (UTC-9 / UTC-8),"west fork beaver creek, upstream of marathon road",Beaver Creek,STREAM,MAIN,TRUE,TRUE,TBD,FALSE
2022-10-07T05:15:00Z,8.17,beaver_creek_usgs_temp_3,60.65107,-151.09076,US/Alaska (UTC-9 / UTC-8),"west fork beaver creek, upstream of marathon road",Beaver Creek,STREAM,MAIN,TRUE,TRUE,TBD,FALSE
2022-10-07T05:30:00Z,8.145,beaver_creek_usgs_temp_3,60.65107,-151.09076,US/Alaska (UTC-9 / UTC-8),"west fork beaver creek, upstream of marathon road",Beaver Creek,STREAM,MAIN,TRUE,TRUE,TBD,FALSE
2022-10-07T05:45:00Z,8.145,beaver_creek_usgs_temp_3,60.65107,-151.09076,US/Alaska (UTC-9 / UTC-8),"west fork beaver creek, upstream of marathon road",Beaver Creek,STREAM,MAIN,TRUE,TRUE,TBD,FALSE
2022-10-07T06:00:00Z,8.145,beaver_creek_usgs_temp_3,60.65107,-151.09076,US/Alaska (UTC-9 / UTC-8),"west fork beaver creek, upstream of marathon road",Beaver Creek,STREAM,MAIN,TRUE,TRUE,TBD,FALSE
2022-10-07T06:15:00Z,8.12,beaver_creek_usgs_temp_3,60.65107,-151.09076,US/Alaska (UTC-9 / UTC-8),"west fork beaver creek, upstream of marathon road",Beaver Creek,STREAM,MAIN,TRUE,TRUE,TBD,FALSE
2022-10-07T06:30:00Z,8.12,beaver_creek_usgs_temp_3,60.65107,-151.09076,US/Alaska (UTC-9 / UTC-8),"west fork beaver creek, upstream of marathon road",Beaver Creek,STREAM,MAIN,TRUE,TRUE,TBD,FALSE
2022-10-07T06:45:00Z,8.095,beaver_creek_usgs_temp_3,60.65107,-151.09076,US/Alaska (UTC-9 / UTC-8),"west fork beaver creek, upstream of marathon road",Beaver Creek,STREAM,MAIN,TRUE,TRUE,TBD,FALSE
2022-10-07T07:00:00Z,8.095,beaver_creek_usgs_temp_3,60.65107,-151.09076,US/Alaska (UTC-9 / UTC-8),"west fork beaver creek, upstream of marathon road",Beaver Creek,STREAM,MAIN,TRUE,TRUE,TBD,FALSE
2022-10-07T07:15:00Z,8.07,beaver_creek_usgs_temp_3,60.65107,-151.09076,US/Alaska (UTC-9 / UTC-8),"west fork beaver creek, upstream of marathon road",Beaver Creek,STREAM,MAIN,TRUE,TRUE,TBD,FALSE
2022-10-07T07:30:00Z,8.07,beaver_creek_usgs_temp_3,60.65107,-151.09076,US/Alaska (UTC-9 / UTC-8),"west fork beaver creek, upstream of marathon road",Beaver Creek,STREAM,MAIN,TRUE,TRUE,TBD,FALSE
2022-10-07T07:45:00Z,8.045,beaver_creek_usgs_temp_3,60.65107,-151.09076,US/Alaska (UTC-9 / UTC-8),"west fork beaver creek, upstream of marathon road",Beaver Creek,STREAM,MAIN,TRUE,TRUE,TBD,FALSE
2022-10-07T08:00:00Z,8.045,beaver_creek_usgs_temp_3,60.65107,-151.09076,US/Alaska (UTC-9 / UTC-8),"west fork beaver creek, upstream of marathon road",Beaver Creek,STREAM,MAIN,TRUE,TRUE,TBD,FALSE
2022-10-07T08:15:00Z,8.045,beaver_creek_usgs_temp_3,60.65107,-151.09076,US/Alaska (UTC-9 / UTC-8),"west fork beaver creek, upstream of marathon road",Beaver Creek,STREAM,MAIN,TRUE,TRUE,TBD,FALSE
2022-10-07T08:30:00Z,8.02,beaver_creek_usgs_temp_3,60.65107,-151.09076,US/Alaska (UTC-9 / UTC-8),"west fork beaver creek, upstream of marathon road",Beaver Creek,STREAM,MAIN,TRUE,TRUE,TBD,FALSE
2022-10-07T08:45:00Z,7.995,beaver_creek_usgs_temp_3,60.65107,-151.09076,US/Alaska (UTC-9 / UTC-8),"west fork beaver creek, upstream of marathon road",Beaver Creek,STREAM,MAIN,TRUE,TRUE,TBD,FALSE
2022-10-07T09:00:00Z,7.995,beaver_creek_usgs_temp_3,60.65107,-151.09076,US/Alaska (UTC-9 / UTC-8),"west fork beaver creek, upstream of marathon road",Beaver Creek,STREAM,MAIN,TRUE,TRUE,TBD,FALSE
2022-10-07T09:15:00Z,7.995,beaver_creek_usgs_temp_3,60.65107,-151.09076,US/Alaska (UTC-9 / UTC-8),"west fork beaver creek, upstream of marathon road",Beaver Creek,STREAM,MAIN,TRUE,TRUE,TBD,FALSE
2022-10-07T09:30:00Z,7.97,beaver_creek_usgs_temp_3,60.65107,-151.09076,US/Alaska (UTC-9 / UTC-8),"west fork beaver creek, upstream of marathon road",Beaver Creek,STREAM,MAIN,TRUE,TRUE,TBD,FALSE
2022-10-07T09:45:00Z,7.97,beaver_creek_usgs_temp_3,60.65107,-151.09076,US/Alaska (UTC-9 / UTC-8),"west fork beaver creek, upstream of marathon road",Beaver Creek,STREAM,MAIN,TRUE,TRUE,TBD,FALSE
2022-10-07T10:00:00Z,7.97,beaver_creek_usgs_temp_3,60.65107,-151.09076,US/Alaska (UTC-9 / UTC-8),"west fork beaver creek, upstream of marathon road",Beaver Creek,STREAM,MAIN,TRUE,TRUE,TBD,FALSE
2022-10-07T10:15:00Z,7.995,beaver_creek_usgs_temp_3,60.65107,-151.09076,US/Alaska (UTC-9 / UTC-8),"west fork beaver creek, upstream of marathon road",Beaver Creek,STREAM,MAIN,TRUE,TRUE,TBD,FALSE
2022-10-07T10:30:00Z,7.995,beaver_creek_usgs_temp_3,60.65107,-151.09076,US/Alaska (UTC-9 / UTC-8),"west fork beaver creek, upstream of marathon road",Beaver Creek,STREAM,MAIN,TRUE,TRUE,TBD,FALSE
2022-10-07T10:45:00Z,7.995,beaver_creek_usgs_temp_3,60.65107,-151.09076,US/Alaska (UTC-9 / UTC-8),"west fork beaver creek, upstream of marathon road",Beaver Creek,STREAM,MAIN,TRUE,TRUE,TBD,FALSE
2022-10-07T11:00:00Z,8.02,beaver_creek_usgs_temp_3,60.65107,-151.09076,US/Alaska (UTC-9 / UTC-8),"west fork beaver creek, upstream of marathon road",Beaver Creek,STREAM,MAIN,TRUE,TRUE,TBD,FALSE
2022-10-07T11:15:00Z,8.045,beaver_creek_usgs_temp_3,60.65107,-151.09076,US/Alaska (UTC-9 / UTC-8),"west fork beaver creek, upstream of marathon road",Beaver Creek,STREAM,MAIN,TRUE,TRUE,TBD,FALSE
2022-10-07T11:30:00Z,8.07,beaver_creek_usgs_temp_3,60.65107,-151.09076,US/Alaska (UTC-9 / UTC-8),"west fork beaver creek, upstream of marathon road",Beaver Creek,STREAM,MAIN,TRUE,TRUE,TBD,FALSE
2022-10-07T11:45:00Z,8.095,beaver_creek_usgs_temp_3,60.65107,-151.09076,US/Alaska (UTC-9 / UTC-8),"west fork beaver creek, upstream of marathon road",Beaver Creek,STREAM,MAIN,TRUE,TRUE,TBD,FALSE
2022-10-07T12:00:00Z,8.095,beaver_creek_usgs_temp_3,60.65107,-151.09076,US/Alaska (UTC-9 / UTC-8),"west fork beaver creek, upstream of marathon road",Beaver Creek,STREAM,MAIN,TRUE,TRUE,TBD,FALSE
2022-10-07T12:15:00Z,8.12,beaver_creek_usgs_temp_3,60.65107,-151.09076,US/Alaska (UTC-9 / UTC-8),"west fork beaver creek, upstream of marathon road",Beaver Creek,STREAM,MAIN,TRUE,TRUE,TBD,FALSE
2022-10-07T12:30:00Z,8.145,beaver_creek_usgs_temp_3,60.65107,-151.09076,US/Alaska (UTC-9 / UTC-8),"west fork beaver creek, upstream of marathon road",Beaver Creek,STREAM,MAIN,TRUE,TRUE,TBD,FALSE
2022-10-07T12:45:00Z,8.195,beaver_creek_usgs_temp_3,60.65107,-151.09076,US/Alaska (UTC-9 / UTC-8),"west fork beaver creek, upstream of marathon road",Beaver Creek,STREAM,MAIN,TRUE,TRUE,TBD,FALSE
2022-10-07T13:00:00Z,8.245,beaver_creek_usgs_temp_3,60.65107,-151.09076,US/Alaska (UTC-9 / UTC-8),"west fork beaver creek, upstream of marathon road",Beaver Creek,STREAM,MAIN,TRUE,TRUE,TBD,FALSE
2022-10-07T13:15:00Z,8.319,beaver_creek_usgs_temp_3,60.65107,-151.09076,US/Alaska (UTC-9 / UTC-8),"west fork beaver creek, upstream of marathon road",Beaver Creek,STREAM,MAIN,TRUE,TRUE,TBD,FALSE
2022-10-07T13:30:00Z,8.344,beaver_creek_usgs_temp_3,60.65107,-151.09076,US/Alaska (UTC-9 / UTC-8),"west fork beaver creek, upstream of marathon road",Beaver Creek,STREAM,MAIN,TRUE,TRUE,TBD,FALSE
2022-10-07T13:45:00Z,8.394,beaver_creek_usgs_temp_3,60.65107,-151.09076,US/Alaska (UTC-9 / UTC-8),"west fork beaver creek, upstream of marathon road",Beaver Creek,STREAM,MAIN,TRUE,TRUE,TBD,FALSE
2022-10-07T14:00:00Z,8.444,beaver_creek_usgs_temp_3,60.65107,-151.09076,US/Alaska (UTC-9 / UTC-8),"west fork beaver creek, upstream of marathon road",Beaver Creek,STREAM,MAIN,TRUE,TRUE,TBD,FALSE
2022-10-07T14:15:00Z,8.469,beaver_creek_usgs_temp_3,60.65107,-151.09076,US/Alaska (UTC-9 / UTC-8),"west fork beaver creek, upstream of marathon road",Beaver Creek,STREAM,MAIN,TRUE,TRUE,TBD,FALSE
2022-10-07T14:30:00Z,8.494,beaver_creek_usgs_temp_3,60.65107,-151.09076,US/Alaska (UTC-9 / UTC-8),"west fork beaver creek, upstream of marathon road",Beaver Creek,STREAM,MAIN,TRUE,TRUE,TBD,FALSE
2022-10-07T14:45:00Z,8.519,beaver_creek_usgs_temp_3,60.65107,-151.09076,US/Alaska (UTC-9 / UTC-8),"west fork beaver creek, upstream of marathon road",Beaver Creek,STREAM,MAIN,TRUE,TRUE,TBD,FALSE
2022-10-07T15:00:00Z,8.543,beaver_creek_usgs_temp_3,60.65107,-151.09076,US/Alaska (UTC-9 / UTC-8),"west fork beaver creek, upstream of marathon road",Beaver Creek,STREAM,MAIN,TRUE,TRUE,TBD,FALSE
2022-10-07T15:15:00Z,8.568,beaver_creek_usgs_temp_3,60.65107,-151.09076,US/Alaska (UTC-9 / UTC-8),"west fork beaver creek, upstream of marathon road",Beaver Creek,STREAM,MAIN,TRUE,TRUE,TBD,FALSE
2022-10-07T15:30:00Z,8.618,beaver_creek_usgs_temp_3,60.65107,-151.09076,US/Alaska (UTC-9 / UTC-8),"west fork beaver creek, upstream of marathon road",Beaver Creek,STREAM,MAIN,TRUE,TRUE,TBD,FALSE
2022-10-07T15:45:00Z,8.643,beaver_creek_usgs_temp_3,60.65107,-151.09076,US/Alaska (UTC-9 / UTC-8),"west fork beaver creek, upstream of marathon road",Beaver Creek,STREAM,MAIN,TRUE,TRUE,TBD,FALSE
2022-10-07T16:00:00Z,8.668,beaver_creek_usgs_temp_3,60.65107,-151.09076,US/Alaska (UTC-9 / UTC-8),"west fork beaver creek, upstream of marathon road",Beaver Creek,STREAM,MAIN,TRUE,TRUE,TBD,FALSE
2022-10-07T16:15:00Z,8.693,beaver_creek_usgs_temp_3,60.65107,-151.09076,US/Alaska (UTC-9 / UTC-8),"west fork beaver creek, upstream of marathon road",Beaver Creek,STREAM,MAIN,TRUE,TRUE,TBD,FALSE
2022-10-07T16:30:00Z,8.717,beaver_creek_usgs_temp_3,60.65107,-151.09076,US/Alaska (UTC-9 / UTC-8),"west fork beaver creek, upstream of marathon road",Beaver Creek,STREAM,MAIN,TRUE,TRUE,TBD,FALSE
2022-10-07T16:45:00Z,8.742,beaver_creek_usgs_temp_3,60.65107,-151.09076,US/Alaska (UTC-9 / UTC-8),"west fork beaver creek, upstream of marathon road",Beaver Creek,STREAM,MAIN,TRUE,TRUE,TBD,FALSE
2022-10-07T17:00:00Z,8.742,beaver_creek_usgs_temp_3,60.65107,-151.09076,US/Alaska (UTC-9 / UTC-8),"west fork beaver creek, upstream of marathon road",Beaver Creek,STREAM,MAIN,TRUE,TRUE,TBD,FALSE
2022-10-07T17:15:00Z,8.767,beaver_creek_usgs_temp_3,60.65107,-151.09076,US/Alaska (UTC-9 / UTC-8),"west fork beaver creek, upstream of marathon road",Beaver Creek,STREAM,MAIN,TRUE,TRUE,TBD,FALSE
2022-10-07T17:30:00Z,8.767,beaver_creek_usgs_temp_3,60.65107,-151.09076,US/Alaska (UTC-9 / UTC-8),"west fork beaver creek, upstream of marathon road",Beaver Creek,STREAM,MAIN,TRUE,TRUE,TBD,FALSE
2022-10-07T17:45:00Z,8.792,beaver_creek_usgs_temp_3,60.65107,-151.09076,US/Alaska (UTC-9 / UTC-8),"west fork beaver creek, upstream of marathon road",Beaver Creek,STREAM,MAIN,TRUE,TRUE,TBD,FALSE
2022-10-07T18:00:00Z,8.792,beaver_creek_usgs_temp_3,60.65107,-151.09076,US/Alaska (UTC-9 / UTC-8),"west fork beaver creek, upstream of marathon road",Beaver Creek,STREAM,MAIN,TRUE,TRUE,TBD,FALSE
2022-10-07T18:15:00Z,8.792,beaver_creek_usgs_temp_3,60.65107,-151.09076,US/Alaska (UTC-9 / UTC-8),"west fork beaver creek, upstream of marathon road",Beaver Creek,STREAM,MAIN,TRUE,TRUE,TBD,FALSE
2022-10-07T18:30:00Z,8.792,beaver_creek_usgs_temp_3,60.65107,-151.09076,US/Alaska (UTC-9 / UTC-8),"west fork beaver creek, upstream of marathon road",Beaver Creek,STREAM,MAIN,TRUE,TRUE,TBD,FALSE
2022-10-07T18:45:00Z,8.817,beaver_creek_usgs_temp_3,60.65107,-151.09076,US/Alaska (UTC-9 / UTC-8),"west fork beaver creek, upstream of marathon road",Beaver Creek,STREAM,MAIN,TRUE,TRUE,TBD,FALSE
2022-10-07T19:00:00Z,8.817,beaver_creek_usgs_temp_3,60.65107,-151.09076,US/Alaska (UTC-9 / UTC-8),"west fork beaver creek, upstream of marathon road",Beaver Creek,STREAM,MAIN,TRUE,TRUE,TBD,FALSE
2022-10-07T19:15:00Z,8.817,beaver_creek_usgs_temp_3,60.65107,-151.09076,US/Alaska (UTC-9 / UTC-8),"west fork beaver creek, upstream of marathon road",Beaver Creek,STREAM,MAIN,TRUE,TRUE,TBD,FALSE
2022-10-07T19:30:00Z,8.817,beaver_creek_usgs_temp_3,60.65107,-151.09076,US/Alaska (UTC-9 / UTC-8),"west fork beaver creek, upstream of marathon road",Beaver Creek,STREAM,MAIN,TRUE,TRUE,TBD,FALSE
2022-10-07T19:45:00Z,8.817,beaver_creek_usgs_temp_3,60.65107,-151.09076,US/Alaska (UTC-9 / UTC-8),"west fork beaver creek, upstream of marathon road",Beaver Creek,STREAM,MAIN,TRUE,TRUE,TBD,FALSE
2022-10-07T20:00:00Z,8.792,beaver_creek_usgs_temp_3,60.65107,-151.09076,US/Alaska (UTC-9 / UTC-8),"west fork beaver creek, upstream of marathon road",Beaver Creek,STREAM,MAIN,TRUE,TRUE,TBD,FALSE
2022-10-07T20:15:00Z,8.792,beaver_creek_usgs_temp_3,60.65107,-151.09076,US/Alaska (UTC-9 / UTC-8),"west fork beaver creek, upstream of marathon road",Beaver Creek,STREAM,MAIN,TRUE,TRUE,TBD,FALSE
2022-10-07T20:30:00Z,8.792,beaver_creek_usgs_temp_3,60.65107,-151.09076,US/Alaska (UTC-9 / UTC-8),"west fork beaver creek, upstream of marathon road",Beaver Creek,STREAM,MAIN,TRUE,TRUE,TBD,FALSE
2022-10-07T20:45:00Z,8.792,beaver_creek_usgs_temp_3,60.65107,-151.09076,US/Alaska (UTC-9 / UTC-8),"west fork beaver creek, upstream of marathon road",Beaver Creek,STREAM,MAIN,TRUE,TRUE,TBD,FALSE
2022-10-07T21:00:00Z,8.792,beaver_creek_usgs_temp_3,60.65107,-151.09076,US/Alaska (UTC-9 / UTC-8),"west fork beaver creek, upstream of marathon road",Beaver Creek,STREAM,MAIN,TRUE,TRUE,TBD,FALSE
2022-10-07T21:15:00Z,8.767,beaver_creek_usgs_temp_3,60.65107,-151.09076,US/Alaska (UTC-9 / UTC-8),"west fork beaver creek, upstream of marathon road",Beaver Creek,STREAM,MAIN,TRUE,TRUE,TBD,FALSE
2022-10-07T21:30:00Z,8.767,beaver_creek_usgs_temp_3,60.65107,-151.09076,US/Alaska (UTC-9 / UTC-8),"west fork beaver creek, upstream of marathon road",Beaver Creek,STREAM,MAIN,TRUE,TRUE,TBD,FALSE
2022-10-07T21:45:00Z,8.767,beaver_creek_usgs_temp_3,60.65107,-151.09076,US/Alaska (UTC-9 / UTC-8),"west fork beaver creek, upstream of marathon road",Beaver Creek,STREAM,MAIN,TRUE,TRUE,TBD,FALSE
2022-10-07T22:00:00Z,8.767,beaver_creek_usgs_temp_3,60.65107,-151.09076,US/Alaska (UTC-9 / UTC-8),"west fork beaver creek, upstream of marathon road",Beaver Creek,STREAM,MAIN,TRUE,TRUE,TBD,FALSE
2022-10-07T22:15:00Z,8.767,beaver_creek_usgs_temp_3,60.65107,-151.09076,US/Alaska (UTC-9 / UTC-8),"west fork beaver creek, upstream of marathon road",Beaver Creek,STREAM,MAIN,TRUE,TRUE,TBD,FALSE
2022-10-07T22:30:00Z,8.767,beaver_creek_usgs_temp_3,60.65107,-151.09076,US/Alaska (UTC-9 / UTC-8),"west fork beaver creek, upstream of marathon road",Beaver Creek,STREAM,MAIN,TRUE,TRUE,TBD,FALSE
2022-10-07T22:45:00Z,8.767,beaver_creek_usgs_temp_3,60.65107,-151.09076,US/Alaska (UTC-9 / UTC-8),"west fork beaver creek, upstream of marathon road",Beaver Creek,STREAM,MAIN,TRUE,TRUE,TBD,FALSE
2022-10-07T23:00:00Z,8.742,beaver_creek_usgs_temp_3,60.65107,-151.09076,US/Alaska (UTC-9 / UTC-8),"west fork beaver creek, upstream of marathon road",Beaver Creek,STREAM,MAIN,TRUE,TRUE,TBD,FALSE
2022-10-07T23:15:00Z,8.742,beaver_creek_usgs_temp_3,60.65107,-151.09076,US/Alaska (UTC-9 / UTC-8),"west fork beaver creek, upstream of marathon road",Beaver Creek,STREAM,MAIN,TRUE,TRUE,TBD,FALSE
2022-10-07T23:30:00Z,8.717,beaver_creek_usgs_temp_3,60.65107,-151.09076,US/Alaska (UTC-9 / UTC-8),"west fork beaver creek, upstream of marathon road",Beaver Creek,STREAM,MAIN,TRUE,TRUE,TBD,FALSE
2022-10-07T23:45:00Z,8.717,beaver_creek_usgs_temp_3,60.65107,-151.09076,US/Alaska (UTC-9 / UTC-8),"west fork beaver creek, upstream of marathon road",Beaver Creek,STREAM,MAIN,TRUE,TRUE,TBD,FALSE
2022-10-08T00:00:00Z,8.693,beaver_creek_usgs_temp_3,60.65107,-151.09076,US/Alaska (UTC-9 / UTC-8),"west fork beaver creek, upstream of marathon road",Beaver Creek,STREAM,MAIN,TRUE,TRUE,TBD,FALSE
2022-10-08T00:15:00Z,8.693,beaver_creek_usgs_temp_3,60.65107,-151.09076,US/Alaska (UTC-9 / UTC-8),"west fork beaver creek, upstream of marathon road",Beaver Creek,STREAM,MAIN,TRUE,TRUE,TBD,FALSE
2022-10-08T00:30:00Z,8.693,beaver_creek_usgs_temp_3,60.65107,-151.09076,US/Alaska (UTC-9 / UTC-8),"west fork beaver creek, upstream of marathon road",Beaver Creek,STREAM,MAIN,TRUE,TRUE,TBD,FALSE
2022-10-08T00:45:00Z,8.693,beaver_creek_usgs_temp_3,60.65107,-151.09076,US/Alaska (UTC-9 / UTC-8),"west fork beaver creek, upstream of marathon road",Beaver Creek,STREAM,MAIN,TRUE,TRUE,TBD,FALSE
2022-10-08T01:00:00Z,8.693,beaver_creek_usgs_temp_3,60.65107,-151.09076,US/Alaska (UTC-9 / UTC-8),"west fork beaver creek, upstream of marathon road",Beaver Creek,STREAM,MAIN,TRUE,TRUE,TBD,FALSE
2022-10-08T01:15:00Z,8.693,beaver_creek_usgs_temp_3,60.65107,-151.09076,US/Alaska (UTC-9 / UTC-8),"west fork beaver creek, upstream of marathon road",Beaver Creek,STREAM,MAIN,TRUE,TRUE,TBD,FALSE
2022-10-08T01:30:00Z,8.693,beaver_creek_usgs_temp_3,60.65107,-151.09076,US/Alaska (UTC-9 / UTC-8),"west fork beaver creek, upstream of marathon road",Beaver Creek,STREAM,MAIN,TRUE,TRUE,TBD,FALSE
2022-10-08T01:45:00Z,8.693,beaver_creek_usgs_temp_3,60.65107,-151.09076,US/Alaska (UTC-9 / UTC-8),"west fork beaver creek, upstream of marathon road",Beaver Creek,STREAM,MAIN,TRUE,TRUE,TBD,FALSE
2022-10-08T02:00:00Z,8.668,beaver_creek_usgs_temp_3,60.65107,-151.09076,US/Alaska (UTC-9 / UTC-8),"west fork beaver creek, upstream of marathon road",Beaver Creek,STREAM,MAIN,TRUE,TRUE,TBD,FALSE
2022-10-08T02:15:00Z,8.668,beaver_creek_usgs_temp_3,60.65107,-151.09076,US/Alaska (UTC-9 / UTC-8),"west fork beaver creek, upstream of marathon road",Beaver Creek,STREAM,MAIN,TRUE,TRUE,TBD,FALSE
2022-10-08T02:30:00Z,8.668,beaver_creek_usgs_temp_3,60.65107,-151.09076,US/Alaska (UTC-9 / UTC-8),"west fork beaver creek, upstream of marathon road",Beaver Creek,STREAM,MAIN,TRUE,TRUE,TBD,FALSE
2022-10-08T02:45:00Z,8.668,beaver_creek_usgs_temp_3,60.65107,-151.09076,US/Alaska (UTC-9 / UTC-8),"west fork beaver creek, upstream of marathon road",Beaver Creek,STREAM,MAIN,TRUE,TRUE,TBD,FALSE
2022-10-08T03:00:00Z,8.668,beaver_creek_usgs_temp_3,60.65107,-151.09076,US/Alaska (UTC-9 / UTC-8),"west fork beaver creek, upstream of marathon road",Beaver Creek,STREAM,MAIN,TRUE,TRUE,TBD,FALSE
2022-10-08T03:15:00Z,8.668,beaver_creek_usgs_temp_3,60.65107,-151.09076,US/Alaska (UTC-9 / UTC-8),"west fork beaver creek, upstream of marathon road",Beaver Creek,STREAM,MAIN,TRUE,TRUE,TBD,FALSE
2022-10-08T03:30:00Z,8.668,beaver_creek_usgs_temp_3,60.65107,-151.09076,US/Alaska (UTC-9 / UTC-8),"west fork beaver creek, upstream of marathon road",Beaver Creek,STREAM,MAIN,TRUE,TRUE,TBD,FALSE
2022-10-08T03:45:00Z,8.668,beaver_creek_usgs_temp_3,60.65107,-151.09076,US/Alaska (UTC-9 / UTC-8),"west fork beaver creek, upstream of marathon road",Beaver Creek,STREAM,MAIN,TRUE,TRUE,TBD,FALSE
2022-10-08T04:00:00Z,8.643,beaver_creek_usgs_temp_3,60.65107,-151.09076,US/Alaska (UTC-9 / UTC-8),"west fork beaver creek, upstream of marathon road",Beaver Creek,STREAM,MAIN,TRUE,TRUE,TBD,FALSE
2022-10-08T04:15:00Z,8.643,beaver_creek_usgs_temp_3,60.65107,-151.09076,US/Alaska (UTC-9 / UTC-8),"west fork beaver creek, upstream of marathon road",Beaver Creek,STREAM,MAIN,TRUE,TRUE,TBD,FALSE
2022-10-08T04:30:00Z,8.643,beaver_creek_usgs_temp_3,60.65107,-151.09076,US/Alaska (UTC-9 / UTC-8),"west fork beaver creek, upstream of marathon road",Beaver Creek,STREAM,MAIN,TRUE,TRUE,TBD,FALSE
2022-10-08T04:45:00Z,8.618,beaver_creek_usgs_temp_3,60.65107,-151.09076,US/Alaska (UTC-9 / UTC-8),"west fork beaver creek, upstream of marathon road",Beaver Creek,STREAM,MAIN,TRUE,TRUE,TBD,FALSE
2022-10-08T05:00:00Z,8.618,beaver_creek_usgs_temp_3,60.65107,-151.09076,US/Alaska (UTC-9 / UTC-8),"west fork beaver creek, upstream of marathon road",Beaver Creek,STREAM,MAIN,TRUE,TRUE,TBD,FALSE
2022-10-08T05:15:00Z,8.593,beaver_creek_usgs_temp_3,60.65107,-151.09076,US/Alaska (UTC-9 / UTC-8),"west fork beaver creek, upstream of marathon road",Beaver Creek,STREAM,MAIN,TRUE,TRUE,TBD,FALSE
2022-10-08T05:30:00Z,8.593,beaver_creek_usgs_temp_3,60.65107,-151.09076,US/Alaska (UTC-9 / UTC-8),"west fork beaver creek, upstream of marathon road",Beaver Creek,STREAM,MAIN,TRUE,TRUE,TBD,FALSE
2022-10-08T05:45:00Z,8.593,beaver_creek_usgs_temp_3,60.65107,-151.09076,US/Alaska (UTC-9 / UTC-8),"west fork beaver creek, upstream of marathon road",Beaver Creek,STREAM,MAIN,TRUE,TRUE,TBD,FALSE
2022-10-08T06:00:00Z,8.593,beaver_creek_usgs_temp_3,60.65107,-151.09076,US/Alaska (UTC-9 / UTC-8),"west fork beaver creek, upstream of marathon road",Beaver Creek,STREAM,MAIN,TRUE,TRUE,TBD,FALSE
2022-10-08T06:15:00Z,8.593,beaver_creek_usgs_temp_3,60.65107,-151.09076,US/Alaska (UTC-9 / UTC-8),"west fork beaver creek, upstream of marathon road",Beaver Creek,STREAM,MAIN,TRUE,TRUE,TBD,FALSE
2022-10-08T06:30:00Z,8.593,beaver_creek_usgs_temp_3,60.65107,-151.09076,US/Alaska (UTC-9 / UTC-8),"west fork beaver creek, upstream of marathon road",Beaver Creek,STREAM,MAIN,TRUE,TRUE,TBD,FALSE
2022-10-08T06:45:00Z,8.568,beaver_creek_usgs_temp_3,60.65107,-151.09076,US/Alaska (UTC-9 / UTC-8),"west fork beaver creek, upstream of marathon road",Beaver Creek,STREAM,MAIN,TRUE,TRUE,TBD,FALSE
2022-10-08T07:00:00Z,8.568,beaver_creek_usgs_temp_3,60.65107,-151.09076,US/Alaska (UTC-9 / UTC-8),"west fork beaver creek, upstream of marathon road",Beaver Creek,STREAM,MAIN,TRUE,TRUE,TBD,FALSE
2022-10-08T07:15:00Z,8.568,beaver_creek_usgs_temp_3,60.65107,-151.09076,US/Alaska (UTC-9 / UTC-8),"west fork beaver creek, upstream of marathon road",Beaver Creek,STREAM,MAIN,TRUE,TRUE,TBD,FALSE
2022-10-08T07:30:00Z,8.543,beaver_creek_usgs_temp_3,60.65107,-151.09076,US/Alaska (UTC-9 / UTC-8),"west fork beaver creek, upstream of marathon road",Beaver Creek,STREAM,MAIN,TRUE,TRUE,TBD,FALSE
2022-10-08T07:45:00Z,8.543,beaver_creek_usgs_temp_3,60.65107,-151.09076,US/Alaska (UTC-9 / UTC-8),"west fork beaver creek, upstream of marathon road",Beaver Creek,STREAM,MAIN,TRUE,TRUE,TBD,FALSE
2022-10-08T08:00:00Z,8.543,beaver_creek_usgs_temp_3,60.65107,-151.09076,US/Alaska (UTC-9 / UTC-8),"west fork beaver creek, upstream of marathon road",Beaver Creek,STREAM,MAIN,TRUE,TRUE,TBD,FALSE
2022-10-08T08:15:00Z,8.543,beaver_creek_usgs_temp_3,60.65107,-151.09076,US/Alaska (UTC-9 / UTC-8),"west fork beaver creek, upstream of marathon road",Beaver Creek,STREAM,MAIN,TRUE,TRUE,TBD,FALSE
2022-10-08T08:30:00Z,8.543,beaver_creek_usgs_temp_3,60.65107,-151.09076,US/Alaska (UTC-9 / UTC-8),"west fork beaver creek, upstream of marathon road",Beaver Creek,STREAM,MAIN,TRUE,TRUE,TBD,FALSE
2022-10-08T08:45:00Z,8.519,beaver_creek_usgs_temp_3,60.65107,-151.09076,US/Alaska (UTC-9 / UTC-8),"west fork beaver creek, upstream of marathon road",Beaver Creek,STREAM,MAIN,TRUE,TRUE,TBD,FALSE
2022-10-08T09:00:00Z,8.519,beaver_creek_usgs_temp_3,60.65107,-151.09076,US/Alaska (UTC-9 / UTC-8),"west fork beaver creek, upstream of marathon road",Beaver Creek,STREAM,MAIN,TRUE,TRUE,TBD,FALSE
2022-10-08T09:15:00Z,8.519,beaver_creek_usgs_temp_3,60.65107,-151.09076,US/Alaska (UTC-9 / UTC-8),"west fork beaver creek, upstream of marathon road",Beaver Creek,STREAM,MAIN,TRUE,TRUE,TBD,FALSE
2022-10-08T09:30:00Z,8.494,beaver_creek_usgs_temp_3,60.65107,-151.09076,US/Alaska (UTC-9 / UTC-8),"west fork beaver creek, upstream of marathon road",Beaver Creek,STREAM,MAIN,TRUE,TRUE,TBD,FALSE
2022-10-08T09:45:00Z,8.494,beaver_creek_usgs_temp_3,60.65107,-151.09076,US/Alaska (UTC-9 / UTC-8),"west fork beaver creek, upstream of marathon road",Beaver Creek,STREAM,MAIN,TRUE,TRUE,TBD,FALSE
2022-10-08T10:00:00Z,8.494,beaver_creek_usgs_temp_3,60.65107,-151.09076,US/Alaska (UTC-9 / UTC-8),"west fork beaver creek, upstream of marathon road",Beaver Creek,STREAM,MAIN,TRUE,TRUE,TBD,FALSE
2022-10-08T10:15:00Z,8.494,beaver_creek_usgs_temp_3,60.65107,-151.09076,US/Alaska (UTC-9 / UTC-8),"west fork beaver creek, upstream of marathon road",Beaver Creek,STREAM,MAIN,TRUE,TRUE,TBD,FALSE
2022-10-08T10:30:00Z,8.494,beaver_creek_usgs_temp_3,60.65107,-151.09076,US/Alaska (UTC-9 / UTC-8),"west fork beaver creek, upstream of marathon road",Beaver Creek,STREAM,MAIN,TRUE,TRUE,TBD,FALSE
2022-10-08T10:45:00Z,8.494,beaver_creek_usgs_temp_3,60.65107,-151.09076,US/Alaska (UTC-9 / UTC-8),"west fork beaver creek, upstream of marathon road",Beaver Creek,STREAM,MAIN,TRUE,TRUE,TBD,FALSE
2022-10-08T11:00:00Z,8.494,beaver_creek_usgs_temp_3,60.65107,-151.09076,US/Alaska (UTC-9 / UTC-8),"west fork beaver creek, upstream of marathon road",Beaver Creek,STREAM,MAIN,TRUE,TRUE,TBD,FALSE
2022-10-08T11:15:00Z,8.519,beaver_creek_usgs_temp_3,60.65107,-151.09076,US/Alaska (UTC-9 / UTC-8),"west fork beaver creek, upstream of marathon road",Beaver Creek,STREAM,MAIN,TRUE,TRUE,TBD,FALSE
2022-10-08T11:30:00Z,8.519,beaver_creek_usgs_temp_3,60.65107,-151.09076,US/Alaska (UTC-9 / UTC-8),"west fork beaver creek, upstream of marathon road",Beaver Creek,STREAM,MAIN,TRUE,TRUE,TBD,FALSE
2022-10-08T11:45:00Z,8.543,beaver_creek_usgs_temp_3,60.65107,-151.09076,US/Alaska (UTC-9 / UTC-8),"west fork beaver creek, upstream of marathon road",Beaver Creek,STREAM,MAIN,TRUE,TRUE,TBD,FALSE
2022-10-08T12:00:00Z,8.543,beaver_creek_usgs_temp_3,60.65107,-151.09076,US/Alaska (UTC-9 / UTC-8),"west fork beaver creek, upstream of marathon road",Beaver Creek,STREAM,MAIN,TRUE,TRUE,TBD,FALSE
2022-10-08T12:15:00Z,8.543,beaver_creek_usgs_temp_3,60.65107,-151.09076,US/Alaska (UTC-9 / UTC-8),"west fork beaver creek, upstream of marathon road",Beaver Creek,STREAM,MAIN,TRUE,TRUE,TBD,FALSE
2022-10-08T12:30:00Z,8.543,beaver_creek_usgs_temp_3,60.65107,-151.09076,US/Alaska (UTC-9 / UTC-8),"west fork beaver creek, upstream of marathon road",Beaver Creek,STREAM,MAIN,TRUE,TRUE,TBD,FALSE
2022-10-08T12:45:00Z,8.568,beaver_creek_usgs_temp_3,60.65107,-151.09076,US/Alaska (UTC-9 / UTC-8),"west fork beaver creek, upstream of marathon road",Beaver Creek,STREAM,MAIN,TRUE,TRUE,TBD,FALSE
2022-10-08T13:00:00Z,8.593,beaver_creek_usgs_temp_3,60.65107,-151.09076,US/Alaska (UTC-9 / UTC-8),"west fork beaver creek, upstream of marathon road",Beaver Creek,STREAM,MAIN,TRUE,TRUE,TBD,FALSE
2022-10-08T13:15:00Z,8.593,beaver_creek_usgs_temp_3,60.65107,-151.09076,US/Alaska (UTC-9 / UTC-8),"west fork beaver creek, upstream of marathon road",Beaver Creek,STREAM,MAIN,TRUE,TRUE,TBD,FALSE
2022-10-08T13:30:00Z,8.618,beaver_creek_usgs_temp_3,60.65107,-151.09076,US/Alaska (UTC-9 / UTC-8),"west fork beaver creek, upstream of marathon road",Beaver Creek,STREAM,MAIN,TRUE,TRUE,TBD,FALSE
2022-10-08T13:45:00Z,8.618,beaver_creek_usgs_temp_3,60.65107,-151.09076,US/Alaska (UTC-9 / UTC-8),"west fork beaver creek, upstream of marathon road",Beaver Creek,STREAM,MAIN,TRUE,TRUE,TBD,FALSE
2022-10-08T14:00:00Z,8.643,beaver_creek_usgs_temp_3,60.65107,-151.09076,US/Alaska (UTC-9 / UTC-8),"west fork beaver creek, upstream of marathon road",Beaver Creek,STREAM,MAIN,TRUE,TRUE,TBD,FALSE
2022-10-08T14:15:00Z,8.668,beaver_creek_usgs_temp_3,60.65107,-151.09076,US/Alaska (UTC-9 / UTC-8),"west fork beaver creek, upstream of marathon road",Beaver Creek,STREAM,MAIN,TRUE,TRUE,TBD,FALSE
2022-10-08T14:30:00Z,8.668,beaver_creek_usgs_temp_3,60.65107,-151.09076,US/Alaska (UTC-9 / UTC-8),"west fork beaver creek, upstream of marathon road",Beaver Creek,STREAM,MAIN,TRUE,TRUE,TBD,FALSE
2022-10-08T14:45:00Z,8.693,beaver_creek_usgs_temp_3,60.65107,-151.09076,US/Alaska (UTC-9 / UTC-8),"west fork beaver creek, upstream of marathon road",Beaver Creek,STREAM,MAIN,TRUE,TRUE,TBD,FALSE
2022-10-08T15:00:00Z,8.717,beaver_creek_usgs_temp_3,60.65107,-151.09076,US/Alaska (UTC-9 / UTC-8),"west fork beaver creek, upstream of marathon road",Beaver Creek,STREAM,MAIN,TRUE,TRUE,TBD,FALSE
2022-10-08T15:15:00Z,8.742,beaver_creek_usgs_temp_3,60.65107,-151.09076,US/Alaska (UTC-9 / UTC-8),"west fork beaver creek, upstream of marathon road",Beaver Creek,STREAM,MAIN,TRUE,TRUE,TBD,FALSE
2022-10-08T15:30:00Z,8.742,beaver_creek_usgs_temp_3,60.65107,-151.09076,US/Alaska (UTC-9 / UTC-8),"west fork beaver creek, upstream of marathon road",Beaver Creek,STREAM,MAIN,TRUE,TRUE,TBD,FALSE
2022-10-08T15:45:00Z,8.767,beaver_creek_usgs_temp_3,60.65107,-151.09076,US/Alaska (UTC-9 / UTC-8),"west fork beaver creek, upstream of marathon road",Beaver Creek,STREAM,MAIN,TRUE,TRUE,TBD,FALSE
2022-10-08T16:00:00Z,8.767,beaver_creek_usgs_temp_3,60.65107,-151.09076,US/Alaska (UTC-9 / UTC-8),"west fork beaver creek, upstream of marathon road",Beaver Creek,STREAM,MAIN,TRUE,TRUE,TBD,FALSE
2022-10-08T16:15:00Z,8.792,beaver_creek_usgs_temp_3,60.65107,-151.09076,US/Alaska (UTC-9 / UTC-8),"west fork beaver creek, upstream of marathon road",Beaver Creek,STREAM,MAIN,TRUE,TRUE,TBD,FALSE
2022-10-08T16:30:00Z,8.792,beaver_creek_usgs_temp_3,60.65107,-151.09076,US/Alaska (UTC-9 / UTC-8),"west fork beaver creek, upstream of marathon road",Beaver Creek,STREAM,MAIN,TRUE,TRUE,TBD,FALSE
2022-10-08T16:45:00Z,8.792,beaver_creek_usgs_temp_3,60.65107,-151.09076,US/Alaska (UTC-9 / UTC-8),"west fork beaver creek, upstream of marathon road",Beaver Creek,STREAM,MAIN,TRUE,TRUE,TBD,FALSE
2022-10-08T17:00:00Z,8.817,beaver_creek_usgs_temp_3,60.65107,-151.09076,US/Alaska (UTC-9 / UTC-8),"west fork beaver creek, upstream of marathon road",Beaver Creek,STREAM,MAIN,TRUE,TRUE,TBD,FALSE
2022-10-08T17:15:00Z,8.817,beaver_creek_usgs_temp_3,60.65107,-151.09076,US/Alaska (UTC-9 / UTC-8),"west fork beaver creek, upstream of marathon road",Beaver Creek,STREAM,MAIN,TRUE,TRUE,TBD,FALSE
2022-10-08T17:30:00Z,8.817,beaver_creek_usgs_temp_3,60.65107,-151.09076,US/Alaska (UTC-9 / UTC-8),"west fork beaver creek, upstream of marathon road",Beaver Creek,STREAM,MAIN,TRUE,TRUE,TBD,FALSE
2022-10-08T17:45:00Z,8.817,beaver_creek_usgs_temp_3,60.65107,-151.09076,US/Alaska (UTC-9 / UTC-8),"west fork beaver creek, upstream of marathon road",Beaver Creek,STREAM,MAIN,TRUE,TRUE,TBD,FALSE
2022-10-08T18:00:00Z,8.817,beaver_creek_usgs_temp_3,60.65107,-151.09076,US/Alaska (UTC-9 / UTC-8),"west fork beaver creek, upstream of marathon road",Beaver Creek,STREAM,MAIN,TRUE,TRUE,TBD,FALSE
2022-10-08T18:15:00Z,8.817,beaver_creek_usgs_temp_3,60.65107,-151.09076,US/Alaska (UTC-9 / UTC-8),"west fork beaver creek, upstream of marathon road",Beaver Creek,STREAM,MAIN,TRUE,TRUE,TBD,FALSE
2022-10-08T18:30:00Z,8.792,beaver_creek_usgs_temp_3,60.65107,-151.09076,US/Alaska (UTC-9 / UTC-8),"west fork beaver creek, upstream of marathon road",Beaver Creek,STREAM,MAIN,TRUE,TRUE,TBD,FALSE
2022-10-08T18:45:00Z,8.792,beaver_creek_usgs_temp_3,60.65107,-151.09076,US/Alaska (UTC-9 / UTC-8),"west fork beaver creek, upstream of marathon road",Beaver Creek,STREAM,MAIN,TRUE,TRUE,TBD,FALSE
2022-10-08T19:00:00Z,8.792,beaver_creek_usgs_temp_3,60.65107,-151.09076,US/Alaska (UTC-9 / UTC-8),"west fork beaver creek, upstream of marathon road",Beaver Creek,STREAM,MAIN,TRUE,TRUE,TBD,FALSE
2022-10-08T19:15:00Z,8.792,beaver_creek_usgs_temp_3,60.65107,-151.09076,US/Alaska (UTC-9 / UTC-8),"west fork beaver creek, upstream of marathon road",Beaver Creek,STREAM,MAIN,TRUE,TRUE,TBD,FALSE
2022-10-08T19:30:00Z,8.792,beaver_creek_usgs_temp_3,60.65107,-151.09076,US/Alaska (UTC-9 / UTC-8),"west fork beaver creek, upstream of marathon road",Beaver Creek,STREAM,MAIN,TRUE,TRUE,TBD,FALSE
2022-10-08T19:45:00Z,8.767,beaver_creek_usgs_temp_3,60.65107,-151.09076,US/Alaska (UTC-9 / UTC-8),"west fork beaver creek, upstream of marathon road",Beaver Creek,STREAM,MAIN,TRUE,TRUE,TBD,FALSE
2022-10-08T20:00:00Z,8.767,beaver_creek_usgs_temp_3,60.65107,-151.09076,US/Alaska (UTC-9 / UTC-8),"west fork beaver creek, upstream of marathon road",Beaver Creek,STREAM,MAIN,TRUE,TRUE,TBD,FALSE
2022-10-08T20:15:00Z,8.742,beaver_creek_usgs_temp_3,60.65107,-151.09076,US/Alaska (UTC-9 / UTC-8),"west fork beaver creek, upstream of marathon road",Beaver Creek,STREAM,MAIN,TRUE,TRUE,TBD,FALSE
2022-10-08T20:30:00Z,8.742,beaver_creek_usgs_temp_3,60.65107,-151.09076,US/Alaska (UTC-9 / UTC-8),"west fork beaver creek, upstream of marathon road",Beaver Creek,STREAM,MAIN,TRUE,TRUE,TBD,FALSE
2022-10-08T20:45:00Z,8.742,beaver_creek_usgs_temp_3,60.65107,-151.09076,US/Alaska (UTC-9 / UTC-8),"west fork beaver creek, upstream of marathon road",Beaver Creek,STREAM,MAIN,TRUE,TRUE,TBD,FALSE
2022-10-08T21:00:00Z,8.717,beaver_creek_usgs_temp_3,60.65107,-151.09076,US/Alaska (UTC-9 / UTC-8),"west fork beaver creek, upstream of marathon road",Beaver Creek,STREAM,MAIN,TRUE,TRUE,TBD,FALSE
2022-10-08T21:15:00Z,8.717,beaver_creek_usgs_temp_3,60.65107,-151.09076,US/Alaska (UTC-9 / UTC-8),"west fork beaver creek, upstream of marathon road",Beaver Creek,STREAM,MAIN,TRUE,TRUE,TBD,FALSE
2022-10-08T21:30:00Z,8.693,beaver_creek_usgs_temp_3,60.65107,-151.09076,US/Alaska (UTC-9 / UTC-8),"west fork beaver creek, upstream of marathon road",Beaver Creek,STREAM,MAIN,TRUE,TRUE,TBD,FALSE
2022-10-08T21:45:00Z,8.693,beaver_creek_usgs_temp_3,60.65107,-151.09076,US/Alaska (UTC-9 / UTC-8),"west fork beaver creek, upstream of marathon road",Beaver Creek,STREAM,MAIN,TRUE,TRUE,TBD,FALSE
2022-10-08T22:00:00Z,8.693,beaver_creek_usgs_temp_3,60.65107,-151.09076,US/Alaska (UTC-9 / UTC-8),"west fork beaver creek, upstream of marathon road",Beaver Creek,STREAM,MAIN,TRUE,TRUE,TBD,FALSE
2022-10-08T22:15:00Z,8.668,beaver_creek_usgs_temp_3,60.65107,-151.09076,US/Alaska (UTC-9 / UTC-8),"west fork beaver creek, upstream of marathon road",Beaver Creek,STREAM,MAIN,TRUE,TRUE,TBD,FALSE
2022-10-08T22:30:00Z,8.668,beaver_creek_usgs_temp_3,60.65107,-151.09076,US/Alaska (UTC-9 / UTC-8),"west fork beaver creek, upstream of marathon road",Beaver Creek,STREAM,MAIN,TRUE,TRUE,TBD,FALSE
2022-10-08T22:45:00Z,8.668,beaver_creek_usgs_temp_3,60.65107,-151.09076,US/Alaska (UTC-9 / UTC-8),"west fork beaver creek, upstream of marathon road",Beaver Creek,STREAM,MAIN,TRUE,TRUE,TBD,FALSE
2022-10-08T23:00:00Z,8.668,beaver_creek_usgs_temp_3,60.65107,-151.09076,US/Alaska (UTC-9 / UTC-8),"west fork beaver creek, upstream of marathon road",Beaver Creek,STREAM,MAIN,TRUE,TRUE,TBD,FALSE
2022-10-08T23:15:00Z,8.668,beaver_creek_usgs_temp_3,60.65107,-151.09076,US/Alaska (UTC-9 / UTC-8),"west fork beaver creek, upstream of marathon road",Beaver Creek,STREAM,MAIN,TRUE,TRUE,TBD,FALSE
2022-10-08T23:30:00Z,8.668,beaver_creek_usgs_temp_3,60.65107,-151.09076,US/Alaska (UTC-9 / UTC-8),"west fork beaver creek, upstream of marathon road",Beaver Creek,STREAM,MAIN,TRUE,TRUE,TBD,FALSE
2022-10-08T23:45:00Z,8.668,beaver_creek_usgs_temp_3,60.65107,-151.09076,US/Alaska (UTC-9 / UTC-8),"west fork beaver creek, upstream of marathon road",Beaver Creek,STREAM,MAIN,TRUE,TRUE,TBD,FALSE
2022-10-09T00:00:00Z,8.643,beaver_creek_usgs_temp_3,60.65107,-151.09076,US/Alaska (UTC-9 / UTC-8),"west fork beaver creek, upstream of marathon road",Beaver Creek,STREAM,MAIN,TRUE,TRUE,TBD,FALSE
2022-10-09T00:15:00Z,8.643,beaver_creek_usgs_temp_3,60.65107,-151.09076,US/Alaska (UTC-9 / UTC-8),"west fork beaver creek, upstream of marathon road",Beaver Creek,STREAM,MAIN,TRUE,TRUE,TBD,FALSE
2022-10-09T00:30:00Z,8.643,beaver_creek_usgs_temp_3,60.65107,-151.09076,US/Alaska (UTC-9 / UTC-8),"west fork beaver creek, upstream of marathon road",Beaver Creek,STREAM,MAIN,TRUE,TRUE,TBD,FALSE
2022-10-09T00:45:00Z,8.643,beaver_creek_usgs_temp_3,60.65107,-151.09076,US/Alaska (UTC-9 / UTC-8),"west fork beaver creek, upstream of marathon road",Beaver Creek,STREAM,MAIN,TRUE,TRUE,TBD,FALSE
2022-10-09T01:00:00Z,8.618,beaver_creek_usgs_temp_3,60.65107,-151.09076,US/Alaska (UTC-9 / UTC-8),"west fork beaver creek, upstream of marathon road",Beaver Creek,STREAM,MAIN,TRUE,TRUE,TBD,FALSE
2022-10-09T01:15:00Z,8.618,beaver_creek_usgs_temp_3,60.65107,-151.09076,US/Alaska (UTC-9 / UTC-8),"west fork beaver creek, upstream of marathon road",Beaver Creek,STREAM,MAIN,TRUE,TRUE,TBD,FALSE
2022-10-09T01:30:00Z,8.593,beaver_creek_usgs_temp_3,60.65107,-151.09076,US/Alaska (UTC-9 / UTC-8),"west fork beaver creek, upstream of marathon road",Beaver Creek,STREAM,MAIN,TRUE,TRUE,TBD,FALSE
2022-10-09T01:45:00Z,8.593,beaver_creek_usgs_temp_3,60.65107,-151.09076,US/Alaska (UTC-9 / UTC-8),"west fork beaver creek, upstream of marathon road",Beaver Creek,STREAM,MAIN,TRUE,TRUE,TBD,FALSE
2022-10-09T02:00:00Z,8.568,beaver_creek_usgs_temp_3,60.65107,-151.09076,US/Alaska (UTC-9 / UTC-8),"west fork beaver creek, upstream of marathon road",Beaver Creek,STREAM,MAIN,TRUE,TRUE,TBD,FALSE
2022-10-09T02:15:00Z,8.568,beaver_creek_usgs_temp_3,60.65107,-151.09076,US/Alaska (UTC-9 / UTC-8),"west fork beaver creek, upstream of marathon road",Beaver Creek,STREAM,MAIN,TRUE,TRUE,TBD,FALSE
2022-10-09T02:30:00Z,8.543,beaver_creek_usgs_temp_3,60.65107,-151.09076,US/Alaska (UTC-9 / UTC-8),"west fork beaver creek, upstream of marathon road",Beaver Creek,STREAM,MAIN,TRUE,TRUE,TBD,FALSE
2022-10-09T02:45:00Z,8.543,beaver_creek_usgs_temp_3,60.65107,-151.09076,US/Alaska (UTC-9 / UTC-8),"west fork beaver creek, upstream of marathon road",Beaver Creek,STREAM,MAIN,TRUE,TRUE,TBD,FALSE
2022-10-09T03:00:00Z,8.519,beaver_creek_usgs_temp_3,60.65107,-151.09076,US/Alaska (UTC-9 / UTC-8),"west fork beaver creek, upstream of marathon road",Beaver Creek,STREAM,MAIN,TRUE,TRUE,TBD,FALSE
2022-10-09T03:15:00Z,8.494,beaver_creek_usgs_temp_3,60.65107,-151.09076,US/Alaska (UTC-9 / UTC-8),"west fork beaver creek, upstream of marathon road",Beaver Creek,STREAM,MAIN,TRUE,TRUE,TBD,FALSE
2022-10-09T03:30:00Z,8.494,beaver_creek_usgs_temp_3,60.65107,-151.09076,US/Alaska (UTC-9 / UTC-8),"west fork beaver creek, upstream of marathon road",Beaver Creek,STREAM,MAIN,TRUE,TRUE,TBD,FALSE
2022-10-09T03:45:00Z,8.469,beaver_creek_usgs_temp_3,60.65107,-151.09076,US/Alaska (UTC-9 / UTC-8),"west fork beaver creek, upstream of marathon road",Beaver Creek,STREAM,MAIN,TRUE,TRUE,TBD,FALSE
2022-10-09T04:00:00Z,8.444,beaver_creek_usgs_temp_3,60.65107,-151.09076,US/Alaska (UTC-9 / UTC-8),"west fork beaver creek, upstream of marathon road",Beaver Creek,STREAM,MAIN,TRUE,TRUE,TBD,FALSE
2022-10-09T04:15:00Z,8.444,beaver_creek_usgs_temp_3,60.65107,-151.09076,US/Alaska (UTC-9 / UTC-8),"west fork beaver creek, upstream of marathon road",Beaver Creek,STREAM,MAIN,TRUE,TRUE,TBD,FALSE
2022-10-09T04:30:00Z,8.419,beaver_creek_usgs_temp_3,60.65107,-151.09076,US/Alaska (UTC-9 / UTC-8),"west fork beaver creek, upstream of marathon road",Beaver Creek,STREAM,MAIN,TRUE,TRUE,TBD,FALSE
2022-10-09T04:45:00Z,8.394,beaver_creek_usgs_temp_3,60.65107,-151.09076,US/Alaska (UTC-9 / UTC-8),"west fork beaver creek, upstream of marathon road",Beaver Creek,STREAM,MAIN,TRUE,TRUE,TBD,FALSE
2022-10-09T05:00:00Z,8.369,beaver_creek_usgs_temp_3,60.65107,-151.09076,US/Alaska (UTC-9 / UTC-8),"west fork beaver creek, upstream of marathon road",Beaver Creek,STREAM,MAIN,TRUE,TRUE,TBD,FALSE
2022-10-09T05:15:00Z,8.369,beaver_creek_usgs_temp_3,60.65107,-151.09076,US/Alaska (UTC-9 / UTC-8),"west fork beaver creek, upstream of marathon road",Beaver Creek,STREAM,MAIN,TRUE,TRUE,TBD,FALSE
2022-10-09T05:30:00Z,8.344,beaver_creek_usgs_temp_3,60.65107,-151.09076,US/Alaska (UTC-9 / UTC-8),"west fork beaver creek, upstream of marathon road",Beaver Creek,STREAM,MAIN,TRUE,TRUE,TBD,FALSE
2022-10-09T05:45:00Z,8.319,beaver_creek_usgs_temp_3,60.65107,-151.09076,US/Alaska (UTC-9 / UTC-8),"west fork beaver creek, upstream of marathon road",Beaver Creek,STREAM,MAIN,TRUE,TRUE,TBD,FALSE
2022-10-09T06:00:00Z,8.295,beaver_creek_usgs_temp_3,60.65107,-151.09076,US/Alaska (UTC-9 / UTC-8),"west fork beaver creek, upstream of marathon road",Beaver Creek,STREAM,MAIN,TRUE,TRUE,TBD,FALSE
2022-10-09T06:15:00Z,8.295,beaver_creek_usgs_temp_3,60.65107,-151.09076,US/Alaska (UTC-9 / UTC-8),"west fork beaver creek, upstream of marathon road",Beaver Creek,STREAM,MAIN,TRUE,TRUE,TBD,FALSE
2022-10-09T06:30:00Z,8.27,beaver_creek_usgs_temp_3,60.65107,-151.09076,US/Alaska (UTC-9 / UTC-8),"west fork beaver creek, upstream of marathon road",Beaver Creek,STREAM,MAIN,TRUE,TRUE,TBD,FALSE
2022-10-09T06:45:00Z,8.27,beaver_creek_usgs_temp_3,60.65107,-151.09076,US/Alaska (UTC-9 / UTC-8),"west fork beaver creek, upstream of marathon road",Beaver Creek,STREAM,MAIN,TRUE,TRUE,TBD,FALSE
2022-10-09T07:00:00Z,8.27,beaver_creek_usgs_temp_3,60.65107,-151.09076,US/Alaska (UTC-9 / UTC-8),"west fork beaver creek, upstream of marathon road",Beaver Creek,STREAM,MAIN,TRUE,TRUE,TBD,FALSE
2022-10-09T07:15:00Z,8.245,beaver_creek_usgs_temp_3,60.65107,-151.09076,US/Alaska (UTC-9 / UTC-8),"west fork beaver creek, upstream of marathon road",Beaver Creek,STREAM,MAIN,TRUE,TRUE,TBD,FALSE
2022-10-09T07:30:00Z,8.245,beaver_creek_usgs_temp_3,60.65107,-151.09076,US/Alaska (UTC-9 / UTC-8),"west fork beaver creek, upstream of marathon road",Beaver Creek,STREAM,MAIN,TRUE,TRUE,TBD,FALSE
2022-10-09T07:45:00Z,8.245,beaver_creek_usgs_temp_3,60.65107,-151.09076,US/Alaska (UTC-9 / UTC-8),"west fork beaver creek, upstream of marathon road",Beaver Creek,STREAM,MAIN,TRUE,TRUE,TBD,FALSE
2022-10-09T08:00:00Z,8.22,beaver_creek_usgs_temp_3,60.65107,-151.09076,US/Alaska (UTC-9 / UTC-8),"west fork beaver creek, upstream of marathon road",Beaver Creek,STREAM,MAIN,TRUE,TRUE,TBD,FALSE
2022-10-09T08:15:00Z,8.195,beaver_creek_usgs_temp_3,60.65107,-151.09076,US/Alaska (UTC-9 / UTC-8),"west fork beaver creek, upstream of marathon road",Beaver Creek,STREAM,MAIN,TRUE,TRUE,TBD,FALSE
2022-10-09T08:30:00Z,8.195,beaver_creek_usgs_temp_3,60.65107,-151.09076,US/Alaska (UTC-9 / UTC-8),"west fork beaver creek, upstream of marathon road",Beaver Creek,STREAM,MAIN,TRUE,TRUE,TBD,FALSE
2022-10-09T08:45:00Z,8.17,beaver_creek_usgs_temp_3,60.65107,-151.09076,US/Alaska (UTC-9 / UTC-8),"west fork beaver creek, upstream of marathon road",Beaver Creek,STREAM,MAIN,TRUE,TRUE,TBD,FALSE
2022-10-09T09:00:00Z,8.145,beaver_creek_usgs_temp_3,60.65107,-151.09076,US/Alaska (UTC-9 / UTC-8),"west fork beaver creek, upstream of marathon road",Beaver Creek,STREAM,MAIN,TRUE,TRUE,TBD,FALSE
2022-10-09T09:15:00Z,8.12,beaver_creek_usgs_temp_3,60.65107,-151.09076,US/Alaska (UTC-9 / UTC-8),"west fork beaver creek, upstream of marathon road",Beaver Creek,STREAM,MAIN,TRUE,TRUE,TBD,FALSE
2022-10-09T09:30:00Z,8.12,beaver_creek_usgs_temp_3,60.65107,-151.09076,US/Alaska (UTC-9 / UTC-8),"west fork beaver creek, upstream of marathon road",Beaver Creek,STREAM,MAIN,TRUE,TRUE,TBD,FALSE
2022-10-09T09:45:00Z,8.095,beaver_creek_usgs_temp_3,60.65107,-151.09076,US/Alaska (UTC-9 / UTC-8),"west fork beaver creek, upstream of marathon road",Beaver Creek,STREAM,MAIN,TRUE,TRUE,TBD,FALSE
2022-10-09T10:00:00Z,8.095,beaver_creek_usgs_temp_3,60.65107,-151.09076,US/Alaska (UTC-9 / UTC-8),"west fork beaver creek, upstream of marathon road",Beaver Creek,STREAM,MAIN,TRUE,TRUE,TBD,FALSE
2022-10-09T10:15:00Z,8.095,beaver_creek_usgs_temp_3,60.65107,-151.09076,US/Alaska (UTC-9 / UTC-8),"west fork beaver creek, upstream of marathon road",Beaver Creek,STREAM,MAIN,TRUE,TRUE,TBD,FALSE
2022-10-09T10:30:00Z,8.095,beaver_creek_usgs_temp_3,60.65107,-151.09076,US/Alaska (UTC-9 / UTC-8),"west fork beaver creek, upstream of marathon road",Beaver Creek,STREAM,MAIN,TRUE,TRUE,TBD,FALSE
2022-10-09T10:45:00Z,8.095,beaver_creek_usgs_temp_3,60.65107,-151.09076,US/Alaska (UTC-9 / UTC-8),"west fork beaver creek, upstream of marathon road",Beaver Creek,STREAM,MAIN,TRUE,TRUE,TBD,FALSE
2022-10-09T11:00:00Z,8.095,beaver_creek_usgs_temp_3,60.65107,-151.09076,US/Alaska (UTC-9 / UTC-8),"west fork beaver creek, upstream of marathon road",Beaver Creek,STREAM,MAIN,TRUE,TRUE,TBD,FALSE
2022-10-09T11:15:00Z,8.095,beaver_creek_usgs_temp_3,60.65107,-151.09076,US/Alaska (UTC-9 / UTC-8),"west fork beaver creek, upstream of marathon road",Beaver Creek,STREAM,MAIN,TRUE,TRUE,TBD,FALSE
2022-10-09T11:30:00Z,8.095,beaver_creek_usgs_temp_3,60.65107,-151.09076,US/Alaska (UTC-9 / UTC-8),"west fork beaver creek, upstream of marathon road",Beaver Creek,STREAM,MAIN,TRUE,TRUE,TBD,FALSE
2022-10-09T11:45:00Z,8.095,beaver_creek_usgs_temp_3,60.65107,-151.09076,US/Alaska (UTC-9 / UTC-8),"west fork beaver creek, upstream of marathon road",Beaver Creek,STREAM,MAIN,TRUE,TRUE,TBD,FALSE
2022-10-09T12:00:00Z,8.12,beaver_creek_usgs_temp_3,60.65107,-151.09076,US/Alaska (UTC-9 / UTC-8),"west fork beaver creek, upstream of marathon road",Beaver Creek,STREAM,MAIN,TRUE,TRUE,TBD,FALSE
2022-10-09T12:15:00Z,8.145,beaver_creek_usgs_temp_3,60.65107,-151.09076,US/Alaska (UTC-9 / UTC-8),"west fork beaver creek, upstream of marathon road",Beaver Creek,STREAM,MAIN,TRUE,TRUE,TBD,FALSE
2022-10-09T12:30:00Z,8.17,beaver_creek_usgs_temp_3,60.65107,-151.09076,US/Alaska (UTC-9 / UTC-8),"west fork beaver creek, upstream of marathon road",Beaver Creek,STREAM,MAIN,TRUE,TRUE,TBD,FALSE
2022-10-09T12:45:00Z,8.195,beaver_creek_usgs_temp_3,60.65107,-151.09076,US/Alaska (UTC-9 / UTC-8),"west fork beaver creek, upstream of marathon road",Beaver Creek,STREAM,MAIN,TRUE,TRUE,TBD,FALSE
2022-10-09T13:00:00Z,8.22,beaver_creek_usgs_temp_3,60.65107,-151.09076,US/Alaska (UTC-9 / UTC-8),"west fork beaver creek, upstream of marathon road",Beaver Creek,STREAM,MAIN,TRUE,TRUE,TBD,FALSE
2022-10-09T13:15:00Z,8.245,beaver_creek_usgs_temp_3,60.65107,-151.09076,US/Alaska (UTC-9 / UTC-8),"west fork beaver creek, upstream of marathon road",Beaver Creek,STREAM,MAIN,TRUE,TRUE,TBD,FALSE
2022-10-09T13:30:00Z,8.27,beaver_creek_usgs_temp_3,60.65107,-151.09076,US/Alaska (UTC-9 / UTC-8),"west fork beaver creek, upstream of marathon road",Beaver Creek,STREAM,MAIN,TRUE,TRUE,TBD,FALSE
2022-10-09T13:45:00Z,8.344,beaver_creek_usgs_temp_3,60.65107,-151.09076,US/Alaska (UTC-9 / UTC-8),"west fork beaver creek, upstream of marathon road",Beaver Creek,STREAM,MAIN,TRUE,TRUE,TBD,FALSE
2022-10-09T14:00:00Z,8.419,beaver_creek_usgs_temp_3,60.65107,-151.09076,US/Alaska (UTC-9 / UTC-8),"west fork beaver creek, upstream of marathon road",Beaver Creek,STREAM,MAIN,TRUE,TRUE,TBD,FALSE
2022-10-09T14:15:00Z,8.519,beaver_creek_usgs_temp_3,60.65107,-151.09076,US/Alaska (UTC-9 / UTC-8),"west fork beaver creek, upstream of marathon road",Beaver Creek,STREAM,MAIN,TRUE,TRUE,TBD,FALSE
2022-10-09T14:30:00Z,8.593,beaver_creek_usgs_temp_3,60.65107,-151.09076,US/Alaska (UTC-9 / UTC-8),"west fork beaver creek, upstream of marathon road",Beaver Creek,STREAM,MAIN,TRUE,TRUE,TBD,FALSE
2022-10-09T14:45:00Z,8.668,beaver_creek_usgs_temp_3,60.65107,-151.09076,US/Alaska (UTC-9 / UTC-8),"west fork beaver creek, upstream of marathon road",Beaver Creek,STREAM,MAIN,TRUE,TRUE,TBD,FALSE
2022-10-09T15:00:00Z,8.717,beaver_creek_usgs_temp_3,60.65107,-151.09076,US/Alaska (UTC-9 / UTC-8),"west fork beaver creek, upstream of marathon road",Beaver Creek,STREAM,MAIN,TRUE,TRUE,TBD,FALSE
2022-10-09T15:15:00Z,8.792,beaver_creek_usgs_temp_3,60.65107,-151.09076,US/Alaska (UTC-9 / UTC-8),"west fork beaver creek, upstream of marathon road",Beaver Creek,STREAM,MAIN,TRUE,TRUE,TBD,FALSE
2022-10-09T15:30:00Z,8.841,beaver_creek_usgs_temp_3,60.65107,-151.09076,US/Alaska (UTC-9 / UTC-8),"west fork beaver creek, upstream of marathon road",Beaver Creek,STREAM,MAIN,TRUE,TRUE,TBD,FALSE
2022-10-09T15:45:00Z,8.866,beaver_creek_usgs_temp_3,60.65107,-151.09076,US/Alaska (UTC-9 / UTC-8),"west fork beaver creek, upstream of marathon road",Beaver Creek,STREAM,MAIN,TRUE,TRUE,TBD,FALSE
2022-10-09T16:00:00Z,8.891,beaver_creek_usgs_temp_3,60.65107,-151.09076,US/Alaska (UTC-9 / UTC-8),"west fork beaver creek, upstream of marathon road",Beaver Creek,STREAM,MAIN,TRUE,TRUE,TBD,FALSE
2022-10-09T16:15:00Z,8.916,beaver_creek_usgs_temp_3,60.65107,-151.09076,US/Alaska (UTC-9 / UTC-8),"west fork beaver creek, upstream of marathon road",Beaver Creek,STREAM,MAIN,TRUE,TRUE,TBD,FALSE
2022-10-09T16:30:00Z,8.941,beaver_creek_usgs_temp_3,60.65107,-151.09076,US/Alaska (UTC-9 / UTC-8),"west fork beaver creek, upstream of marathon road",Beaver Creek,STREAM,MAIN,TRUE,TRUE,TBD,FALSE
2022-10-09T16:45:00Z,8.941,beaver_creek_usgs_temp_3,60.65107,-151.09076,US/Alaska (UTC-9 / UTC-8),"west fork beaver creek, upstream of marathon road",Beaver Creek,STREAM,MAIN,TRUE,TRUE,TBD,FALSE
2022-10-09T17:00:00Z,8.916,beaver_creek_usgs_temp_3,60.65107,-151.09076,US/Alaska (UTC-9 / UTC-8),"west fork beaver creek, upstream of marathon road",Beaver Creek,STREAM,MAIN,TRUE,TRUE,TBD,FALSE
2022-10-09T17:15:00Z,8.891,beaver_creek_usgs_temp_3,60.65107,-151.09076,US/Alaska (UTC-9 / UTC-8),"west fork beaver creek, upstream of marathon road",Beaver Creek,STREAM,MAIN,TRUE,TRUE,TBD,FALSE
2022-10-09T17:30:00Z,8.866,beaver_creek_usgs_temp_3,60.65107,-151.09076,US/Alaska (UTC-9 / UTC-8),"west fork beaver creek, upstream of marathon road",Beaver Creek,STREAM,MAIN,TRUE,TRUE,TBD,FALSE
2022-10-09T17:45:00Z,8.841,beaver_creek_usgs_temp_3,60.65107,-151.09076,US/Alaska (UTC-9 / UTC-8),"west fork beaver creek, upstream of marathon road",Beaver Creek,STREAM,MAIN,TRUE,TRUE,TBD,FALSE
2022-10-09T18:00:00Z,8.792,beaver_creek_usgs_temp_3,60.65107,-151.09076,US/Alaska (UTC-9 / UTC-8),"west fork beaver creek, upstream of marathon road",Beaver Creek,STREAM,MAIN,TRUE,TRUE,TBD,FALSE
2022-10-09T18:15:00Z,8.742,beaver_creek_usgs_temp_3,60.65107,-151.09076,US/Alaska (UTC-9 / UTC-8),"west fork beaver creek, upstream of marathon road",Beaver Creek,STREAM,MAIN,TRUE,TRUE,TBD,FALSE
2022-10-09T18:30:00Z,8.668,beaver_creek_usgs_temp_3,60.65107,-151.09076,US/Alaska (UTC-9 / UTC-8),"west fork beaver creek, upstream of marathon road",Beaver Creek,STREAM,MAIN,TRUE,TRUE,TBD,FALSE
2022-10-09T18:45:00Z,8.593,beaver_creek_usgs_temp_3,60.65107,-151.09076,US/Alaska (UTC-9 / UTC-8),"west fork beaver creek, upstream of marathon road",Beaver Creek,STREAM,MAIN,TRUE,TRUE,TBD,FALSE
2022-10-09T19:00:00Z,8.543,beaver_creek_usgs_temp_3,60.65107,-151.09076,US/Alaska (UTC-9 / UTC-8),"west fork beaver creek, upstream of marathon road",Beaver Creek,STREAM,MAIN,TRUE,TRUE,TBD,FALSE
2022-10-09T19:15:00Z,8.469,beaver_creek_usgs_temp_3,60.65107,-151.09076,US/Alaska (UTC-9 / UTC-8),"west fork beaver creek, upstream of marathon road",Beaver Creek,STREAM,MAIN,TRUE,TRUE,TBD,FALSE
2022-10-09T19:30:00Z,8.394,beaver_creek_usgs_temp_3,60.65107,-151.09076,US/Alaska (UTC-9 / UTC-8),"west fork beaver creek, upstream of marathon road",Beaver Creek,STREAM,MAIN,TRUE,TRUE,TBD,FALSE
2022-10-09T19:45:00Z,8.319,beaver_creek_usgs_temp_3,60.65107,-151.09076,US/Alaska (UTC-9 / UTC-8),"west fork beaver creek, upstream of marathon road",Beaver Creek,STREAM,MAIN,TRUE,TRUE,TBD,FALSE
2022-10-09T20:00:00Z,8.245,beaver_creek_usgs_temp_3,60.65107,-151.09076,US/Alaska (UTC-9 / UTC-8),"west fork beaver creek, upstream of marathon road",Beaver Creek,STREAM,MAIN,TRUE,TRUE,TBD,FALSE
2022-10-09T20:15:00Z,8.145,beaver_creek_usgs_temp_3,60.65107,-151.09076,US/Alaska (UTC-9 / UTC-8),"west fork beaver creek, upstream of marathon road",Beaver Creek,STREAM,MAIN,TRUE,TRUE,TBD,FALSE
2022-10-09T20:30:00Z,8.07,beaver_creek_usgs_temp_3,60.65107,-151.09076,US/Alaska (UTC-9 / UTC-8),"west fork beaver creek, upstream of marathon road",Beaver Creek,STREAM,MAIN,TRUE,TRUE,TBD,FALSE
2022-10-09T20:45:00Z,7.995,beaver_creek_usgs_temp_3,60.65107,-151.09076,US/Alaska (UTC-9 / UTC-8),"west fork beaver creek, upstream of marathon road",Beaver Creek,STREAM,MAIN,TRUE,TRUE,TBD,FALSE
2022-10-09T21:00:00Z,7.895,beaver_creek_usgs_temp_3,60.65107,-151.09076,US/Alaska (UTC-9 / UTC-8),"west fork beaver creek, upstream of marathon road",Beaver Creek,STREAM,MAIN,TRUE,TRUE,TBD,FALSE
2022-10-09T21:15:00Z,7.82,beaver_creek_usgs_temp_3,60.65107,-151.09076,US/Alaska (UTC-9 / UTC-8),"west fork beaver creek, upstream of marathon road",Beaver Creek,STREAM,MAIN,TRUE,TRUE,TBD,FALSE
2022-10-09T21:30:00Z,7.72,beaver_creek_usgs_temp_3,60.65107,-151.09076,US/Alaska (UTC-9 / UTC-8),"west fork beaver creek, upstream of marathon road",Beaver Creek,STREAM,MAIN,TRUE,TRUE,TBD,FALSE
2022-10-09T21:45:00Z,7.645,beaver_creek_usgs_temp_3,60.65107,-151.09076,US/Alaska (UTC-9 / UTC-8),"west fork beaver creek, upstream of marathon road",Beaver Creek,STREAM,MAIN,TRUE,TRUE,TBD,FALSE
2022-10-09T22:00:00Z,7.544,beaver_creek_usgs_temp_3,60.65107,-151.09076,US/Alaska (UTC-9 / UTC-8),"west fork beaver creek, upstream of marathon road",Beaver Creek,STREAM,MAIN,TRUE,TRUE,TBD,FALSE
2022-10-09T22:15:00Z,7.469,beaver_creek_usgs_temp_3,60.65107,-151.09076,US/Alaska (UTC-9 / UTC-8),"west fork beaver creek, upstream of marathon road",Beaver Creek,STREAM,MAIN,TRUE,TRUE,TBD,FALSE
2022-10-09T22:30:00Z,7.393,beaver_creek_usgs_temp_3,60.65107,-151.09076,US/Alaska (UTC-9 / UTC-8),"west fork beaver creek, upstream of marathon road",Beaver Creek,STREAM,MAIN,TRUE,TRUE,TBD,FALSE
2022-10-09T22:45:00Z,7.318,beaver_creek_usgs_temp_3,60.65107,-151.09076,US/Alaska (UTC-9 / UTC-8),"west fork beaver creek, upstream of marathon road",Beaver Creek,STREAM,MAIN,TRUE,TRUE,TBD,FALSE
2022-10-09T23:00:00Z,7.217,beaver_creek_usgs_temp_3,60.65107,-151.09076,US/Alaska (UTC-9 / UTC-8),"west fork beaver creek, upstream of marathon road",Beaver Creek,STREAM,MAIN,TRUE,TRUE,TBD,FALSE
2022-10-09T23:15:00Z,7.142,beaver_creek_usgs_temp_3,60.65107,-151.09076,US/Alaska (UTC-9 / UTC-8),"west fork beaver creek, upstream of marathon road",Beaver Creek,STREAM,MAIN,TRUE,TRUE,TBD,FALSE
2022-10-09T23:30:00Z,7.041,beaver_creek_usgs_temp_3,60.65107,-151.09076,US/Alaska (UTC-9 / UTC-8),"west fork beaver creek, upstream of marathon road",Beaver Creek,STREAM,MAIN,TRUE,TRUE,TBD,FALSE
2022-10-09T23:45:00Z,6.965,beaver_creek_usgs_temp_3,60.65107,-151.09076,US/Alaska (UTC-9 / UTC-8),"west fork beaver creek, upstream of marathon road",Beaver Creek,STREAM,MAIN,TRUE,TRUE,TBD,FALSE
2022-10-10T00:00:00Z,6.864,beaver_creek_usgs_temp_3,60.65107,-151.09076,US/Alaska (UTC-9 / UTC-8),"west fork beaver creek, upstream of marathon road",Beaver Creek,STREAM,MAIN,TRUE,TRUE,TBD,FALSE
2022-10-10T00:15:00Z,6.763,beaver_creek_usgs_temp_3,60.65107,-151.09076,US/Alaska (UTC-9 / UTC-8),"west fork beaver creek, upstream of marathon road",Beaver Creek,STREAM,MAIN,TRUE,TRUE,TBD,FALSE
2022-10-10T00:30:00Z,6.687,beaver_creek_usgs_temp_3,60.65107,-151.09076,US/Alaska (UTC-9 / UTC-8),"west fork beaver creek, upstream of marathon road",Beaver Creek,STREAM,MAIN,TRUE,TRUE,TBD,FALSE
2022-10-10T00:45:00Z,6.585,beaver_creek_usgs_temp_3,60.65107,-151.09076,US/Alaska (UTC-9 / UTC-8),"west fork beaver creek, upstream of marathon road",Beaver Creek,STREAM,MAIN,TRUE,TRUE,TBD,FALSE
2022-10-10T01:00:00Z,6.484,beaver_creek_usgs_temp_3,60.65107,-151.09076,US/Alaska (UTC-9 / UTC-8),"west fork beaver creek, upstream of marathon road",Beaver Creek,STREAM,MAIN,TRUE,TRUE,TBD,FALSE
2022-10-10T01:15:00Z,6.382,beaver_creek_usgs_temp_3,60.65107,-151.09076,US/Alaska (UTC-9 / UTC-8),"west fork beaver creek, upstream of marathon road",Beaver Creek,STREAM,MAIN,TRUE,TRUE,TBD,FALSE
2022-10-10T01:30:00Z,6.306,beaver_creek_usgs_temp_3,60.65107,-151.09076,US/Alaska (UTC-9 / UTC-8),"west fork beaver creek, upstream of marathon road",Beaver Creek,STREAM,MAIN,TRUE,TRUE,TBD,FALSE
2022-10-10T01:45:00Z,6.204,beaver_creek_usgs_temp_3,60.65107,-151.09076,US/Alaska (UTC-9 / UTC-8),"west fork beaver creek, upstream of marathon road",Beaver Creek,STREAM,MAIN,TRUE,TRUE,TBD,FALSE
2022-10-10T02:00:00Z,6.102,beaver_creek_usgs_temp_3,60.65107,-151.09076,US/Alaska (UTC-9 / UTC-8),"west fork beaver creek, upstream of marathon road",Beaver Creek,STREAM,MAIN,TRUE,TRUE,TBD,FALSE
2022-10-10T02:15:00Z,6,beaver_creek_usgs_temp_3,60.65107,-151.09076,US/Alaska (UTC-9 / UTC-8),"west fork beaver creek, upstream of marathon road",Beaver Creek,STREAM,MAIN,TRUE,TRUE,TBD,FALSE
2022-10-10T02:30:00Z,5.898,beaver_creek_usgs_temp_3,60.65107,-151.09076,US/Alaska (UTC-9 / UTC-8),"west fork beaver creek, upstream of marathon road",Beaver Creek,STREAM,MAIN,TRUE,TRUE,TBD,FALSE
2022-10-10T02:45:00Z,5.821,beaver_creek_usgs_temp_3,60.65107,-151.09076,US/Alaska (UTC-9 / UTC-8),"west fork beaver creek, upstream of marathon road",Beaver Creek,STREAM,MAIN,TRUE,TRUE,TBD,FALSE
2022-10-10T03:00:00Z,5.719,beaver_creek_usgs_temp_3,60.65107,-151.09076,US/Alaska (UTC-9 / UTC-8),"west fork beaver creek, upstream of marathon road",Beaver Creek,STREAM,MAIN,TRUE,TRUE,TBD,FALSE
2022-10-10T03:15:00Z,5.616,beaver_creek_usgs_temp_3,60.65107,-151.09076,US/Alaska (UTC-9 / UTC-8),"west fork beaver creek, upstream of marathon road",Beaver Creek,STREAM,MAIN,TRUE,TRUE,TBD,FALSE
2022-10-10T03:30:00Z,5.539,beaver_creek_usgs_temp_3,60.65107,-151.09076,US/Alaska (UTC-9 / UTC-8),"west fork beaver creek, upstream of marathon road",Beaver Creek,STREAM,MAIN,TRUE,TRUE,TBD,FALSE
2022-10-10T03:45:00Z,5.462,beaver_creek_usgs_temp_3,60.65107,-151.09076,US/Alaska (UTC-9 / UTC-8),"west fork beaver creek, upstream of marathon road",Beaver Creek,STREAM,MAIN,TRUE,TRUE,TBD,FALSE
2022-10-10T04:00:00Z,5.36,beaver_creek_usgs_temp_3,60.65107,-151.09076,US/Alaska (UTC-9 / UTC-8),"west fork beaver creek, upstream of marathon road",Beaver Creek,STREAM,MAIN,TRUE,TRUE,TBD,FALSE
2022-10-10T04:15:00Z,5.308,beaver_creek_usgs_temp_3,60.65107,-151.09076,US/Alaska (UTC-9 / UTC-8),"west fork beaver creek, upstream of marathon road",Beaver Creek,STREAM,MAIN,TRUE,TRUE,TBD,FALSE
2022-10-10T04:30:00Z,5.231,beaver_creek_usgs_temp_3,60.65107,-151.09076,US/Alaska (UTC-9 / UTC-8),"west fork beaver creek, upstream of marathon road",Beaver Creek,STREAM,MAIN,TRUE,TRUE,TBD,FALSE
2022-10-10T04:45:00Z,5.154,beaver_creek_usgs_temp_3,60.65107,-151.09076,US/Alaska (UTC-9 / UTC-8),"west fork beaver creek, upstream of marathon road",Beaver Creek,STREAM,MAIN,TRUE,TRUE,TBD,FALSE
2022-10-10T05:00:00Z,5.05,beaver_creek_usgs_temp_3,60.65107,-151.09076,US/Alaska (UTC-9 / UTC-8),"west fork beaver creek, upstream of marathon road",Beaver Creek,STREAM,MAIN,TRUE,TRUE,TBD,FALSE
2022-10-10T05:15:00Z,4.999,beaver_creek_usgs_temp_3,60.65107,-151.09076,US/Alaska (UTC-9 / UTC-8),"west fork beaver creek, upstream of marathon road",Beaver Creek,STREAM,MAIN,TRUE,TRUE,TBD,FALSE
2022-10-10T05:30:00Z,4.895,beaver_creek_usgs_temp_3,60.65107,-151.09076,US/Alaska (UTC-9 / UTC-8),"west fork beaver creek, upstream of marathon road",Beaver Creek,STREAM,MAIN,TRUE,TRUE,TBD,FALSE
2022-10-10T05:45:00Z,4.818,beaver_creek_usgs_temp_3,60.65107,-151.09076,US/Alaska (UTC-9 / UTC-8),"west fork beaver creek, upstream of marathon road",Beaver Creek,STREAM,MAIN,TRUE,TRUE,TBD,FALSE
2022-10-10T06:00:00Z,4.714,beaver_creek_usgs_temp_3,60.65107,-151.09076,US/Alaska (UTC-9 / UTC-8),"west fork beaver creek, upstream of marathon road",Beaver Creek,STREAM,MAIN,TRUE,TRUE,TBD,FALSE
2022-10-10T06:15:00Z,4.636,beaver_creek_usgs_temp_3,60.65107,-151.09076,US/Alaska (UTC-9 / UTC-8),"west fork beaver creek, upstream of marathon road",Beaver Creek,STREAM,MAIN,TRUE,TRUE,TBD,FALSE
2022-10-10T06:30:00Z,4.558,beaver_creek_usgs_temp_3,60.65107,-151.09076,US/Alaska (UTC-9 / UTC-8),"west fork beaver creek, upstream of marathon road",Beaver Creek,STREAM,MAIN,TRUE,TRUE,TBD,FALSE
2022-10-10T06:45:00Z,4.48,beaver_creek_usgs_temp_3,60.65107,-151.09076,US/Alaska (UTC-9 / UTC-8),"west fork beaver creek, upstream of marathon road",Beaver Creek,STREAM,MAIN,TRUE,TRUE,TBD,FALSE
2022-10-10T07:00:00Z,4.402,beaver_creek_usgs_temp_3,60.65107,-151.09076,US/Alaska (UTC-9 / UTC-8),"west fork beaver creek, upstream of marathon road",Beaver Creek,STREAM,MAIN,TRUE,TRUE,TBD,FALSE
2022-10-10T07:15:00Z,4.324,beaver_creek_usgs_temp_3,60.65107,-151.09076,US/Alaska (UTC-9 / UTC-8),"west fork beaver creek, upstream of marathon road",Beaver Creek,STREAM,MAIN,TRUE,TRUE,TBD,FALSE
2022-10-10T07:30:00Z,4.272,beaver_creek_usgs_temp_3,60.65107,-151.09076,US/Alaska (UTC-9 / UTC-8),"west fork beaver creek, upstream of marathon road",Beaver Creek,STREAM,MAIN,TRUE,TRUE,TBD,FALSE
2022-10-10T07:45:00Z,4.22,beaver_creek_usgs_temp_3,60.65107,-151.09076,US/Alaska (UTC-9 / UTC-8),"west fork beaver creek, upstream of marathon road",Beaver Creek,STREAM,MAIN,TRUE,TRUE,TBD,FALSE
2022-10-10T08:00:00Z,4.168,beaver_creek_usgs_temp_3,60.65107,-151.09076,US/Alaska (UTC-9 / UTC-8),"west fork beaver creek, upstream of marathon road",Beaver Creek,STREAM,MAIN,TRUE,TRUE,TBD,FALSE
2022-10-10T08:15:00Z,4.115,beaver_creek_usgs_temp_3,60.65107,-151.09076,US/Alaska (UTC-9 / UTC-8),"west fork beaver creek, upstream of marathon road",Beaver Creek,STREAM,MAIN,TRUE,TRUE,TBD,FALSE
2022-10-10T08:30:00Z,4.063,beaver_creek_usgs_temp_3,60.65107,-151.09076,US/Alaska (UTC-9 / UTC-8),"west fork beaver creek, upstream of marathon road",Beaver Creek,STREAM,MAIN,TRUE,TRUE,TBD,FALSE
2022-10-10T08:45:00Z,3.985,beaver_creek_usgs_temp_3,60.65107,-151.09076,US/Alaska (UTC-9 / UTC-8),"west fork beaver creek, upstream of marathon road",Beaver Creek,STREAM,MAIN,TRUE,TRUE,TBD,FALSE
2022-10-10T09:00:00Z,3.958,beaver_creek_usgs_temp_3,60.65107,-151.09076,US/Alaska (UTC-9 / UTC-8),"west fork beaver creek, upstream of marathon road",Beaver Creek,STREAM,MAIN,TRUE,TRUE,TBD,FALSE
2022-10-10T09:15:00Z,3.906,beaver_creek_usgs_temp_3,60.65107,-151.09076,US/Alaska (UTC-9 / UTC-8),"west fork beaver creek, upstream of marathon road",Beaver Creek,STREAM,MAIN,TRUE,TRUE,TBD,FALSE
2022-10-10T09:30:00Z,3.854,beaver_creek_usgs_temp_3,60.65107,-151.09076,US/Alaska (UTC-9 / UTC-8),"west fork beaver creek, upstream of marathon road",Beaver Creek,STREAM,MAIN,TRUE,TRUE,TBD,FALSE
2022-10-10T09:45:00Z,3.827,beaver_creek_usgs_temp_3,60.65107,-151.09076,US/Alaska (UTC-9 / UTC-8),"west fork beaver creek, upstream of marathon road",Beaver Creek,STREAM,MAIN,TRUE,TRUE,TBD,FALSE
2022-10-10T10:00:00Z,3.775,beaver_creek_usgs_temp_3,60.65107,-151.09076,US/Alaska (UTC-9 / UTC-8),"west fork beaver creek, upstream of marathon road",Beaver Creek,STREAM,MAIN,TRUE,TRUE,TBD,FALSE
2022-10-10T10:15:00Z,3.775,beaver_creek_usgs_temp_3,60.65107,-151.09076,US/Alaska (UTC-9 / UTC-8),"west fork beaver creek, upstream of marathon road",Beaver Creek,STREAM,MAIN,TRUE,TRUE,TBD,FALSE
2022-10-10T10:30:00Z,3.749,beaver_creek_usgs_temp_3,60.65107,-151.09076,US/Alaska (UTC-9 / UTC-8),"west fork beaver creek, upstream of marathon road",Beaver Creek,STREAM,MAIN,TRUE,TRUE,TBD,FALSE
2022-10-10T10:45:00Z,3.749,beaver_creek_usgs_temp_3,60.65107,-151.09076,US/Alaska (UTC-9 / UTC-8),"west fork beaver creek, upstream of marathon road",Beaver Creek,STREAM,MAIN,TRUE,TRUE,TBD,FALSE
2022-10-10T11:00:00Z,3.749,beaver_creek_usgs_temp_3,60.65107,-151.09076,US/Alaska (UTC-9 / UTC-8),"west fork beaver creek, upstream of marathon road",Beaver Creek,STREAM,MAIN,TRUE,TRUE,TBD,FALSE
2022-10-10T11:15:00Z,3.775,beaver_creek_usgs_temp_3,60.65107,-151.09076,US/Alaska (UTC-9 / UTC-8),"west fork beaver creek, upstream of marathon road",Beaver Creek,STREAM,MAIN,TRUE,TRUE,TBD,FALSE
2022-10-10T11:30:00Z,3.801,beaver_creek_usgs_temp_3,60.65107,-151.09076,US/Alaska (UTC-9 / UTC-8),"west fork beaver creek, upstream of marathon road",Beaver Creek,STREAM,MAIN,TRUE,TRUE,TBD,FALSE
2022-10-10T11:45:00Z,3.801,beaver_creek_usgs_temp_3,60.65107,-151.09076,US/Alaska (UTC-9 / UTC-8),"west fork beaver creek, upstream of marathon road",Beaver Creek,STREAM,MAIN,TRUE,TRUE,TBD,FALSE
2022-10-10T12:00:00Z,3.827,beaver_creek_usgs_temp_3,60.65107,-151.09076,US/Alaska (UTC-9 / UTC-8),"west fork beaver creek, upstream of marathon road",Beaver Creek,STREAM,MAIN,TRUE,TRUE,TBD,FALSE
2022-10-10T12:15:00Z,3.854,beaver_creek_usgs_temp_3,60.65107,-151.09076,US/Alaska (UTC-9 / UTC-8),"west fork beaver creek, upstream of marathon road",Beaver Creek,STREAM,MAIN,TRUE,TRUE,TBD,FALSE
2022-10-10T12:30:00Z,3.854,beaver_creek_usgs_temp_3,60.65107,-151.09076,US/Alaska (UTC-9 / UTC-8),"west fork beaver creek, upstream of marathon road",Beaver Creek,STREAM,MAIN,TRUE,TRUE,TBD,FALSE
2022-10-10T12:45:00Z,3.88,beaver_creek_usgs_temp_3,60.65107,-151.09076,US/Alaska (UTC-9 / UTC-8),"west fork beaver creek, upstream of marathon road",Beaver Creek,STREAM,MAIN,TRUE,TRUE,TBD,FALSE
2022-10-10T13:00:00Z,3.906,beaver_creek_usgs_temp_3,60.65107,-151.09076,US/Alaska (UTC-9 / UTC-8),"west fork beaver creek, upstream of marathon road",Beaver Creek,STREAM,MAIN,TRUE,TRUE,TBD,FALSE
2022-10-10T13:15:00Z,3.906,beaver_creek_usgs_temp_3,60.65107,-151.09076,US/Alaska (UTC-9 / UTC-8),"west fork beaver creek, upstream of marathon road",Beaver Creek,STREAM,MAIN,TRUE,TRUE,TBD,FALSE
2022-10-10T13:30:00Z,3.932,beaver_creek_usgs_temp_3,60.65107,-151.09076,US/Alaska (UTC-9 / UTC-8),"west fork beaver creek, upstream of marathon road",Beaver Creek,STREAM,MAIN,TRUE,TRUE,TBD,FALSE
2022-10-10T13:45:00Z,3.958,beaver_creek_usgs_temp_3,60.65107,-151.09076,US/Alaska (UTC-9 / UTC-8),"west fork beaver creek, upstream of marathon road",Beaver Creek,STREAM,MAIN,TRUE,TRUE,TBD,FALSE
2022-10-10T14:00:00Z,3.958,beaver_creek_usgs_temp_3,60.65107,-151.09076,US/Alaska (UTC-9 / UTC-8),"west fork beaver creek, upstream of marathon road",Beaver Creek,STREAM,MAIN,TRUE,TRUE,TBD,FALSE
2022-10-10T14:15:00Z,3.985,beaver_creek_usgs_temp_3,60.65107,-151.09076,US/Alaska (UTC-9 / UTC-8),"west fork beaver creek, upstream of marathon road",Beaver Creek,STREAM,MAIN,TRUE,TRUE,TBD,FALSE
2022-10-10T14:30:00Z,3.985,beaver_creek_usgs_temp_3,60.65107,-151.09076,US/Alaska (UTC-9 / UTC-8),"west fork beaver creek, upstream of marathon road",Beaver Creek,STREAM,MAIN,TRUE,TRUE,TBD,FALSE
2022-10-10T14:45:00Z,3.985,beaver_creek_usgs_temp_3,60.65107,-151.09076,US/Alaska (UTC-9 / UTC-8),"west fork beaver creek, upstream of marathon road",Beaver Creek,STREAM,MAIN,TRUE,TRUE,TBD,FALSE
2022-10-10T15:00:00Z,3.985,beaver_creek_usgs_temp_3,60.65107,-151.09076,US/Alaska (UTC-9 / UTC-8),"west fork beaver creek, upstream of marathon road",Beaver Creek,STREAM,MAIN,TRUE,TRUE,TBD,FALSE
2022-10-10T15:15:00Z,3.985,beaver_creek_usgs_temp_3,60.65107,-151.09076,US/Alaska (UTC-9 / UTC-8),"west fork beaver creek, upstream of marathon road",Beaver Creek,STREAM,MAIN,TRUE,TRUE,TBD,FALSE
2022-10-10T15:30:00Z,3.958,beaver_creek_usgs_temp_3,60.65107,-151.09076,US/Alaska (UTC-9 / UTC-8),"west fork beaver creek, upstream of marathon road",Beaver Creek,STREAM,MAIN,TRUE,TRUE,TBD,FALSE
2022-10-10T15:45:00Z,3.958,beaver_creek_usgs_temp_3,60.65107,-151.09076,US/Alaska (UTC-9 / UTC-8),"west fork beaver creek, upstream of marathon road",Beaver Creek,STREAM,MAIN,TRUE,TRUE,TBD,FALSE
2022-10-10T16:00:00Z,3.932,beaver_creek_usgs_temp_3,60.65107,-151.09076,US/Alaska (UTC-9 / UTC-8),"west fork beaver creek, upstream of marathon road",Beaver Creek,STREAM,MAIN,TRUE,TRUE,TBD,FALSE
2022-10-10T16:15:00Z,3.906,beaver_creek_usgs_temp_3,60.65107,-151.09076,US/Alaska (UTC-9 / UTC-8),"west fork beaver creek, upstream of marathon road",Beaver Creek,STREAM,MAIN,TRUE,TRUE,TBD,FALSE
2022-10-10T16:30:00Z,3.88,beaver_creek_usgs_temp_3,60.65107,-151.09076,US/Alaska (UTC-9 / UTC-8),"west fork beaver creek, upstream of marathon road",Beaver Creek,STREAM,MAIN,TRUE,TRUE,TBD,FALSE
2022-10-10T16:45:00Z,3.854,beaver_creek_usgs_temp_3,60.65107,-151.09076,US/Alaska (UTC-9 / UTC-8),"west fork beaver creek, upstream of marathon road",Beaver Creek,STREAM,MAIN,TRUE,TRUE,TBD,FALSE
2022-10-10T17:00:00Z,3.801,beaver_creek_usgs_temp_3,60.65107,-151.09076,US/Alaska (UTC-9 / UTC-8),"west fork beaver creek, upstream of marathon road",Beaver Creek,STREAM,MAIN,TRUE,TRUE,TBD,FALSE
2022-10-10T17:15:00Z,3.749,beaver_creek_usgs_temp_3,60.65107,-151.09076,US/Alaska (UTC-9 / UTC-8),"west fork beaver creek, upstream of marathon road",Beaver Creek,STREAM,MAIN,TRUE,TRUE,TBD,FALSE
2022-10-10T17:30:00Z,3.722,beaver_creek_usgs_temp_3,60.65107,-151.09076,US/Alaska (UTC-9 / UTC-8),"west fork beaver creek, upstream of marathon road",Beaver Creek,STREAM,MAIN,TRUE,TRUE,TBD,FALSE
2022-10-10T17:45:00Z,3.696,beaver_creek_usgs_temp_3,60.65107,-151.09076,US/Alaska (UTC-9 / UTC-8),"west fork beaver creek, upstream of marathon road",Beaver Creek,STREAM,MAIN,TRUE,TRUE,TBD,FALSE
2022-10-10T18:00:00Z,3.67,beaver_creek_usgs_temp_3,60.65107,-151.09076,US/Alaska (UTC-9 / UTC-8),"west fork beaver creek, upstream of marathon road",Beaver Creek,STREAM,MAIN,TRUE,TRUE,TBD,FALSE
2022-10-10T18:15:00Z,3.67,beaver_creek_usgs_temp_3,60.65107,-151.09076,US/Alaska (UTC-9 / UTC-8),"west fork beaver creek, upstream of marathon road",Beaver Creek,STREAM,MAIN,TRUE,TRUE,TBD,FALSE
2022-10-10T18:30:00Z,3.643,beaver_creek_usgs_temp_3,60.65107,-151.09076,US/Alaska (UTC-9 / UTC-8),"west fork beaver creek, upstream of marathon road",Beaver Creek,STREAM,MAIN,TRUE,TRUE,TBD,FALSE
2022-10-10T18:45:00Z,3.643,beaver_creek_usgs_temp_3,60.65107,-151.09076,US/Alaska (UTC-9 / UTC-8),"west fork beaver creek, upstream of marathon road",Beaver Creek,STREAM,MAIN,TRUE,TRUE,TBD,FALSE
2022-10-10T19:00:00Z,3.617,beaver_creek_usgs_temp_3,60.65107,-151.09076,US/Alaska (UTC-9 / UTC-8),"west fork beaver creek, upstream of marathon road",Beaver Creek,STREAM,MAIN,TRUE,TRUE,TBD,FALSE
2022-10-10T19:15:00Z,3.617,beaver_creek_usgs_temp_3,60.65107,-151.09076,US/Alaska (UTC-9 / UTC-8),"west fork beaver creek, upstream of marathon road",Beaver Creek,STREAM,MAIN,TRUE,TRUE,TBD,FALSE
2022-10-10T19:30:00Z,3.591,beaver_creek_usgs_temp_3,60.65107,-151.09076,US/Alaska (UTC-9 / UTC-8),"west fork beaver creek, upstream of marathon road",Beaver Creek,STREAM,MAIN,TRUE,TRUE,TBD,FALSE
2022-10-10T19:45:00Z,3.591,beaver_creek_usgs_temp_3,60.65107,-151.09076,US/Alaska (UTC-9 / UTC-8),"west fork beaver creek, upstream of marathon road",Beaver Creek,STREAM,MAIN,TRUE,TRUE,TBD,FALSE
2022-10-10T20:00:00Z,3.591,beaver_creek_usgs_temp_3,60.65107,-151.09076,US/Alaska (UTC-9 / UTC-8),"west fork beaver creek, upstream of marathon road",Beaver Creek,STREAM,MAIN,TRUE,TRUE,TBD,FALSE
2022-10-10T20:15:00Z,3.564,beaver_creek_usgs_temp_3,60.65107,-151.09076,US/Alaska (UTC-9 / UTC-8),"west fork beaver creek, upstream of marathon road",Beaver Creek,STREAM,MAIN,TRUE,TRUE,TBD,FALSE
2022-10-10T20:30:00Z,3.538,beaver_creek_usgs_temp_3,60.65107,-151.09076,US/Alaska (UTC-9 / UTC-8),"west fork beaver creek, upstream of marathon road",Beaver Creek,STREAM,MAIN,TRUE,TRUE,TBD,FALSE
2022-10-10T20:45:00Z,3.538,beaver_creek_usgs_temp_3,60.65107,-151.09076,US/Alaska (UTC-9 / UTC-8),"west fork beaver creek, upstream of marathon road",Beaver Creek,STREAM,MAIN,TRUE,TRUE,TBD,FALSE
2022-10-10T21:00:00Z,3.538,beaver_creek_usgs_temp_3,60.65107,-151.09076,US/Alaska (UTC-9 / UTC-8),"west fork beaver creek, upstream of marathon road",Beaver Creek,STREAM,MAIN,TRUE,TRUE,TBD,FALSE
2022-10-10T21:15:00Z,3.538,beaver_creek_usgs_temp_3,60.65107,-151.09076,US/Alaska (UTC-9 / UTC-8),"west fork beaver creek, upstream of marathon road",Beaver Creek,STREAM,MAIN,TRUE,TRUE,TBD,FALSE
2022-10-10T21:30:00Z,3.538,beaver_creek_usgs_temp_3,60.65107,-151.09076,US/Alaska (UTC-9 / UTC-8),"west fork beaver creek, upstream of marathon road",Beaver Creek,STREAM,MAIN,TRUE,TRUE,TBD,FALSE
2022-10-10T21:45:00Z,3.538,beaver_creek_usgs_temp_3,60.65107,-151.09076,US/Alaska (UTC-9 / UTC-8),"west fork beaver creek, upstream of marathon road",Beaver Creek,STREAM,MAIN,TRUE,TRUE,TBD,FALSE
2022-10-10T22:00:00Z,3.512,beaver_creek_usgs_temp_3,60.65107,-151.09076,US/Alaska (UTC-9 / UTC-8),"west fork beaver creek, upstream of marathon road",Beaver Creek,STREAM,MAIN,TRUE,TRUE,TBD,FALSE
2022-10-10T22:15:00Z,3.512,beaver_creek_usgs_temp_3,60.65107,-151.09076,US/Alaska (UTC-9 / UTC-8),"west fork beaver creek, upstream of marathon road",Beaver Creek,STREAM,MAIN,TRUE,TRUE,TBD,FALSE
2022-10-10T22:30:00Z,3.485,beaver_creek_usgs_temp_3,60.65107,-151.09076,US/Alaska (UTC-9 / UTC-8),"west fork beaver creek, upstream of marathon road",Beaver Creek,STREAM,MAIN,TRUE,TRUE,TBD,FALSE
2022-10-10T22:45:00Z,3.485,beaver_creek_usgs_temp_3,60.65107,-151.09076,US/Alaska (UTC-9 / UTC-8),"west fork beaver creek, upstream of marathon road",Beaver Creek,STREAM,MAIN,TRUE,TRUE,TBD,FALSE
2022-10-10T23:00:00Z,3.485,beaver_creek_usgs_temp_3,60.65107,-151.09076,US/Alaska (UTC-9 / UTC-8),"west fork beaver creek, upstream of marathon road",Beaver Creek,STREAM,MAIN,TRUE,TRUE,TBD,FALSE
2022-10-10T23:15:00Z,3.459,beaver_creek_usgs_temp_3,60.65107,-151.09076,US/Alaska (UTC-9 / UTC-8),"west fork beaver creek, upstream of marathon road",Beaver Creek,STREAM,MAIN,TRUE,TRUE,TBD,FALSE
2022-10-10T23:30:00Z,3.433,beaver_creek_usgs_temp_3,60.65107,-151.09076,US/Alaska (UTC-9 / UTC-8),"west fork beaver creek, upstream of marathon road",Beaver Creek,STREAM,MAIN,TRUE,TRUE,TBD,FALSE
2022-10-10T23:45:00Z,3.433,beaver_creek_usgs_temp_3,60.65107,-151.09076,US/Alaska (UTC-9 / UTC-8),"west fork beaver creek, upstream of marathon road",Beaver Creek,STREAM,MAIN,TRUE,TRUE,TBD,FALSE
2022-10-11T00:00:00Z,3.406,beaver_creek_usgs_temp_3,60.65107,-151.09076,US/Alaska (UTC-9 / UTC-8),"west fork beaver creek, upstream of marathon road",Beaver Creek,STREAM,MAIN,TRUE,TRUE,TBD,FALSE
2022-10-11T00:15:00Z,3.406,beaver_creek_usgs_temp_3,60.65107,-151.09076,US/Alaska (UTC-9 / UTC-8),"west fork beaver creek, upstream of marathon road",Beaver Creek,STREAM,MAIN,TRUE,TRUE,TBD,FALSE
2022-10-11T00:30:00Z,3.38,beaver_creek_usgs_temp_3,60.65107,-151.09076,US/Alaska (UTC-9 / UTC-8),"west fork beaver creek, upstream of marathon road",Beaver Creek,STREAM,MAIN,TRUE,TRUE,TBD,FALSE
2022-10-11T00:45:00Z,3.354,beaver_creek_usgs_temp_3,60.65107,-151.09076,US/Alaska (UTC-9 / UTC-8),"west fork beaver creek, upstream of marathon road",Beaver Creek,STREAM,MAIN,TRUE,TRUE,TBD,FALSE
2022-10-11T01:00:00Z,3.301,beaver_creek_usgs_temp_3,60.65107,-151.09076,US/Alaska (UTC-9 / UTC-8),"west fork beaver creek, upstream of marathon road",Beaver Creek,STREAM,MAIN,TRUE,TRUE,TBD,FALSE
2022-10-11T01:15:00Z,3.248,beaver_creek_usgs_temp_3,60.65107,-151.09076,US/Alaska (UTC-9 / UTC-8),"west fork beaver creek, upstream of marathon road",Beaver Creek,STREAM,MAIN,TRUE,TRUE,TBD,FALSE
2022-10-11T01:30:00Z,3.221,beaver_creek_usgs_temp_3,60.65107,-151.09076,US/Alaska (UTC-9 / UTC-8),"west fork beaver creek, upstream of marathon road",Beaver Creek,STREAM,MAIN,TRUE,TRUE,TBD,FALSE
2022-10-11T01:45:00Z,3.195,beaver_creek_usgs_temp_3,60.65107,-151.09076,US/Alaska (UTC-9 / UTC-8),"west fork beaver creek, upstream of marathon road",Beaver Creek,STREAM,MAIN,TRUE,TRUE,TBD,FALSE
2022-10-11T02:00:00Z,3.168,beaver_creek_usgs_temp_3,60.65107,-151.09076,US/Alaska (UTC-9 / UTC-8),"west fork beaver creek, upstream of marathon road",Beaver Creek,STREAM,MAIN,TRUE,TRUE,TBD,FALSE
2022-10-11T02:15:00Z,3.142,beaver_creek_usgs_temp_3,60.65107,-151.09076,US/Alaska (UTC-9 / UTC-8),"west fork beaver creek, upstream of marathon road",Beaver Creek,STREAM,MAIN,TRUE,TRUE,TBD,FALSE
2022-10-11T02:30:00Z,3.116,beaver_creek_usgs_temp_3,60.65107,-151.09076,US/Alaska (UTC-9 / UTC-8),"west fork beaver creek, upstream of marathon road",Beaver Creek,STREAM,MAIN,TRUE,TRUE,TBD,FALSE
2022-10-11T02:45:00Z,3.116,beaver_creek_usgs_temp_3,60.65107,-151.09076,US/Alaska (UTC-9 / UTC-8),"west fork beaver creek, upstream of marathon road",Beaver Creek,STREAM,MAIN,TRUE,TRUE,TBD,FALSE
2022-10-11T03:00:00Z,3.089,beaver_creek_usgs_temp_3,60.65107,-151.09076,US/Alaska (UTC-9 / UTC-8),"west fork beaver creek, upstream of marathon road",Beaver Creek,STREAM,MAIN,TRUE,TRUE,TBD,FALSE
2022-10-11T03:15:00Z,3.063,beaver_creek_usgs_temp_3,60.65107,-151.09076,US/Alaska (UTC-9 / UTC-8),"west fork beaver creek, upstream of marathon road",Beaver Creek,STREAM,MAIN,TRUE,TRUE,TBD,FALSE
2022-10-11T03:30:00Z,3.036,beaver_creek_usgs_temp_3,60.65107,-151.09076,US/Alaska (UTC-9 / UTC-8),"west fork beaver creek, upstream of marathon road",Beaver Creek,STREAM,MAIN,TRUE,TRUE,TBD,FALSE
2022-10-11T03:45:00Z,3.009,beaver_creek_usgs_temp_3,60.65107,-151.09076,US/Alaska (UTC-9 / UTC-8),"west fork beaver creek, upstream of marathon road",Beaver Creek,STREAM,MAIN,TRUE,TRUE,TBD,FALSE
2022-10-11T04:00:00Z,3.009,beaver_creek_usgs_temp_3,60.65107,-151.09076,US/Alaska (UTC-9 / UTC-8),"west fork beaver creek, upstream of marathon road",Beaver Creek,STREAM,MAIN,TRUE,TRUE,TBD,FALSE
2022-10-11T04:15:00Z,2.956,beaver_creek_usgs_temp_3,60.65107,-151.09076,US/Alaska (UTC-9 / UTC-8),"west fork beaver creek, upstream of marathon road",Beaver Creek,STREAM,MAIN,TRUE,TRUE,TBD,FALSE
2022-10-11T04:30:00Z,2.93,beaver_creek_usgs_temp_3,60.65107,-151.09076,US/Alaska (UTC-9 / UTC-8),"west fork beaver creek, upstream of marathon road",Beaver Creek,STREAM,MAIN,TRUE,TRUE,TBD,FALSE
2022-10-11T04:45:00Z,2.903,beaver_creek_usgs_temp_3,60.65107,-151.09076,US/Alaska (UTC-9 / UTC-8),"west fork beaver creek, upstream of marathon road",Beaver Creek,STREAM,MAIN,TRUE,TRUE,TBD,FALSE
2022-10-11T05:00:00Z,2.85,beaver_creek_usgs_temp_3,60.65107,-151.09076,US/Alaska (UTC-9 / UTC-8),"west fork beaver creek, upstream of marathon road",Beaver Creek,STREAM,MAIN,TRUE,TRUE,TBD,FALSE
2022-10-11T05:15:00Z,2.797,beaver_creek_usgs_temp_3,60.65107,-151.09076,US/Alaska (UTC-9 / UTC-8),"west fork beaver creek, upstream of marathon road",Beaver Creek,STREAM,MAIN,TRUE,TRUE,TBD,FALSE
2022-10-11T05:30:00Z,2.744,beaver_creek_usgs_temp_3,60.65107,-151.09076,US/Alaska (UTC-9 / UTC-8),"west fork beaver creek, upstream of marathon road",Beaver Creek,STREAM,MAIN,TRUE,TRUE,TBD,FALSE
2022-10-11T05:45:00Z,2.717,beaver_creek_usgs_temp_3,60.65107,-151.09076,US/Alaska (UTC-9 / UTC-8),"west fork beaver creek, upstream of marathon road",Beaver Creek,STREAM,MAIN,TRUE,TRUE,TBD,FALSE
2022-10-11T06:00:00Z,2.664,beaver_creek_usgs_temp_3,60.65107,-151.09076,US/Alaska (UTC-9 / UTC-8),"west fork beaver creek, upstream of marathon road",Beaver Creek,STREAM,MAIN,TRUE,TRUE,TBD,FALSE
2022-10-11T06:15:00Z,2.61,beaver_creek_usgs_temp_3,60.65107,-151.09076,US/Alaska (UTC-9 / UTC-8),"west fork beaver creek, upstream of marathon road",Beaver Creek,STREAM,MAIN,TRUE,TRUE,TBD,FALSE
2022-10-11T06:30:00Z,2.557,beaver_creek_usgs_temp_3,60.65107,-151.09076,US/Alaska (UTC-9 / UTC-8),"west fork beaver creek, upstream of marathon road",Beaver Creek,STREAM,MAIN,TRUE,TRUE,TBD,FALSE
2022-10-11T06:45:00Z,2.53,beaver_creek_usgs_temp_3,60.65107,-151.09076,US/Alaska (UTC-9 / UTC-8),"west fork beaver creek, upstream of marathon road",Beaver Creek,STREAM,MAIN,TRUE,TRUE,TBD,FALSE
2022-10-11T07:00:00Z,2.477,beaver_creek_usgs_temp_3,60.65107,-151.09076,US/Alaska (UTC-9 / UTC-8),"west fork beaver creek, upstream of marathon road",Beaver Creek,STREAM,MAIN,TRUE,TRUE,TBD,FALSE
2022-10-11T07:15:00Z,2.423,beaver_creek_usgs_temp_3,60.65107,-151.09076,US/Alaska (UTC-9 / UTC-8),"west fork beaver creek, upstream of marathon road",Beaver Creek,STREAM,MAIN,TRUE,TRUE,TBD,FALSE
2022-10-11T07:30:00Z,2.37,beaver_creek_usgs_temp_3,60.65107,-151.09076,US/Alaska (UTC-9 / UTC-8),"west fork beaver creek, upstream of marathon road",Beaver Creek,STREAM,MAIN,TRUE,TRUE,TBD,FALSE
2022-10-11T07:45:00Z,2.316,beaver_creek_usgs_temp_3,60.65107,-151.09076,US/Alaska (UTC-9 / UTC-8),"west fork beaver creek, upstream of marathon road",Beaver Creek,STREAM,MAIN,TRUE,TRUE,TBD,FALSE
2022-10-11T08:00:00Z,2.262,beaver_creek_usgs_temp_3,60.65107,-151.09076,US/Alaska (UTC-9 / UTC-8),"west fork beaver creek, upstream of marathon road",Beaver Creek,STREAM,MAIN,TRUE,TRUE,TBD,FALSE
2022-10-11T08:15:00Z,2.182,beaver_creek_usgs_temp_3,60.65107,-151.09076,US/Alaska (UTC-9 / UTC-8),"west fork beaver creek, upstream of marathon road",Beaver Creek,STREAM,MAIN,TRUE,TRUE,TBD,FALSE
2022-10-11T08:30:00Z,2.128,beaver_creek_usgs_temp_3,60.65107,-151.09076,US/Alaska (UTC-9 / UTC-8),"west fork beaver creek, upstream of marathon road",Beaver Creek,STREAM,MAIN,TRUE,TRUE,TBD,FALSE
2022-10-11T08:45:00Z,2.074,beaver_creek_usgs_temp_3,60.65107,-151.09076,US/Alaska (UTC-9 / UTC-8),"west fork beaver creek, upstream of marathon road",Beaver Creek,STREAM,MAIN,TRUE,TRUE,TBD,FALSE
2022-10-11T09:00:00Z,2.047,beaver_creek_usgs_temp_3,60.65107,-151.09076,US/Alaska (UTC-9 / UTC-8),"west fork beaver creek, upstream of marathon road",Beaver Creek,STREAM,MAIN,TRUE,TRUE,TBD,FALSE
2022-10-11T09:15:00Z,2.047,beaver_creek_usgs_temp_3,60.65107,-151.09076,US/Alaska (UTC-9 / UTC-8),"west fork beaver creek, upstream of marathon road",Beaver Creek,STREAM,MAIN,TRUE,TRUE,TBD,FALSE
2022-10-11T09:30:00Z,2.047,beaver_creek_usgs_temp_3,60.65107,-151.09076,US/Alaska (UTC-9 / UTC-8),"west fork beaver creek, upstream of marathon road",Beaver Creek,STREAM,MAIN,TRUE,TRUE,TBD,FALSE
2022-10-11T09:45:00Z,2.021,beaver_creek_usgs_temp_3,60.65107,-151.09076,US/Alaska (UTC-9 / UTC-8),"west fork beaver creek, upstream of marathon road",Beaver Creek,STREAM,MAIN,TRUE,TRUE,TBD,FALSE
2022-10-11T10:00:00Z,2.021,beaver_creek_usgs_temp_3,60.65107,-151.09076,US/Alaska (UTC-9 / UTC-8),"west fork beaver creek, upstream of marathon road",Beaver Creek,STREAM,MAIN,TRUE,TRUE,TBD,FALSE
2022-10-11T10:15:00Z,2.021,beaver_creek_usgs_temp_3,60.65107,-151.09076,US/Alaska (UTC-9 / UTC-8),"west fork beaver creek, upstream of marathon road",Beaver Creek,STREAM,MAIN,TRUE,TRUE,TBD,FALSE
2022-10-11T10:30:00Z,2.021,beaver_creek_usgs_temp_3,60.65107,-151.09076,US/Alaska (UTC-9 / UTC-8),"west fork beaver creek, upstream of marathon road",Beaver Creek,STREAM,MAIN,TRUE,TRUE,TBD,FALSE
2022-10-11T10:45:00Z,2.047,beaver_creek_usgs_temp_3,60.65107,-151.09076,US/Alaska (UTC-9 / UTC-8),"west fork beaver creek, upstream of marathon road",Beaver Creek,STREAM,MAIN,TRUE,TRUE,TBD,FALSE
2022-10-11T11:00:00Z,2.074,beaver_creek_usgs_temp_3,60.65107,-151.09076,US/Alaska (UTC-9 / UTC-8),"west fork beaver creek, upstream of marathon road",Beaver Creek,STREAM,MAIN,TRUE,TRUE,TBD,FALSE
2022-10-11T11:15:00Z,2.101,beaver_creek_usgs_temp_3,60.65107,-151.09076,US/Alaska (UTC-9 / UTC-8),"west fork beaver creek, upstream of marathon road",Beaver Creek,STREAM,MAIN,TRUE,TRUE,TBD,FALSE
2022-10-11T11:30:00Z,2.155,beaver_creek_usgs_temp_3,60.65107,-151.09076,US/Alaska (UTC-9 / UTC-8),"west fork beaver creek, upstream of marathon road",Beaver Creek,STREAM,MAIN,TRUE,TRUE,TBD,FALSE
2022-10-11T11:45:00Z,2.182,beaver_creek_usgs_temp_3,60.65107,-151.09076,US/Alaska (UTC-9 / UTC-8),"west fork beaver creek, upstream of marathon road",Beaver Creek,STREAM,MAIN,TRUE,TRUE,TBD,FALSE
2022-10-11T12:00:00Z,2.209,beaver_creek_usgs_temp_3,60.65107,-151.09076,US/Alaska (UTC-9 / UTC-8),"west fork beaver creek, upstream of marathon road",Beaver Creek,STREAM,MAIN,TRUE,TRUE,TBD,FALSE
2022-10-11T12:15:00Z,2.262,beaver_creek_usgs_temp_3,60.65107,-151.09076,US/Alaska (UTC-9 / UTC-8),"west fork beaver creek, upstream of marathon road",Beaver Creek,STREAM,MAIN,TRUE,TRUE,TBD,FALSE
2022-10-11T12:30:00Z,2.316,beaver_creek_usgs_temp_3,60.65107,-151.09076,US/Alaska (UTC-9 / UTC-8),"west fork beaver creek, upstream of marathon road",Beaver Creek,STREAM,MAIN,TRUE,TRUE,TBD,FALSE
2022-10-11T12:45:00Z,2.37,beaver_creek_usgs_temp_3,60.65107,-151.09076,US/Alaska (UTC-9 / UTC-8),"west fork beaver creek, upstream of marathon road",Beaver Creek,STREAM,MAIN,TRUE,TRUE,TBD,FALSE
2022-10-11T13:00:00Z,2.423,beaver_creek_usgs_temp_3,60.65107,-151.09076,US/Alaska (UTC-9 / UTC-8),"west fork beaver creek, upstream of marathon road",Beaver Creek,STREAM,MAIN,TRUE,TRUE,TBD,FALSE
2022-10-11T13:15:00Z,2.503,beaver_creek_usgs_temp_3,60.65107,-151.09076,US/Alaska (UTC-9 / UTC-8),"west fork beaver creek, upstream of marathon road",Beaver Creek,STREAM,MAIN,TRUE,TRUE,TBD,FALSE
2022-10-11T13:30:00Z,2.584,beaver_creek_usgs_temp_3,60.65107,-151.09076,US/Alaska (UTC-9 / UTC-8),"west fork beaver creek, upstream of marathon road",Beaver Creek,STREAM,MAIN,TRUE,TRUE,TBD,FALSE
2022-10-11T13:45:00Z,2.637,beaver_creek_usgs_temp_3,60.65107,-151.09076,US/Alaska (UTC-9 / UTC-8),"west fork beaver creek, upstream of marathon road",Beaver Creek,STREAM,MAIN,TRUE,TRUE,TBD,FALSE
2022-10-11T14:00:00Z,2.717,beaver_creek_usgs_temp_3,60.65107,-151.09076,US/Alaska (UTC-9 / UTC-8),"west fork beaver creek, upstream of marathon road",Beaver Creek,STREAM,MAIN,TRUE,TRUE,TBD,FALSE
2022-10-11T14:15:00Z,2.797,beaver_creek_usgs_temp_3,60.65107,-151.09076,US/Alaska (UTC-9 / UTC-8),"west fork beaver creek, upstream of marathon road",Beaver Creek,STREAM,MAIN,TRUE,TRUE,TBD,FALSE
2022-10-11T14:30:00Z,2.85,beaver_creek_usgs_temp_3,60.65107,-151.09076,US/Alaska (UTC-9 / UTC-8),"west fork beaver creek, upstream of marathon road",Beaver Creek,STREAM,MAIN,TRUE,TRUE,TBD,FALSE
2022-10-11T14:45:00Z,2.93,beaver_creek_usgs_temp_3,60.65107,-151.09076,US/Alaska (UTC-9 / UTC-8),"west fork beaver creek, upstream of marathon road",Beaver Creek,STREAM,MAIN,TRUE,TRUE,TBD,FALSE
2022-10-11T15:00:00Z,3.009,beaver_creek_usgs_temp_3,60.65107,-151.09076,US/Alaska (UTC-9 / UTC-8),"west fork beaver creek, upstream of marathon road",Beaver Creek,STREAM,MAIN,TRUE,TRUE,TBD,FALSE
2022-10-11T15:15:00Z,3.063,beaver_creek_usgs_temp_3,60.65107,-151.09076,US/Alaska (UTC-9 / UTC-8),"west fork beaver creek, upstream of marathon road",Beaver Creek,STREAM,MAIN,TRUE,TRUE,TBD,FALSE
2022-10-11T15:30:00Z,3.116,beaver_creek_usgs_temp_3,60.65107,-151.09076,US/Alaska (UTC-9 / UTC-8),"west fork beaver creek, upstream of marathon road",Beaver Creek,STREAM,MAIN,TRUE,TRUE,TBD,FALSE
2022-10-11T15:45:00Z,3.195,beaver_creek_usgs_temp_3,60.65107,-151.09076,US/Alaska (UTC-9 / UTC-8),"west fork beaver creek, upstream of marathon road",Beaver Creek,STREAM,MAIN,TRUE,TRUE,TBD,FALSE
2022-10-11T16:00:00Z,3.248,beaver_creek_usgs_temp_3,60.65107,-151.09076,US/Alaska (UTC-9 / UTC-8),"west fork beaver creek, upstream of marathon road",Beaver Creek,STREAM,MAIN,TRUE,TRUE,TBD,FALSE
2022-10-11T16:15:00Z,3.327,beaver_creek_usgs_temp_3,60.65107,-151.09076,US/Alaska (UTC-9 / UTC-8),"west fork beaver creek, upstream of marathon road",Beaver Creek,STREAM,MAIN,TRUE,TRUE,TBD,FALSE
2022-10-11T16:30:00Z,3.38,beaver_creek_usgs_temp_3,60.65107,-151.09076,US/Alaska (UTC-9 / UTC-8),"west fork beaver creek, upstream of marathon road",Beaver Creek,STREAM,MAIN,TRUE,TRUE,TBD,FALSE
2022-10-11T16:45:00Z,3.406,beaver_creek_usgs_temp_3,60.65107,-151.09076,US/Alaska (UTC-9 / UTC-8),"west fork beaver creek, upstream of marathon road",Beaver Creek,STREAM,MAIN,TRUE,TRUE,TBD,FALSE
2022-10-11T17:00:00Z,3.433,beaver_creek_usgs_temp_3,60.65107,-151.09076,US/Alaska (UTC-9 / UTC-8),"west fork beaver creek, upstream of marathon road",Beaver Creek,STREAM,MAIN,TRUE,TRUE,TBD,FALSE
2022-10-11T17:15:00Z,3.485,beaver_creek_usgs_temp_3,60.65107,-151.09076,US/Alaska (UTC-9 / UTC-8),"west fork beaver creek, upstream of marathon road",Beaver Creek,STREAM,MAIN,TRUE,TRUE,TBD,FALSE
2022-10-11T17:30:00Z,3.512,beaver_creek_usgs_temp_3,60.65107,-151.09076,US/Alaska (UTC-9 / UTC-8),"west fork beaver creek, upstream of marathon road",Beaver Creek,STREAM,MAIN,TRUE,TRUE,TBD,FALSE
2022-10-11T17:45:00Z,3.538,beaver_creek_usgs_temp_3,60.65107,-151.09076,US/Alaska (UTC-9 / UTC-8),"west fork beaver creek, upstream of marathon road",Beaver Creek,STREAM,MAIN,TRUE,TRUE,TBD,FALSE
2022-10-11T18:00:00Z,3.538,beaver_creek_usgs_temp_3,60.65107,-151.09076,US/Alaska (UTC-9 / UTC-8),"west fork beaver creek, upstream of marathon road",Beaver Creek,STREAM,MAIN,TRUE,TRUE,TBD,FALSE
2022-10-11T18:15:00Z,3.564,beaver_creek_usgs_temp_3,60.65107,-151.09076,US/Alaska (UTC-9 / UTC-8),"west fork beaver creek, upstream of marathon road",Beaver Creek,STREAM,MAIN,TRUE,TRUE,TBD,FALSE
2022-10-11T18:30:00Z,3.564,beaver_creek_usgs_temp_3,60.65107,-151.09076,US/Alaska (UTC-9 / UTC-8),"west fork beaver creek, upstream of marathon road",Beaver Creek,STREAM,MAIN,TRUE,TRUE,TBD,FALSE
2022-10-11T18:45:00Z,3.538,beaver_creek_usgs_temp_3,60.65107,-151.09076,US/Alaska (UTC-9 / UTC-8),"west fork beaver creek, upstream of marathon road",Beaver Creek,STREAM,MAIN,TRUE,TRUE,TBD,FALSE
2022-10-11T19:00:00Z,3.538,beaver_creek_usgs_temp_3,60.65107,-151.09076,US/Alaska (UTC-9 / UTC-8),"west fork beaver creek, upstream of marathon road",Beaver Creek,STREAM,MAIN,TRUE,TRUE,TBD,FALSE
2022-10-11T19:15:00Z,3.512,beaver_creek_usgs_temp_3,60.65107,-151.09076,US/Alaska (UTC-9 / UTC-8),"west fork beaver creek, upstream of marathon road",Beaver Creek,STREAM,MAIN,TRUE,TRUE,TBD,FALSE
2022-10-11T19:30:00Z,3.512,beaver_creek_usgs_temp_3,60.65107,-151.09076,US/Alaska (UTC-9 / UTC-8),"west fork beaver creek, upstream of marathon road",Beaver Creek,STREAM,MAIN,TRUE,TRUE,TBD,FALSE
2022-10-11T19:45:00Z,3.485,beaver_creek_usgs_temp_3,60.65107,-151.09076,US/Alaska (UTC-9 / UTC-8),"west fork beaver creek, upstream of marathon road",Beaver Creek,STREAM,MAIN,TRUE,TRUE,TBD,FALSE
2022-10-11T20:00:00Z,3.485,beaver_creek_usgs_temp_3,60.65107,-151.09076,US/Alaska (UTC-9 / UTC-8),"west fork beaver creek, upstream of marathon road",Beaver Creek,STREAM,MAIN,TRUE,TRUE,TBD,FALSE
2022-10-11T20:15:00Z,3.485,beaver_creek_usgs_temp_3,60.65107,-151.09076,US/Alaska (UTC-9 / UTC-8),"west fork beaver creek, upstream of marathon road",Beaver Creek,STREAM,MAIN,TRUE,TRUE,TBD,FALSE
2022-10-11T20:30:00Z,3.485,beaver_creek_usgs_temp_3,60.65107,-151.09076,US/Alaska (UTC-9 / UTC-8),"west fork beaver creek, upstream of marathon road",Beaver Creek,STREAM,MAIN,TRUE,TRUE,TBD,FALSE
2022-10-11T20:45:00Z,3.459,beaver_creek_usgs_temp_3,60.65107,-151.09076,US/Alaska (UTC-9 / UTC-8),"west fork beaver creek, upstream of marathon road",Beaver Creek,STREAM,MAIN,TRUE,TRUE,TBD,FALSE
2022-10-11T21:00:00Z,3.459,beaver_creek_usgs_temp_3,60.65107,-151.09076,US/Alaska (UTC-9 / UTC-8),"west fork beaver creek, upstream of marathon road",Beaver Creek,STREAM,MAIN,TRUE,TRUE,TBD,FALSE
2022-10-11T21:15:00Z,3.433,beaver_creek_usgs_temp_3,60.65107,-151.09076,US/Alaska (UTC-9 / UTC-8),"west fork beaver creek, upstream of marathon road",Beaver Creek,STREAM,MAIN,TRUE,TRUE,TBD,FALSE
2022-10-11T21:30:00Z,3.433,beaver_creek_usgs_temp_3,60.65107,-151.09076,US/Alaska (UTC-9 / UTC-8),"west fork beaver creek, upstream of marathon road",Beaver Creek,STREAM,MAIN,TRUE,TRUE,TBD,FALSE
2022-10-11T21:45:00Z,3.433,beaver_creek_usgs_temp_3,60.65107,-151.09076,US/Alaska (UTC-9 / UTC-8),"west fork beaver creek, upstream of marathon road",Beaver Creek,STREAM,MAIN,TRUE,TRUE,TBD,FALSE
2022-10-11T22:00:00Z,3.406,beaver_creek_usgs_temp_3,60.65107,-151.09076,US/Alaska (UTC-9 / UTC-8),"west fork beaver creek, upstream of marathon road",Beaver Creek,STREAM,MAIN,TRUE,TRUE,TBD,FALSE
2022-10-11T22:15:00Z,3.406,beaver_creek_usgs_temp_3,60.65107,-151.09076,US/Alaska (UTC-9 / UTC-8),"west fork beaver creek, upstream of marathon road",Beaver Creek,STREAM,MAIN,TRUE,TRUE,TBD,FALSE
2022-10-11T22:30:00Z,3.38,beaver_creek_usgs_temp_3,60.65107,-151.09076,US/Alaska (UTC-9 / UTC-8),"west fork beaver creek, upstream of marathon road",Beaver Creek,STREAM,MAIN,TRUE,TRUE,TBD,FALSE
2022-10-11T22:45:00Z,3.327,beaver_creek_usgs_temp_3,60.65107,-151.09076,US/Alaska (UTC-9 / UTC-8),"west fork beaver creek, upstream of marathon road",Beaver Creek,STREAM,MAIN,TRUE,TRUE,TBD,FALSE
2022-10-11T23:00:00Z,3.301,beaver_creek_usgs_temp_3,60.65107,-151.09076,US/Alaska (UTC-9 / UTC-8),"west fork beaver creek, upstream of marathon road",Beaver Creek,STREAM,MAIN,TRUE,TRUE,TBD,FALSE
2022-10-11T23:15:00Z,3.274,beaver_creek_usgs_temp_3,60.65107,-151.09076,US/Alaska (UTC-9 / UTC-8),"west fork beaver creek, upstream of marathon road",Beaver Creek,STREAM,MAIN,TRUE,TRUE,TBD,FALSE
2022-10-11T23:30:00Z,3.221,beaver_creek_usgs_temp_3,60.65107,-151.09076,US/Alaska (UTC-9 / UTC-8),"west fork beaver creek, upstream of marathon road",Beaver Creek,STREAM,MAIN,TRUE,TRUE,TBD,FALSE
2022-10-11T23:45:00Z,3.195,beaver_creek_usgs_temp_3,60.65107,-151.09076,US/Alaska (UTC-9 / UTC-8),"west fork beaver creek, upstream of marathon road",Beaver Creek,STREAM,MAIN,TRUE,TRUE,TBD,FALSE
2022-10-12T00:00:00Z,3.142,beaver_creek_usgs_temp_3,60.65107,-151.09076,US/Alaska (UTC-9 / UTC-8),"west fork beaver creek, upstream of marathon road",Beaver Creek,STREAM,MAIN,TRUE,TRUE,TBD,FALSE
2022-10-12T00:15:00Z,3.089,beaver_creek_usgs_temp_3,60.65107,-151.09076,US/Alaska (UTC-9 / UTC-8),"west fork beaver creek, upstream of marathon road",Beaver Creek,STREAM,MAIN,TRUE,TRUE,TBD,FALSE
2022-10-12T00:30:00Z,3.036,beaver_creek_usgs_temp_3,60.65107,-151.09076,US/Alaska (UTC-9 / UTC-8),"west fork beaver creek, upstream of marathon road",Beaver Creek,STREAM,MAIN,TRUE,TRUE,TBD,FALSE
2022-10-12T00:45:00Z,2.983,beaver_creek_usgs_temp_3,60.65107,-151.09076,US/Alaska (UTC-9 / UTC-8),"west fork beaver creek, upstream of marathon road",Beaver Creek,STREAM,MAIN,TRUE,TRUE,TBD,FALSE
2022-10-12T01:00:00Z,2.93,beaver_creek_usgs_temp_3,60.65107,-151.09076,US/Alaska (UTC-9 / UTC-8),"west fork beaver creek, upstream of marathon road",Beaver Creek,STREAM,MAIN,TRUE,TRUE,TBD,FALSE
2022-10-12T01:15:00Z,2.85,beaver_creek_usgs_temp_3,60.65107,-151.09076,US/Alaska (UTC-9 / UTC-8),"west fork beaver creek, upstream of marathon road",Beaver Creek,STREAM,MAIN,TRUE,TRUE,TBD,FALSE
2022-10-12T01:30:00Z,2.797,beaver_creek_usgs_temp_3,60.65107,-151.09076,US/Alaska (UTC-9 / UTC-8),"west fork beaver creek, upstream of marathon road",Beaver Creek,STREAM,MAIN,TRUE,TRUE,TBD,FALSE
2022-10-12T01:45:00Z,2.744,beaver_creek_usgs_temp_3,60.65107,-151.09076,US/Alaska (UTC-9 / UTC-8),"west fork beaver creek, upstream of marathon road",Beaver Creek,STREAM,MAIN,TRUE,TRUE,TBD,FALSE
2022-10-12T02:00:00Z,2.69,beaver_creek_usgs_temp_3,60.65107,-151.09076,US/Alaska (UTC-9 / UTC-8),"west fork beaver creek, upstream of marathon road",Beaver Creek,STREAM,MAIN,TRUE,TRUE,TBD,FALSE
2022-10-12T02:15:00Z,2.637,beaver_creek_usgs_temp_3,60.65107,-151.09076,US/Alaska (UTC-9 / UTC-8),"west fork beaver creek, upstream of marathon road",Beaver Creek,STREAM,MAIN,TRUE,TRUE,TBD,FALSE
2022-10-12T02:30:00Z,2.584,beaver_creek_usgs_temp_3,60.65107,-151.09076,US/Alaska (UTC-9 / UTC-8),"west fork beaver creek, upstream of marathon road",Beaver Creek,STREAM,MAIN,TRUE,TRUE,TBD,FALSE
2022-10-12T02:45:00Z,2.53,beaver_creek_usgs_temp_3,60.65107,-151.09076,US/Alaska (UTC-9 / UTC-8),"west fork beaver creek, upstream of marathon road",Beaver Creek,STREAM,MAIN,TRUE,TRUE,TBD,FALSE
2022-10-12T03:00:00Z,2.477,beaver_creek_usgs_temp_3,60.65107,-151.09076,US/Alaska (UTC-9 / UTC-8),"west fork beaver creek, upstream of marathon road",Beaver Creek,STREAM,MAIN,TRUE,TRUE,TBD,FALSE
2022-10-12T03:15:00Z,2.423,beaver_creek_usgs_temp_3,60.65107,-151.09076,US/Alaska (UTC-9 / UTC-8),"west fork beaver creek, upstream of marathon road",Beaver Creek,STREAM,MAIN,TRUE,TRUE,TBD,FALSE
2022-10-12T03:30:00Z,2.37,beaver_creek_usgs_temp_3,60.65107,-151.09076,US/Alaska (UTC-9 / UTC-8),"west fork beaver creek, upstream of marathon road",Beaver Creek,STREAM,MAIN,TRUE,TRUE,TBD,FALSE
2022-10-12T03:45:00Z,2.316,beaver_creek_usgs_temp_3,60.65107,-151.09076,US/Alaska (UTC-9 / UTC-8),"west fork beaver creek, upstream of marathon road",Beaver Creek,STREAM,MAIN,TRUE,TRUE,TBD,FALSE
2022-10-12T04:00:00Z,2.262,beaver_creek_usgs_temp_3,60.65107,-151.09076,US/Alaska (UTC-9 / UTC-8),"west fork beaver creek, upstream of marathon road",Beaver Creek,STREAM,MAIN,TRUE,TRUE,TBD,FALSE
2022-10-12T04:15:00Z,2.209,beaver_creek_usgs_temp_3,60.65107,-151.09076,US/Alaska (UTC-9 / UTC-8),"west fork beaver creek, upstream of marathon road",Beaver Creek,STREAM,MAIN,TRUE,TRUE,TBD,FALSE
2022-10-12T04:30:00Z,2.182,beaver_creek_usgs_temp_3,60.65107,-151.09076,US/Alaska (UTC-9 / UTC-8),"west fork beaver creek, upstream of marathon road",Beaver Creek,STREAM,MAIN,TRUE,TRUE,TBD,FALSE
2022-10-12T04:45:00Z,2.128,beaver_creek_usgs_temp_3,60.65107,-151.09076,US/Alaska (UTC-9 / UTC-8),"west fork beaver creek, upstream of marathon road",Beaver Creek,STREAM,MAIN,TRUE,TRUE,TBD,FALSE
2022-10-12T05:00:00Z,2.074,beaver_creek_usgs_temp_3,60.65107,-151.09076,US/Alaska (UTC-9 / UTC-8),"west fork beaver creek, upstream of marathon road",Beaver Creek,STREAM,MAIN,TRUE,TRUE,TBD,FALSE
2022-10-12T05:15:00Z,2.047,beaver_creek_usgs_temp_3,60.65107,-151.09076,US/Alaska (UTC-9 / UTC-8),"west fork beaver creek, upstream of marathon road",Beaver Creek,STREAM,MAIN,TRUE,TRUE,TBD,FALSE
2022-10-12T05:30:00Z,1.994,beaver_creek_usgs_temp_3,60.65107,-151.09076,US/Alaska (UTC-9 / UTC-8),"west fork beaver creek, upstream of marathon road",Beaver Creek,STREAM,MAIN,TRUE,TRUE,TBD,FALSE
2022-10-12T05:45:00Z,1.94,beaver_creek_usgs_temp_3,60.65107,-151.09076,US/Alaska (UTC-9 / UTC-8),"west fork beaver creek, upstream of marathon road",Beaver Creek,STREAM,MAIN,TRUE,TRUE,TBD,FALSE
2022-10-12T06:00:00Z,1.886,beaver_creek_usgs_temp_3,60.65107,-151.09076,US/Alaska (UTC-9 / UTC-8),"west fork beaver creek, upstream of marathon road",Beaver Creek,STREAM,MAIN,TRUE,TRUE,TBD,FALSE
2022-10-12T06:15:00Z,1.832,beaver_creek_usgs_temp_3,60.65107,-151.09076,US/Alaska (UTC-9 / UTC-8),"west fork beaver creek, upstream of marathon road",Beaver Creek,STREAM,MAIN,TRUE,TRUE,TBD,FALSE
2022-10-12T06:30:00Z,1.805,beaver_creek_usgs_temp_3,60.65107,-151.09076,US/Alaska (UTC-9 / UTC-8),"west fork beaver creek, upstream of marathon road",Beaver Creek,STREAM,MAIN,TRUE,TRUE,TBD,FALSE
2022-10-12T06:45:00Z,1.751,beaver_creek_usgs_temp_3,60.65107,-151.09076,US/Alaska (UTC-9 / UTC-8),"west fork beaver creek, upstream of marathon road",Beaver Creek,STREAM,MAIN,TRUE,TRUE,TBD,FALSE
2022-10-12T07:00:00Z,1.697,beaver_creek_usgs_temp_3,60.65107,-151.09076,US/Alaska (UTC-9 / UTC-8),"west fork beaver creek, upstream of marathon road",Beaver Creek,STREAM,MAIN,TRUE,TRUE,TBD,FALSE
2022-10-12T07:15:00Z,1.67,beaver_creek_usgs_temp_3,60.65107,-151.09076,US/Alaska (UTC-9 / UTC-8),"west fork beaver creek, upstream of marathon road",Beaver Creek,STREAM,MAIN,TRUE,TRUE,TBD,FALSE
2022-10-12T07:30:00Z,1.615,beaver_creek_usgs_temp_3,60.65107,-151.09076,US/Alaska (UTC-9 / UTC-8),"west fork beaver creek, upstream of marathon road",Beaver Creek,STREAM,MAIN,TRUE,TRUE,TBD,FALSE
2022-10-12T07:45:00Z,1.588,beaver_creek_usgs_temp_3,60.65107,-151.09076,US/Alaska (UTC-9 / UTC-8),"west fork beaver creek, upstream of marathon road",Beaver Creek,STREAM,MAIN,TRUE,TRUE,TBD,FALSE
2022-10-12T08:00:00Z,1.534,beaver_creek_usgs_temp_3,60.65107,-151.09076,US/Alaska (UTC-9 / UTC-8),"west fork beaver creek, upstream of marathon road",Beaver Creek,STREAM,MAIN,TRUE,TRUE,TBD,FALSE
2022-10-12T08:15:00Z,1.507,beaver_creek_usgs_temp_3,60.65107,-151.09076,US/Alaska (UTC-9 / UTC-8),"west fork beaver creek, upstream of marathon road",Beaver Creek,STREAM,MAIN,TRUE,TRUE,TBD,FALSE
2022-10-12T08:30:00Z,1.48,beaver_creek_usgs_temp_3,60.65107,-151.09076,US/Alaska (UTC-9 / UTC-8),"west fork beaver creek, upstream of marathon road",Beaver Creek,STREAM,MAIN,TRUE,TRUE,TBD,FALSE
2022-10-12T08:45:00Z,1.453,beaver_creek_usgs_temp_3,60.65107,-151.09076,US/Alaska (UTC-9 / UTC-8),"west fork beaver creek, upstream of marathon road",Beaver Creek,STREAM,MAIN,TRUE,TRUE,TBD,FALSE
2022-10-12T09:00:00Z,1.398,beaver_creek_usgs_temp_3,60.65107,-151.09076,US/Alaska (UTC-9 / UTC-8),"west fork beaver creek, upstream of marathon road",Beaver Creek,STREAM,MAIN,TRUE,TRUE,TBD,FALSE
2022-10-12T09:15:00Z,1.398,beaver_creek_usgs_temp_3,60.65107,-151.09076,US/Alaska (UTC-9 / UTC-8),"west fork beaver creek, upstream of marathon road",Beaver Creek,STREAM,MAIN,TRUE,TRUE,TBD,FALSE
2022-10-12T09:30:00Z,1.344,beaver_creek_usgs_temp_3,60.65107,-151.09076,US/Alaska (UTC-9 / UTC-8),"west fork beaver creek, upstream of marathon road",Beaver Creek,STREAM,MAIN,TRUE,TRUE,TBD,FALSE
2022-10-12T09:45:00Z,1.317,beaver_creek_usgs_temp_3,60.65107,-151.09076,US/Alaska (UTC-9 / UTC-8),"west fork beaver creek, upstream of marathon road",Beaver Creek,STREAM,MAIN,TRUE,TRUE,TBD,FALSE
2022-10-12T10:00:00Z,1.289,beaver_creek_usgs_temp_3,60.65107,-151.09076,US/Alaska (UTC-9 / UTC-8),"west fork beaver creek, upstream of marathon road",Beaver Creek,STREAM,MAIN,TRUE,TRUE,TBD,FALSE
2022-10-12T10:15:00Z,1.289,beaver_creek_usgs_temp_3,60.65107,-151.09076,US/Alaska (UTC-9 / UTC-8),"west fork beaver creek, upstream of marathon road",Beaver Creek,STREAM,MAIN,TRUE,TRUE,TBD,FALSE
2022-10-12T10:30:00Z,1.262,beaver_creek_usgs_temp_3,60.65107,-151.09076,US/Alaska (UTC-9 / UTC-8),"west fork beaver creek, upstream of marathon road",Beaver Creek,STREAM,MAIN,TRUE,TRUE,TBD,FALSE
2022-10-12T10:45:00Z,1.235,beaver_creek_usgs_temp_3,60.65107,-151.09076,US/Alaska (UTC-9 / UTC-8),"west fork beaver creek, upstream of marathon road",Beaver Creek,STREAM,MAIN,TRUE,TRUE,TBD,FALSE
2022-10-12T11:00:00Z,1.235,beaver_creek_usgs_temp_3,60.65107,-151.09076,US/Alaska (UTC-9 / UTC-8),"west fork beaver creek, upstream of marathon road",Beaver Creek,STREAM,MAIN,TRUE,TRUE,TBD,FALSE
2022-10-12T11:15:00Z,1.235,beaver_creek_usgs_temp_3,60.65107,-151.09076,US/Alaska (UTC-9 / UTC-8),"west fork beaver creek, upstream of marathon road",Beaver Creek,STREAM,MAIN,TRUE,TRUE,TBD,FALSE
2022-10-12T11:30:00Z,1.235,beaver_creek_usgs_temp_3,60.65107,-151.09076,US/Alaska (UTC-9 / UTC-8),"west fork beaver creek, upstream of marathon road",Beaver Creek,STREAM,MAIN,TRUE,TRUE,TBD,FALSE
2022-10-12T11:45:00Z,1.208,beaver_creek_usgs_temp_3,60.65107,-151.09076,US/Alaska (UTC-9 / UTC-8),"west fork beaver creek, upstream of marathon road",Beaver Creek,STREAM,MAIN,TRUE,TRUE,TBD,FALSE
2022-10-12T12:00:00Z,1.208,beaver_creek_usgs_temp_3,60.65107,-151.09076,US/Alaska (UTC-9 / UTC-8),"west fork beaver creek, upstream of marathon road",Beaver Creek,STREAM,MAIN,TRUE,TRUE,TBD,FALSE
2022-10-12T12:15:00Z,1.208,beaver_creek_usgs_temp_3,60.65107,-151.09076,US/Alaska (UTC-9 / UTC-8),"west fork beaver creek, upstream of marathon road",Beaver Creek,STREAM,MAIN,TRUE,TRUE,TBD,FALSE
2022-10-12T12:30:00Z,1.208,beaver_creek_usgs_temp_3,60.65107,-151.09076,US/Alaska (UTC-9 / UTC-8),"west fork beaver creek, upstream of marathon road",Beaver Creek,STREAM,MAIN,TRUE,TRUE,TBD,FALSE
2022-10-12T12:45:00Z,1.235,beaver_creek_usgs_temp_3,60.65107,-151.09076,US/Alaska (UTC-9 / UTC-8),"west fork beaver creek, upstream of marathon road",Beaver Creek,STREAM,MAIN,TRUE,TRUE,TBD,FALSE
2022-10-12T13:00:00Z,1.235,beaver_creek_usgs_temp_3,60.65107,-151.09076,US/Alaska (UTC-9 / UTC-8),"west fork beaver creek, upstream of marathon road",Beaver Creek,STREAM,MAIN,TRUE,TRUE,TBD,FALSE
2022-10-12T13:15:00Z,1.235,beaver_creek_usgs_temp_3,60.65107,-151.09076,US/Alaska (UTC-9 / UTC-8),"west fork beaver creek, upstream of marathon road",Beaver Creek,STREAM,MAIN,TRUE,TRUE,TBD,FALSE
2022-10-12T13:30:00Z,1.235,beaver_creek_usgs_temp_3,60.65107,-151.09076,US/Alaska (UTC-9 / UTC-8),"west fork beaver creek, upstream of marathon road",Beaver Creek,STREAM,MAIN,TRUE,TRUE,TBD,FALSE
2022-10-12T13:45:00Z,1.289,beaver_creek_usgs_temp_3,60.65107,-151.09076,US/Alaska (UTC-9 / UTC-8),"west fork beaver creek, upstream of marathon road",Beaver Creek,STREAM,MAIN,TRUE,TRUE,TBD,FALSE
2022-10-12T14:00:00Z,1.317,beaver_creek_usgs_temp_3,60.65107,-151.09076,US/Alaska (UTC-9 / UTC-8),"west fork beaver creek, upstream of marathon road",Beaver Creek,STREAM,MAIN,TRUE,TRUE,TBD,FALSE
2022-10-12T14:15:00Z,1.371,beaver_creek_usgs_temp_3,60.65107,-151.09076,US/Alaska (UTC-9 / UTC-8),"west fork beaver creek, upstream of marathon road",Beaver Creek,STREAM,MAIN,TRUE,TRUE,TBD,FALSE
2022-10-12T14:30:00Z,1.398,beaver_creek_usgs_temp_3,60.65107,-151.09076,US/Alaska (UTC-9 / UTC-8),"west fork beaver creek, upstream of marathon road",Beaver Creek,STREAM,MAIN,TRUE,TRUE,TBD,FALSE
2022-10-12T14:45:00Z,1.453,beaver_creek_usgs_temp_3,60.65107,-151.09076,US/Alaska (UTC-9 / UTC-8),"west fork beaver creek, upstream of marathon road",Beaver Creek,STREAM,MAIN,TRUE,TRUE,TBD,FALSE
2022-10-12T15:00:00Z,1.507,beaver_creek_usgs_temp_3,60.65107,-151.09076,US/Alaska (UTC-9 / UTC-8),"west fork beaver creek, upstream of marathon road",Beaver Creek,STREAM,MAIN,TRUE,TRUE,TBD,FALSE
2022-10-12T15:15:00Z,1.534,beaver_creek_usgs_temp_3,60.65107,-151.09076,US/Alaska (UTC-9 / UTC-8),"west fork beaver creek, upstream of marathon road",Beaver Creek,STREAM,MAIN,TRUE,TRUE,TBD,FALSE
2022-10-12T15:30:00Z,1.588,beaver_creek_usgs_temp_3,60.65107,-151.09076,US/Alaska (UTC-9 / UTC-8),"west fork beaver creek, upstream of marathon road",Beaver Creek,STREAM,MAIN,TRUE,TRUE,TBD,FALSE
2022-10-12T15:45:00Z,1.615,beaver_creek_usgs_temp_3,60.65107,-151.09076,US/Alaska (UTC-9 / UTC-8),"west fork beaver creek, upstream of marathon road",Beaver Creek,STREAM,MAIN,TRUE,TRUE,TBD,FALSE
2022-10-12T16:00:00Z,1.67,beaver_creek_usgs_temp_3,60.65107,-151.09076,US/Alaska (UTC-9 / UTC-8),"west fork beaver creek, upstream of marathon road",Beaver Creek,STREAM,MAIN,TRUE,TRUE,TBD,FALSE
2022-10-12T16:15:00Z,1.67,beaver_creek_usgs_temp_3,60.65107,-151.09076,US/Alaska (UTC-9 / UTC-8),"west fork beaver creek, upstream of marathon road",Beaver Creek,STREAM,MAIN,TRUE,TRUE,TBD,FALSE
2022-10-12T16:30:00Z,1.724,beaver_creek_usgs_temp_3,60.65107,-151.09076,US/Alaska (UTC-9 / UTC-8),"west fork beaver creek, upstream of marathon road",Beaver Creek,STREAM,MAIN,TRUE,TRUE,TBD,FALSE
2022-10-12T16:45:00Z,1.751,beaver_creek_usgs_temp_3,60.65107,-151.09076,US/Alaska (UTC-9 / UTC-8),"west fork beaver creek, upstream of marathon road",Beaver Creek,STREAM,MAIN,TRUE,TRUE,TBD,FALSE
2022-10-12T17:00:00Z,1.778,beaver_creek_usgs_temp_3,60.65107,-151.09076,US/Alaska (UTC-9 / UTC-8),"west fork beaver creek, upstream of marathon road",Beaver Creek,STREAM,MAIN,TRUE,TRUE,TBD,FALSE
2022-10-12T17:15:00Z,1.778,beaver_creek_usgs_temp_3,60.65107,-151.09076,US/Alaska (UTC-9 / UTC-8),"west fork beaver creek, upstream of marathon road",Beaver Creek,STREAM,MAIN,TRUE,TRUE,TBD,FALSE
2022-10-12T17:30:00Z,1.778,beaver_creek_usgs_temp_3,60.65107,-151.09076,US/Alaska (UTC-9 / UTC-8),"west fork beaver creek, upstream of marathon road",Beaver Creek,STREAM,MAIN,TRUE,TRUE,TBD,FALSE
2022-10-12T17:45:00Z,1.778,beaver_creek_usgs_temp_3,60.65107,-151.09076,US/Alaska (UTC-9 / UTC-8),"west fork beaver creek, upstream of marathon road",Beaver Creek,STREAM,MAIN,TRUE,TRUE,TBD,FALSE
2022-10-12T18:00:00Z,1.751,beaver_creek_usgs_temp_3,60.65107,-151.09076,US/Alaska (UTC-9 / UTC-8),"west fork beaver creek, upstream of marathon road",Beaver Creek,STREAM,MAIN,TRUE,TRUE,TBD,FALSE
2022-10-12T18:15:00Z,1.724,beaver_creek_usgs_temp_3,60.65107,-151.09076,US/Alaska (UTC-9 / UTC-8),"west fork beaver creek, upstream of marathon road",Beaver Creek,STREAM,MAIN,TRUE,TRUE,TBD,FALSE
2022-10-12T18:30:00Z,1.697,beaver_creek_usgs_temp_3,60.65107,-151.09076,US/Alaska (UTC-9 / UTC-8),"west fork beaver creek, upstream of marathon road",Beaver Creek,STREAM,MAIN,TRUE,TRUE,TBD,FALSE
2022-10-12T18:45:00Z,1.67,beaver_creek_usgs_temp_3,60.65107,-151.09076,US/Alaska (UTC-9 / UTC-8),"west fork beaver creek, upstream of marathon road",Beaver Creek,STREAM,MAIN,TRUE,TRUE,TBD,FALSE
2022-10-12T19:00:00Z,1.643,beaver_creek_usgs_temp_3,60.65107,-151.09076,US/Alaska (UTC-9 / UTC-8),"west fork beaver creek, upstream of marathon road",Beaver Creek,STREAM,MAIN,TRUE,TRUE,TBD,FALSE
2022-10-12T19:15:00Z,1.615,beaver_creek_usgs_temp_3,60.65107,-151.09076,US/Alaska (UTC-9 / UTC-8),"west fork beaver creek, upstream of marathon road",Beaver Creek,STREAM,MAIN,TRUE,TRUE,TBD,FALSE
2022-10-12T19:30:00Z,1.561,beaver_creek_usgs_temp_3,60.65107,-151.09076,US/Alaska (UTC-9 / UTC-8),"west fork beaver creek, upstream of marathon road",Beaver Creek,STREAM,MAIN,TRUE,TRUE,TBD,FALSE
2022-10-12T19:45:00Z,1.507,beaver_creek_usgs_temp_3,60.65107,-151.09076,US/Alaska (UTC-9 / UTC-8),"west fork beaver creek, upstream of marathon road",Beaver Creek,STREAM,MAIN,TRUE,TRUE,TBD,FALSE
2022-10-12T20:00:00Z,1.453,beaver_creek_usgs_temp_3,60.65107,-151.09076,US/Alaska (UTC-9 / UTC-8),"west fork beaver creek, upstream of marathon road",Beaver Creek,STREAM,MAIN,TRUE,TRUE,TBD,FALSE
2022-10-12T20:15:00Z,1.398,beaver_creek_usgs_temp_3,60.65107,-151.09076,US/Alaska (UTC-9 / UTC-8),"west fork beaver creek, upstream of marathon road",Beaver Creek,STREAM,MAIN,TRUE,TRUE,TBD,FALSE
2022-10-12T20:30:00Z,1.371,beaver_creek_usgs_temp_3,60.65107,-151.09076,US/Alaska (UTC-9 / UTC-8),"west fork beaver creek, upstream of marathon road",Beaver Creek,STREAM,MAIN,TRUE,TRUE,TBD,FALSE
2022-10-12T20:45:00Z,1.317,beaver_creek_usgs_temp_3,60.65107,-151.09076,US/Alaska (UTC-9 / UTC-8),"west fork beaver creek, upstream of marathon road",Beaver Creek,STREAM,MAIN,TRUE,TRUE,TBD,FALSE
2022-10-12T21:00:00Z,1.262,beaver_creek_usgs_temp_3,60.65107,-151.09076,US/Alaska (UTC-9 / UTC-8),"west fork beaver creek, upstream of marathon road",Beaver Creek,STREAM,MAIN,TRUE,TRUE,TBD,FALSE
2022-10-12T21:15:00Z,1.208,beaver_creek_usgs_temp_3,60.65107,-151.09076,US/Alaska (UTC-9 / UTC-8),"west fork beaver creek, upstream of marathon road",Beaver Creek,STREAM,MAIN,TRUE,TRUE,TBD,FALSE
2022-10-12T21:30:00Z,1.153,beaver_creek_usgs_temp_3,60.65107,-151.09076,US/Alaska (UTC-9 / UTC-8),"west fork beaver creek, upstream of marathon road",Beaver Creek,STREAM,MAIN,TRUE,TRUE,TBD,FALSE
2022-10-12T21:45:00Z,1.099,beaver_creek_usgs_temp_3,60.65107,-151.09076,US/Alaska (UTC-9 / UTC-8),"west fork beaver creek, upstream of marathon road",Beaver Creek,STREAM,MAIN,TRUE,TRUE,TBD,FALSE
2022-10-12T22:00:00Z,1.044,beaver_creek_usgs_temp_3,60.65107,-151.09076,US/Alaska (UTC-9 / UTC-8),"west fork beaver creek, upstream of marathon road",Beaver Creek,STREAM,MAIN,TRUE,TRUE,TBD,FALSE
2022-10-12T22:15:00Z,0.989,beaver_creek_usgs_temp_3,60.65107,-151.09076,US/Alaska (UTC-9 / UTC-8),"west fork beaver creek, upstream of marathon road",Beaver Creek,STREAM,MAIN,TRUE,TRUE,TBD,FALSE
2022-10-12T22:30:00Z,0.934,beaver_creek_usgs_temp_3,60.65107,-151.09076,US/Alaska (UTC-9 / UTC-8),"west fork beaver creek, upstream of marathon road",Beaver Creek,STREAM,MAIN,TRUE,TRUE,TBD,FALSE
2022-10-12T22:45:00Z,0.88,beaver_creek_usgs_temp_3,60.65107,-151.09076,US/Alaska (UTC-9 / UTC-8),"west fork beaver creek, upstream of marathon road",Beaver Creek,STREAM,MAIN,TRUE,TRUE,TBD,FALSE
2022-10-12T23:00:00Z,0.825,beaver_creek_usgs_temp_3,60.65107,-151.09076,US/Alaska (UTC-9 / UTC-8),"west fork beaver creek, upstream of marathon road",Beaver Creek,STREAM,MAIN,TRUE,TRUE,TBD,FALSE
2022-10-12T23:15:00Z,0.77,beaver_creek_usgs_temp_3,60.65107,-151.09076,US/Alaska (UTC-9 / UTC-8),"west fork beaver creek, upstream of marathon road",Beaver Creek,STREAM,MAIN,TRUE,TRUE,TBD,FALSE
2022-10-12T23:30:00Z,0.715,beaver_creek_usgs_temp_3,60.65107,-151.09076,US/Alaska (UTC-9 / UTC-8),"west fork beaver creek, upstream of marathon road",Beaver Creek,STREAM,MAIN,TRUE,TRUE,TBD,FALSE
2022-10-12T23:45:00Z,0.66,beaver_creek_usgs_temp_3,60.65107,-151.09076,US/Alaska (UTC-9 / UTC-8),"west fork beaver creek, upstream of marathon road",Beaver Creek,STREAM,MAIN,TRUE,TRUE,TBD,FALSE
2022-10-13T00:00:00Z,0.605,beaver_creek_usgs_temp_3,60.65107,-151.09076,US/Alaska (UTC-9 / UTC-8),"west fork beaver creek, upstream of marathon road",Beaver Creek,STREAM,MAIN,TRUE,TRUE,TBD,FALSE
2022-10-13T00:15:00Z,0.55,beaver_creek_usgs_temp_3,60.65107,-151.09076,US/Alaska (UTC-9 / UTC-8),"west fork beaver creek, upstream of marathon road",Beaver Creek,STREAM,MAIN,TRUE,TRUE,TBD,FALSE
2022-10-13T00:30:00Z,0.495,beaver_creek_usgs_temp_3,60.65107,-151.09076,US/Alaska (UTC-9 / UTC-8),"west fork beaver creek, upstream of marathon road",Beaver Creek,STREAM,MAIN,TRUE,TRUE,TBD,FALSE
2022-10-13T00:45:00Z,0.439,beaver_creek_usgs_temp_3,60.65107,-151.09076,US/Alaska (UTC-9 / UTC-8),"west fork beaver creek, upstream of marathon road",Beaver Creek,STREAM,MAIN,TRUE,TRUE,TBD,FALSE
2022-10-13T01:00:00Z,0.384,beaver_creek_usgs_temp_3,60.65107,-151.09076,US/Alaska (UTC-9 / UTC-8),"west fork beaver creek, upstream of marathon road",Beaver Creek,STREAM,MAIN,TRUE,TRUE,TBD,FALSE
2022-10-13T01:15:00Z,0.329,beaver_creek_usgs_temp_3,60.65107,-151.09076,US/Alaska (UTC-9 / UTC-8),"west fork beaver creek, upstream of marathon road",Beaver Creek,STREAM,MAIN,TRUE,TRUE,TBD,FALSE
2022-10-13T01:30:00Z,0.273,beaver_creek_usgs_temp_3,60.65107,-151.09076,US/Alaska (UTC-9 / UTC-8),"west fork beaver creek, upstream of marathon road",Beaver Creek,STREAM,MAIN,TRUE,TRUE,TBD,FALSE
2022-10-13T01:45:00Z,0.218,beaver_creek_usgs_temp_3,60.65107,-151.09076,US/Alaska (UTC-9 / UTC-8),"west fork beaver creek, upstream of marathon road",Beaver Creek,STREAM,MAIN,TRUE,TRUE,TBD,FALSE
2022-10-13T02:00:00Z,0.163,beaver_creek_usgs_temp_3,60.65107,-151.09076,US/Alaska (UTC-9 / UTC-8),"west fork beaver creek, upstream of marathon road",Beaver Creek,STREAM,MAIN,TRUE,TRUE,TBD,FALSE
2022-10-13T02:15:00Z,0.107,beaver_creek_usgs_temp_3,60.65107,-151.09076,US/Alaska (UTC-9 / UTC-8),"west fork beaver creek, upstream of marathon road",Beaver Creek,STREAM,MAIN,TRUE,TRUE,TBD,FALSE
2022-10-13T02:30:00Z,0.079,beaver_creek_usgs_temp_3,60.65107,-151.09076,US/Alaska (UTC-9 / UTC-8),"west fork beaver creek, upstream of marathon road",Beaver Creek,STREAM,MAIN,TRUE,TRUE,TBD,FALSE
2022-10-13T02:45:00Z,0.051,beaver_creek_usgs_temp_3,60.65107,-151.09076,US/Alaska (UTC-9 / UTC-8),"west fork beaver creek, upstream of marathon road",Beaver Creek,STREAM,MAIN,TRUE,TRUE,TBD,FALSE
2022-10-13T03:00:00Z,0.024,beaver_creek_usgs_temp_3,60.65107,-151.09076,US/Alaska (UTC-9 / UTC-8),"west fork beaver creek, upstream of marathon road",Beaver Creek,STREAM,MAIN,TRUE,TRUE,TBD,FALSE
2022-10-13T03:15:00Z,0.024,beaver_creek_usgs_temp_3,60.65107,-151.09076,US/Alaska (UTC-9 / UTC-8),"west fork beaver creek, upstream of marathon road",Beaver Creek,STREAM,MAIN,TRUE,TRUE,TBD,FALSE
2022-10-13T03:30:00Z,0.024,beaver_creek_usgs_temp_3,60.65107,-151.09076,US/Alaska (UTC-9 / UTC-8),"west fork beaver creek, upstream of marathon road",Beaver Creek,STREAM,MAIN,TRUE,TRUE,TBD,FALSE
2022-10-13T03:45:00Z,0.024,beaver_creek_usgs_temp_3,60.65107,-151.09076,US/Alaska (UTC-9 / UTC-8),"west fork beaver creek, upstream of marathon road",Beaver Creek,STREAM,MAIN,TRUE,TRUE,TBD,FALSE
2022-10-13T04:00:00Z,0.024,beaver_creek_usgs_temp_3,60.65107,-151.09076,US/Alaska (UTC-9 / UTC-8),"west fork beaver creek, upstream of marathon road",Beaver Creek,STREAM,MAIN,TRUE,TRUE,TBD,FALSE
2022-10-13T04:15:00Z,0.024,beaver_creek_usgs_temp_3,60.65107,-151.09076,US/Alaska (UTC-9 / UTC-8),"west fork beaver creek, upstream of marathon road",Beaver Creek,STREAM,MAIN,TRUE,TRUE,TBD,FALSE
2022-10-13T04:30:00Z,0.024,beaver_creek_usgs_temp_3,60.65107,-151.09076,US/Alaska (UTC-9 / UTC-8),"west fork beaver creek, upstream of marathon road",Beaver Creek,STREAM,MAIN,TRUE,TRUE,TBD,FALSE
2022-10-13T04:45:00Z,0.024,beaver_creek_usgs_temp_3,60.65107,-151.09076,US/Alaska (UTC-9 / UTC-8),"west fork beaver creek, upstream of marathon road",Beaver Creek,STREAM,MAIN,TRUE,TRUE,TBD,FALSE
2022-10-13T05:00:00Z,0.024,beaver_creek_usgs_temp_3,60.65107,-151.09076,US/Alaska (UTC-9 / UTC-8),"west fork beaver creek, upstream of marathon road",Beaver Creek,STREAM,MAIN,TRUE,TRUE,TBD,FALSE
2022-10-13T05:15:00Z,0.024,beaver_creek_usgs_temp_3,60.65107,-151.09076,US/Alaska (UTC-9 / UTC-8),"west fork beaver creek, upstream of marathon road",Beaver Creek,STREAM,MAIN,TRUE,TRUE,TBD,FALSE
2022-10-13T05:30:00Z,0.024,beaver_creek_usgs_temp_3,60.65107,-151.09076,US/Alaska (UTC-9 / UTC-8),"west fork beaver creek, upstream of marathon road",Beaver Creek,STREAM,MAIN,TRUE,TRUE,TBD,FALSE
2022-10-13T05:45:00Z,0.024,beaver_creek_usgs_temp_3,60.65107,-151.09076,US/Alaska (UTC-9 / UTC-8),"west fork beaver creek, upstream of marathon road",Beaver Creek,STREAM,MAIN,TRUE,TRUE,TBD,FALSE
2022-10-13T06:00:00Z,0.024,beaver_creek_usgs_temp_3,60.65107,-151.09076,US/Alaska (UTC-9 / UTC-8),"west fork beaver creek, upstream of marathon road",Beaver Creek,STREAM,MAIN,TRUE,TRUE,TBD,FALSE
2022-10-13T06:15:00Z,0.024,beaver_creek_usgs_temp_3,60.65107,-151.09076,US/Alaska (UTC-9 / UTC-8),"west fork beaver creek, upstream of marathon road",Beaver Creek,STREAM,MAIN,TRUE,TRUE,TBD,FALSE
2022-10-13T06:30:00Z,0.024,beaver_creek_usgs_temp_3,60.65107,-151.09076,US/Alaska (UTC-9 / UTC-8),"west fork beaver creek, upstream of marathon road",Beaver Creek,STREAM,MAIN,TRUE,TRUE,TBD,FALSE
2022-10-13T06:45:00Z,0.024,beaver_creek_usgs_temp_3,60.65107,-151.09076,US/Alaska (UTC-9 / UTC-8),"west fork beaver creek, upstream of marathon road",Beaver Creek,STREAM,MAIN,TRUE,TRUE,TBD,FALSE
2022-10-13T07:00:00Z,0.024,beaver_creek_usgs_temp_3,60.65107,-151.09076,US/Alaska (UTC-9 / UTC-8),"west fork beaver creek, upstream of marathon road",Beaver Creek,STREAM,MAIN,TRUE,TRUE,TBD,FALSE
2022-10-13T07:15:00Z,0.024,beaver_creek_usgs_temp_3,60.65107,-151.09076,US/Alaska (UTC-9 / UTC-8),"west fork beaver creek, upstream of marathon road",Beaver Creek,STREAM,MAIN,TRUE,TRUE,TBD,FALSE
2022-10-13T07:30:00Z,0.024,beaver_creek_usgs_temp_3,60.65107,-151.09076,US/Alaska (UTC-9 / UTC-8),"west fork beaver creek, upstream of marathon road",Beaver Creek,STREAM,MAIN,TRUE,TRUE,TBD,FALSE
2022-10-13T07:45:00Z,0.024,beaver_creek_usgs_temp_3,60.65107,-151.09076,US/Alaska (UTC-9 / UTC-8),"west fork beaver creek, upstream of marathon road",Beaver Creek,STREAM,MAIN,TRUE,TRUE,TBD,FALSE
2022-10-13T08:00:00Z,0.024,beaver_creek_usgs_temp_3,60.65107,-151.09076,US/Alaska (UTC-9 / UTC-8),"west fork beaver creek, upstream of marathon road",Beaver Creek,STREAM,MAIN,TRUE,TRUE,TBD,FALSE
2022-10-13T08:15:00Z,0.024,beaver_creek_usgs_temp_3,60.65107,-151.09076,US/Alaska (UTC-9 / UTC-8),"west fork beaver creek, upstream of marathon road",Beaver Creek,STREAM,MAIN,TRUE,TRUE,TBD,FALSE
2022-10-13T08:30:00Z,0.024,beaver_creek_usgs_temp_3,60.65107,-151.09076,US/Alaska (UTC-9 / UTC-8),"west fork beaver creek, upstream of marathon road",Beaver Creek,STREAM,MAIN,TRUE,TRUE,TBD,FALSE
2022-10-13T08:45:00Z,0.024,beaver_creek_usgs_temp_3,60.65107,-151.09076,US/Alaska (UTC-9 / UTC-8),"west fork beaver creek, upstream of marathon road",Beaver Creek,STREAM,MAIN,TRUE,TRUE,TBD,FALSE
2022-10-13T09:00:00Z,0.024,beaver_creek_usgs_temp_3,60.65107,-151.09076,US/Alaska (UTC-9 / UTC-8),"west fork beaver creek, upstream of marathon road",Beaver Creek,STREAM,MAIN,TRUE,TRUE,TBD,FALSE
2022-10-13T09:15:00Z,0.024,beaver_creek_usgs_temp_3,60.65107,-151.09076,US/Alaska (UTC-9 / UTC-8),"west fork beaver creek, upstream of marathon road",Beaver Creek,STREAM,MAIN,TRUE,TRUE,TBD,FALSE
2022-10-13T09:30:00Z,0.024,beaver_creek_usgs_temp_3,60.65107,-151.09076,US/Alaska (UTC-9 / UTC-8),"west fork beaver creek, upstream of marathon road",Beaver Creek,STREAM,MAIN,TRUE,TRUE,TBD,FALSE
2022-10-13T09:45:00Z,0.024,beaver_creek_usgs_temp_3,60.65107,-151.09076,US/Alaska (UTC-9 / UTC-8),"west fork beaver creek, upstream of marathon road",Beaver Creek,STREAM,MAIN,TRUE,TRUE,TBD,FALSE
2022-10-13T10:00:00Z,0.051,beaver_creek_usgs_temp_3,60.65107,-151.09076,US/Alaska (UTC-9 / UTC-8),"west fork beaver creek, upstream of marathon road",Beaver Creek,STREAM,MAIN,TRUE,TRUE,TBD,FALSE
2022-10-13T10:15:00Z,0.051,beaver_creek_usgs_temp_3,60.65107,-151.09076,US/Alaska (UTC-9 / UTC-8),"west fork beaver creek, upstream of marathon road",Beaver Creek,STREAM,MAIN,TRUE,TRUE,TBD,FALSE
2022-10-13T10:30:00Z,0.079,beaver_creek_usgs_temp_3,60.65107,-151.09076,US/Alaska (UTC-9 / UTC-8),"west fork beaver creek, upstream of marathon road",Beaver Creek,STREAM,MAIN,TRUE,TRUE,TBD,FALSE
2022-10-13T10:45:00Z,0.079,beaver_creek_usgs_temp_3,60.65107,-151.09076,US/Alaska (UTC-9 / UTC-8),"west fork beaver creek, upstream of marathon road",Beaver Creek,STREAM,MAIN,TRUE,TRUE,TBD,FALSE
2022-10-13T11:00:00Z,0.107,beaver_creek_usgs_temp_3,60.65107,-151.09076,US/Alaska (UTC-9 / UTC-8),"west fork beaver creek, upstream of marathon road",Beaver Creek,STREAM,MAIN,TRUE,TRUE,TBD,FALSE
2022-10-13T11:15:00Z,0.107,beaver_creek_usgs_temp_3,60.65107,-151.09076,US/Alaska (UTC-9 / UTC-8),"west fork beaver creek, upstream of marathon road",Beaver Creek,STREAM,MAIN,TRUE,TRUE,TBD,FALSE
2022-10-13T11:30:00Z,0.135,beaver_creek_usgs_temp_3,60.65107,-151.09076,US/Alaska (UTC-9 / UTC-8),"west fork beaver creek, upstream of marathon road",Beaver Creek,STREAM,MAIN,TRUE,TRUE,TBD,FALSE
2022-10-13T11:45:00Z,0.163,beaver_creek_usgs_temp_3,60.65107,-151.09076,US/Alaska (UTC-9 / UTC-8),"west fork beaver creek, upstream of marathon road",Beaver Creek,STREAM,MAIN,TRUE,TRUE,TBD,FALSE
2022-10-13T12:00:00Z,0.19,beaver_creek_usgs_temp_3,60.65107,-151.09076,US/Alaska (UTC-9 / UTC-8),"west fork beaver creek, upstream of marathon road",Beaver Creek,STREAM,MAIN,TRUE,TRUE,TBD,FALSE
2022-10-13T12:15:00Z,0.19,beaver_creek_usgs_temp_3,60.65107,-151.09076,US/Alaska (UTC-9 / UTC-8),"west fork beaver creek, upstream of marathon road",Beaver Creek,STREAM,MAIN,TRUE,TRUE,TBD,FALSE
2022-10-13T12:30:00Z,0.218,beaver_creek_usgs_temp_3,60.65107,-151.09076,US/Alaska (UTC-9 / UTC-8),"west fork beaver creek, upstream of marathon road",Beaver Creek,STREAM,MAIN,TRUE,TRUE,TBD,FALSE
2022-10-13T12:45:00Z,0.246,beaver_creek_usgs_temp_3,60.65107,-151.09076,US/Alaska (UTC-9 / UTC-8),"west fork beaver creek, upstream of marathon road",Beaver Creek,STREAM,MAIN,TRUE,TRUE,TBD,FALSE
2022-10-13T13:00:00Z,0.273,beaver_creek_usgs_temp_3,60.65107,-151.09076,US/Alaska (UTC-9 / UTC-8),"west fork beaver creek, upstream of marathon road",Beaver Creek,STREAM,MAIN,TRUE,TRUE,TBD,FALSE
2022-10-13T13:15:00Z,0.301,beaver_creek_usgs_temp_3,60.65107,-151.09076,US/Alaska (UTC-9 / UTC-8),"west fork beaver creek, upstream of marathon road",Beaver Creek,STREAM,MAIN,TRUE,TRUE,TBD,FALSE
2022-10-13T13:30:00Z,0.301,beaver_creek_usgs_temp_3,60.65107,-151.09076,US/Alaska (UTC-9 / UTC-8),"west fork beaver creek, upstream of marathon road",Beaver Creek,STREAM,MAIN,TRUE,TRUE,TBD,FALSE
2022-10-13T13:45:00Z,0.329,beaver_creek_usgs_temp_3,60.65107,-151.09076,US/Alaska (UTC-9 / UTC-8),"west fork beaver creek, upstream of marathon road",Beaver Creek,STREAM,MAIN,TRUE,TRUE,TBD,FALSE
2022-10-13T14:00:00Z,0.356,beaver_creek_usgs_temp_3,60.65107,-151.09076,US/Alaska (UTC-9 / UTC-8),"west fork beaver creek, upstream of marathon road",Beaver Creek,STREAM,MAIN,TRUE,TRUE,TBD,FALSE
2022-10-13T14:15:00Z,0.384,beaver_creek_usgs_temp_3,60.65107,-151.09076,US/Alaska (UTC-9 / UTC-8),"west fork beaver creek, upstream of marathon road",Beaver Creek,STREAM,MAIN,TRUE,TRUE,TBD,FALSE
2022-10-13T14:30:00Z,0.412,beaver_creek_usgs_temp_3,60.65107,-151.09076,US/Alaska (UTC-9 / UTC-8),"west fork beaver creek, upstream of marathon road",Beaver Creek,STREAM,MAIN,TRUE,TRUE,TBD,FALSE
2022-10-13T14:45:00Z,0.439,beaver_creek_usgs_temp_3,60.65107,-151.09076,US/Alaska (UTC-9 / UTC-8),"west fork beaver creek, upstream of marathon road",Beaver Creek,STREAM,MAIN,TRUE,TRUE,TBD,FALSE
2022-10-13T15:00:00Z,0.467,beaver_creek_usgs_temp_3,60.65107,-151.09076,US/Alaska (UTC-9 / UTC-8),"west fork beaver creek, upstream of marathon road",Beaver Creek,STREAM,MAIN,TRUE,TRUE,TBD,FALSE
2022-10-13T15:15:00Z,0.495,beaver_creek_usgs_temp_3,60.65107,-151.09076,US/Alaska (UTC-9 / UTC-8),"west fork beaver creek, upstream of marathon road",Beaver Creek,STREAM,MAIN,TRUE,TRUE,TBD,FALSE
2022-10-13T15:30:00Z,0.522,beaver_creek_usgs_temp_3,60.65107,-151.09076,US/Alaska (UTC-9 / UTC-8),"west fork beaver creek, upstream of marathon road",Beaver Creek,STREAM,MAIN,TRUE,TRUE,TBD,FALSE
2022-10-13T15:45:00Z,0.55,beaver_creek_usgs_temp_3,60.65107,-151.09076,US/Alaska (UTC-9 / UTC-8),"west fork beaver creek, upstream of marathon road",Beaver Creek,STREAM,MAIN,TRUE,TRUE,TBD,FALSE
2022-10-13T16:00:00Z,0.577,beaver_creek_usgs_temp_3,60.65107,-151.09076,US/Alaska (UTC-9 / UTC-8),"west fork beaver creek, upstream of marathon road",Beaver Creek,STREAM,MAIN,TRUE,TRUE,TBD,FALSE
2022-10-13T16:15:00Z,0.605,beaver_creek_usgs_temp_3,60.65107,-151.09076,US/Alaska (UTC-9 / UTC-8),"west fork beaver creek, upstream of marathon road",Beaver Creek,STREAM,MAIN,TRUE,TRUE,TBD,FALSE
2022-10-13T16:30:00Z,0.632,beaver_creek_usgs_temp_3,60.65107,-151.09076,US/Alaska (UTC-9 / UTC-8),"west fork beaver creek, upstream of marathon road",Beaver Creek,STREAM,MAIN,TRUE,TRUE,TBD,FALSE
2022-10-13T16:45:00Z,0.632,beaver_creek_usgs_temp_3,60.65107,-151.09076,US/Alaska (UTC-9 / UTC-8),"west fork beaver creek, upstream of marathon road",Beaver Creek,STREAM,MAIN,TRUE,TRUE,TBD,FALSE
2022-10-13T17:00:00Z,0.632,beaver_creek_usgs_temp_3,60.65107,-151.09076,US/Alaska (UTC-9 / UTC-8),"west fork beaver creek, upstream of marathon road",Beaver Creek,STREAM,MAIN,TRUE,TRUE,TBD,FALSE
2022-10-13T17:15:00Z,0.66,beaver_creek_usgs_temp_3,60.65107,-151.09076,US/Alaska (UTC-9 / UTC-8),"west fork beaver creek, upstream of marathon road",Beaver Creek,STREAM,MAIN,TRUE,TRUE,TBD,FALSE
2022-10-13T17:30:00Z,0.66,beaver_creek_usgs_temp_3,60.65107,-151.09076,US/Alaska (UTC-9 / UTC-8),"west fork beaver creek, upstream of marathon road",Beaver Creek,STREAM,MAIN,TRUE,TRUE,TBD,FALSE
2022-10-13T17:45:00Z,0.66,beaver_creek_usgs_temp_3,60.65107,-151.09076,US/Alaska (UTC-9 / UTC-8),"west fork beaver creek, upstream of marathon road",Beaver Creek,STREAM,MAIN,TRUE,TRUE,TBD,FALSE
2022-10-13T18:00:00Z,0.632,beaver_creek_usgs_temp_3,60.65107,-151.09076,US/Alaska (UTC-9 / UTC-8),"west fork beaver creek, upstream of marathon road",Beaver Creek,STREAM,MAIN,TRUE,TRUE,TBD,FALSE
2022-10-13T18:15:00Z,0.632,beaver_creek_usgs_temp_3,60.65107,-151.09076,US/Alaska (UTC-9 / UTC-8),"west fork beaver creek, upstream of marathon road",Beaver Creek,STREAM,MAIN,TRUE,TRUE,TBD,FALSE
2022-10-13T18:30:00Z,0.577,beaver_creek_usgs_temp_3,60.65107,-151.09076,US/Alaska (UTC-9 / UTC-8),"west fork beaver creek, upstream of marathon road",Beaver Creek,STREAM,MAIN,TRUE,TRUE,TBD,FALSE
2022-10-13T18:45:00Z,0.55,beaver_creek_usgs_temp_3,60.65107,-151.09076,US/Alaska (UTC-9 / UTC-8),"west fork beaver creek, upstream of marathon road",Beaver Creek,STREAM,MAIN,TRUE,TRUE,TBD,FALSE
2022-10-13T19:00:00Z,0.522,beaver_creek_usgs_temp_3,60.65107,-151.09076,US/Alaska (UTC-9 / UTC-8),"west fork beaver creek, upstream of marathon road",Beaver Creek,STREAM,MAIN,TRUE,TRUE,TBD,FALSE
2022-10-13T19:15:00Z,0.467,beaver_creek_usgs_temp_3,60.65107,-151.09076,US/Alaska (UTC-9 / UTC-8),"west fork beaver creek, upstream of marathon road",Beaver Creek,STREAM,MAIN,TRUE,TRUE,TBD,FALSE
2022-10-13T19:30:00Z,0.412,beaver_creek_usgs_temp_3,60.65107,-151.09076,US/Alaska (UTC-9 / UTC-8),"west fork beaver creek, upstream of marathon road",Beaver Creek,STREAM,MAIN,TRUE,TRUE,TBD,FALSE
2022-10-13T19:45:00Z,0.356,beaver_creek_usgs_temp_3,60.65107,-151.09076,US/Alaska (UTC-9 / UTC-8),"west fork beaver creek, upstream of marathon road",Beaver Creek,STREAM,MAIN,TRUE,TRUE,TBD,FALSE
2022-10-13T20:00:00Z,0.329,beaver_creek_usgs_temp_3,60.65107,-151.09076,US/Alaska (UTC-9 / UTC-8),"west fork beaver creek, upstream of marathon road",Beaver Creek,STREAM,MAIN,TRUE,TRUE,TBD,FALSE
2022-10-13T20:15:00Z,0.273,beaver_creek_usgs_temp_3,60.65107,-151.09076,US/Alaska (UTC-9 / UTC-8),"west fork beaver creek, upstream of marathon road",Beaver Creek,STREAM,MAIN,TRUE,TRUE,TBD,FALSE
2022-10-13T20:30:00Z,0.246,beaver_creek_usgs_temp_3,60.65107,-151.09076,US/Alaska (UTC-9 / UTC-8),"west fork beaver creek, upstream of marathon road",Beaver Creek,STREAM,MAIN,TRUE,TRUE,TBD,FALSE
2022-10-13T20:45:00Z,0.19,beaver_creek_usgs_temp_3,60.65107,-151.09076,US/Alaska (UTC-9 / UTC-8),"west fork beaver creek, upstream of marathon road",Beaver Creek,STREAM,MAIN,TRUE,TRUE,TBD,FALSE
2022-10-13T21:00:00Z,0.135,beaver_creek_usgs_temp_3,60.65107,-151.09076,US/Alaska (UTC-9 / UTC-8),"west fork beaver creek, upstream of marathon road",Beaver Creek,STREAM,MAIN,TRUE,TRUE,TBD,FALSE
2022-10-13T21:15:00Z,0.107,beaver_creek_usgs_temp_3,60.65107,-151.09076,US/Alaska (UTC-9 / UTC-8),"west fork beaver creek, upstream of marathon road",Beaver Creek,STREAM,MAIN,TRUE,TRUE,TBD,FALSE
2022-10-13T21:30:00Z,0.079,beaver_creek_usgs_temp_3,60.65107,-151.09076,US/Alaska (UTC-9 / UTC-8),"west fork beaver creek, upstream of marathon road",Beaver Creek,STREAM,MAIN,TRUE,TRUE,TBD,FALSE
2022-10-13T21:45:00Z,0.024,beaver_creek_usgs_temp_3,60.65107,-151.09076,US/Alaska (UTC-9 / UTC-8),"west fork beaver creek, upstream of marathon road",Beaver Creek,STREAM,MAIN,TRUE,TRUE,TBD,FALSE
2022-10-13T22:00:00Z,-0.004,beaver_creek_usgs_temp_3,60.65107,-151.09076,US/Alaska (UTC-9 / UTC-8),"west fork beaver creek, upstream of marathon road",Beaver Creek,STREAM,MAIN,TRUE,TRUE,TBD,FALSE
2022-10-13T22:15:00Z,-0.004,beaver_creek_usgs_temp_3,60.65107,-151.09076,US/Alaska (UTC-9 / UTC-8),"west fork beaver creek, upstream of marathon road",Beaver Creek,STREAM,MAIN,TRUE,TRUE,TBD,FALSE
2022-10-13T22:30:00Z,-0.004,beaver_creek_usgs_temp_3,60.65107,-151.09076,US/Alaska (UTC-9 / UTC-8),"west fork beaver creek, upstream of marathon road",Beaver Creek,STREAM,MAIN,TRUE,TRUE,TBD,FALSE
2022-10-13T22:45:00Z,-0.004,beaver_creek_usgs_temp_3,60.65107,-151.09076,US/Alaska (UTC-9 / UTC-8),"west fork beaver creek, upstream of marathon road",Beaver Creek,STREAM,MAIN,TRUE,TRUE,TBD,FALSE
2022-10-13T23:00:00Z,-0.004,beaver_creek_usgs_temp_3,60.65107,-151.09076,US/Alaska (UTC-9 / UTC-8),"west fork beaver creek, upstream of marathon road",Beaver Creek,STREAM,MAIN,TRUE,TRUE,TBD,FALSE
2022-10-13T23:15:00Z,-0.004,beaver_creek_usgs_temp_3,60.65107,-151.09076,US/Alaska (UTC-9 / UTC-8),"west fork beaver creek, upstream of marathon road",Beaver Creek,STREAM,MAIN,TRUE,TRUE,TBD,FALSE
2022-10-13T23:30:00Z,-0.004,beaver_creek_usgs_temp_3,60.65107,-151.09076,US/Alaska (UTC-9 / UTC-8),"west fork beaver creek, upstream of marathon road",Beaver Creek,STREAM,MAIN,TRUE,TRUE,TBD,FALSE
2022-10-13T23:45:00Z,-0.004,beaver_creek_usgs_temp_3,60.65107,-151.09076,US/Alaska (UTC-9 / UTC-8),"west fork beaver creek, upstream of marathon road",Beaver Creek,STREAM,MAIN,TRUE,TRUE,TBD,FALSE
2022-10-14T00:00:00Z,-0.004,beaver_creek_usgs_temp_3,60.65107,-151.09076,US/Alaska (UTC-9 / UTC-8),"west fork beaver creek, upstream of marathon road",Beaver Creek,STREAM,MAIN,TRUE,TRUE,TBD,FALSE
2022-10-14T00:15:00Z,-0.004,beaver_creek_usgs_temp_3,60.65107,-151.09076,US/Alaska (UTC-9 / UTC-8),"west fork beaver creek, upstream of marathon road",Beaver Creek,STREAM,MAIN,TRUE,TRUE,TBD,FALSE
2022-10-14T00:30:00Z,-0.004,beaver_creek_usgs_temp_3,60.65107,-151.09076,US/Alaska (UTC-9 / UTC-8),"west fork beaver creek, upstream of marathon road",Beaver Creek,STREAM,MAIN,TRUE,TRUE,TBD,FALSE
2022-10-14T00:45:00Z,-0.004,beaver_creek_usgs_temp_3,60.65107,-151.09076,US/Alaska (UTC-9 / UTC-8),"west fork beaver creek, upstream of marathon road",Beaver Creek,STREAM,MAIN,TRUE,TRUE,TBD,FALSE
2022-10-14T01:00:00Z,-0.004,beaver_creek_usgs_temp_3,60.65107,-151.09076,US/Alaska (UTC-9 / UTC-8),"west fork beaver creek, upstream of marathon road",Beaver Creek,STREAM,MAIN,TRUE,TRUE,TBD,FALSE
2022-10-14T01:15:00Z,-0.004,beaver_creek_usgs_temp_3,60.65107,-151.09076,US/Alaska (UTC-9 / UTC-8),"west fork beaver creek, upstream of marathon road",Beaver Creek,STREAM,MAIN,TRUE,TRUE,TBD,FALSE
2022-10-14T01:30:00Z,-0.004,beaver_creek_usgs_temp_3,60.65107,-151.09076,US/Alaska (UTC-9 / UTC-8),"west fork beaver creek, upstream of marathon road",Beaver Creek,STREAM,MAIN,TRUE,TRUE,TBD,FALSE
2022-10-14T01:45:00Z,-0.004,beaver_creek_usgs_temp_3,60.65107,-151.09076,US/Alaska (UTC-9 / UTC-8),"west fork beaver creek, upstream of marathon road",Beaver Creek,STREAM,MAIN,TRUE,TRUE,TBD,FALSE
2022-10-14T02:00:00Z,-0.004,beaver_creek_usgs_temp_3,60.65107,-151.09076,US/Alaska (UTC-9 / UTC-8),"west fork beaver creek, upstream of marathon road",Beaver Creek,STREAM,MAIN,TRUE,TRUE,TBD,FALSE
2022-10-14T02:15:00Z,-0.004,beaver_creek_usgs_temp_3,60.65107,-151.09076,US/Alaska (UTC-9 / UTC-8),"west fork beaver creek, upstream of marathon road",Beaver Creek,STREAM,MAIN,TRUE,TRUE,TBD,FALSE
2022-10-14T02:30:00Z,-0.004,beaver_creek_usgs_temp_3,60.65107,-151.09076,US/Alaska (UTC-9 / UTC-8),"west fork beaver creek, upstream of marathon road",Beaver Creek,STREAM,MAIN,TRUE,TRUE,TBD,FALSE
2022-10-14T02:45:00Z,-0.004,beaver_creek_usgs_temp_3,60.65107,-151.09076,US/Alaska (UTC-9 / UTC-8),"west fork beaver creek, upstream of marathon road",Beaver Creek,STREAM,MAIN,TRUE,TRUE,TBD,FALSE
2022-10-14T03:00:00Z,0.024,beaver_creek_usgs_temp_3,60.65107,-151.09076,US/Alaska (UTC-9 / UTC-8),"west fork beaver creek, upstream of marathon road",Beaver Creek,STREAM,MAIN,TRUE,TRUE,TBD,FALSE
2022-10-14T03:15:00Z,0.024,beaver_creek_usgs_temp_3,60.65107,-151.09076,US/Alaska (UTC-9 / UTC-8),"west fork beaver creek, upstream of marathon road",Beaver Creek,STREAM,MAIN,TRUE,TRUE,TBD,FALSE
2022-10-14T03:30:00Z,0.024,beaver_creek_usgs_temp_3,60.65107,-151.09076,US/Alaska (UTC-9 / UTC-8),"west fork beaver creek, upstream of marathon road",Beaver Creek,STREAM,MAIN,TRUE,TRUE,TBD,FALSE
2022-10-14T03:45:00Z,0.024,beaver_creek_usgs_temp_3,60.65107,-151.09076,US/Alaska (UTC-9 / UTC-8),"west fork beaver creek, upstream of marathon road",Beaver Creek,STREAM,MAIN,TRUE,TRUE,TBD,FALSE
2022-10-14T04:00:00Z,0.024,beaver_creek_usgs_temp_3,60.65107,-151.09076,US/Alaska (UTC-9 / UTC-8),"west fork beaver creek, upstream of marathon road",Beaver Creek,STREAM,MAIN,TRUE,TRUE,TBD,FALSE
2022-10-14T04:15:00Z,0.024,beaver_creek_usgs_temp_3,60.65107,-151.09076,US/Alaska (UTC-9 / UTC-8),"west fork beaver creek, upstream of marathon road",Beaver Creek,STREAM,MAIN,TRUE,TRUE,TBD,FALSE
2022-10-14T04:30:00Z,0.024,beaver_creek_usgs_temp_3,60.65107,-151.09076,US/Alaska (UTC-9 / UTC-8),"west fork beaver creek, upstream of marathon road",Beaver Creek,STREAM,MAIN,TRUE,TRUE,TBD,FALSE
2022-10-14T04:45:00Z,0.024,beaver_creek_usgs_temp_3,60.65107,-151.09076,US/Alaska (UTC-9 / UTC-8),"west fork beaver creek, upstream of marathon road",Beaver Creek,STREAM,MAIN,TRUE,TRUE,TBD,FALSE
2022-10-14T05:00:00Z,0.024,beaver_creek_usgs_temp_3,60.65107,-151.09076,US/Alaska (UTC-9 / UTC-8),"west fork beaver creek, upstream of marathon road",Beaver Creek,STREAM,MAIN,TRUE,TRUE,TBD,FALSE
2022-10-14T05:15:00Z,0.024,beaver_creek_usgs_temp_3,60.65107,-151.09076,US/Alaska (UTC-9 / UTC-8),"west fork beaver creek, upstream of marathon road",Beaver Creek,STREAM,MAIN,TRUE,TRUE,TBD,FALSE
2022-10-14T05:30:00Z,0.024,beaver_creek_usgs_temp_3,60.65107,-151.09076,US/Alaska (UTC-9 / UTC-8),"west fork beaver creek, upstream of marathon road",Beaver Creek,STREAM,MAIN,TRUE,TRUE,TBD,FALSE
2022-10-14T05:45:00Z,0.024,beaver_creek_usgs_temp_3,60.65107,-151.09076,US/Alaska (UTC-9 / UTC-8),"west fork beaver creek, upstream of marathon road",Beaver Creek,STREAM,MAIN,TRUE,TRUE,TBD,FALSE
2022-10-14T06:00:00Z,0.024,beaver_creek_usgs_temp_3,60.65107,-151.09076,US/Alaska (UTC-9 / UTC-8),"west fork beaver creek, upstream of marathon road",Beaver Creek,STREAM,MAIN,TRUE,TRUE,TBD,FALSE
2022-10-14T06:15:00Z,0.024,beaver_creek_usgs_temp_3,60.65107,-151.09076,US/Alaska (UTC-9 / UTC-8),"west fork beaver creek, upstream of marathon road",Beaver Creek,STREAM,MAIN,TRUE,TRUE,TBD,FALSE
2022-10-14T06:30:00Z,0.024,beaver_creek_usgs_temp_3,60.65107,-151.09076,US/Alaska (UTC-9 / UTC-8),"west fork beaver creek, upstream of marathon road",Beaver Creek,STREAM,MAIN,TRUE,TRUE,TBD,FALSE
2022-10-14T06:45:00Z,0.024,beaver_creek_usgs_temp_3,60.65107,-151.09076,US/Alaska (UTC-9 / UTC-8),"west fork beaver creek, upstream of marathon road",Beaver Creek,STREAM,MAIN,TRUE,TRUE,TBD,FALSE
2022-10-14T07:00:00Z,0.024,beaver_creek_usgs_temp_3,60.65107,-151.09076,US/Alaska (UTC-9 / UTC-8),"west fork beaver creek, upstream of marathon road",Beaver Creek,STREAM,MAIN,TRUE,TRUE,TBD,FALSE
2022-10-14T07:15:00Z,0.024,beaver_creek_usgs_temp_3,60.65107,-151.09076,US/Alaska (UTC-9 / UTC-8),"west fork beaver creek, upstream of marathon road",Beaver Creek,STREAM,MAIN,TRUE,TRUE,TBD,FALSE
2022-10-14T07:30:00Z,0.024,beaver_creek_usgs_temp_3,60.65107,-151.09076,US/Alaska (UTC-9 / UTC-8),"west fork beaver creek, upstream of marathon road",Beaver Creek,STREAM,MAIN,TRUE,TRUE,TBD,FALSE
2022-10-14T07:45:00Z,0.024,beaver_creek_usgs_temp_3,60.65107,-151.09076,US/Alaska (UTC-9 / UTC-8),"west fork beaver creek, upstream of marathon road",Beaver Creek,STREAM,MAIN,TRUE,TRUE,TBD,FALSE
2022-10-14T08:00:00Z,0.024,beaver_creek_usgs_temp_3,60.65107,-151.09076,US/Alaska (UTC-9 / UTC-8),"west fork beaver creek, upstream of marathon road",Beaver Creek,STREAM,MAIN,TRUE,TRUE,TBD,FALSE
2022-10-14T08:15:00Z,0.024,beaver_creek_usgs_temp_3,60.65107,-151.09076,US/Alaska (UTC-9 / UTC-8),"west fork beaver creek, upstream of marathon road",Beaver Creek,STREAM,MAIN,TRUE,TRUE,TBD,FALSE
2022-10-14T08:30:00Z,0.024,beaver_creek_usgs_temp_3,60.65107,-151.09076,US/Alaska (UTC-9 / UTC-8),"west fork beaver creek, upstream of marathon road",Beaver Creek,STREAM,MAIN,TRUE,TRUE,TBD,FALSE
2022-10-14T08:45:00Z,0.024,beaver_creek_usgs_temp_3,60.65107,-151.09076,US/Alaska (UTC-9 / UTC-8),"west fork beaver creek, upstream of marathon road",Beaver Creek,STREAM,MAIN,TRUE,TRUE,TBD,FALSE
2022-10-14T09:00:00Z,0.024,beaver_creek_usgs_temp_3,60.65107,-151.09076,US/Alaska (UTC-9 / UTC-8),"west fork beaver creek, upstream of marathon road",Beaver Creek,STREAM,MAIN,TRUE,TRUE,TBD,FALSE
2022-10-14T09:15:00Z,0.024,beaver_creek_usgs_temp_3,60.65107,-151.09076,US/Alaska (UTC-9 / UTC-8),"west fork beaver creek, upstream of marathon road",Beaver Creek,STREAM,MAIN,TRUE,TRUE,TBD,FALSE
2022-10-14T09:30:00Z,0.024,beaver_creek_usgs_temp_3,60.65107,-151.09076,US/Alaska (UTC-9 / UTC-8),"west fork beaver creek, upstream of marathon road",Beaver Creek,STREAM,MAIN,TRUE,TRUE,TBD,FALSE
2022-10-14T09:45:00Z,0.024,beaver_creek_usgs_temp_3,60.65107,-151.09076,US/Alaska (UTC-9 / UTC-8),"west fork beaver creek, upstream of marathon road",Beaver Creek,STREAM,MAIN,TRUE,TRUE,TBD,FALSE
2022-10-14T10:00:00Z,0.024,beaver_creek_usgs_temp_3,60.65107,-151.09076,US/Alaska (UTC-9 / UTC-8),"west fork beaver creek, upstream of marathon road",Beaver Creek,STREAM,MAIN,TRUE,TRUE,TBD,FALSE
2022-10-14T10:15:00Z,0.051,beaver_creek_usgs_temp_3,60.65107,-151.09076,US/Alaska (UTC-9 / UTC-8),"west fork beaver creek, upstream of marathon road",Beaver Creek,STREAM,MAIN,TRUE,TRUE,TBD,FALSE
2022-10-14T10:30:00Z,0.079,beaver_creek_usgs_temp_3,60.65107,-151.09076,US/Alaska (UTC-9 / UTC-8),"west fork beaver creek, upstream of marathon road",Beaver Creek,STREAM,MAIN,TRUE,TRUE,TBD,FALSE
2022-10-14T10:45:00Z,0.079,beaver_creek_usgs_temp_3,60.65107,-151.09076,US/Alaska (UTC-9 / UTC-8),"west fork beaver creek, upstream of marathon road",Beaver Creek,STREAM,MAIN,TRUE,TRUE,TBD,FALSE
2022-10-14T11:00:00Z,0.079,beaver_creek_usgs_temp_3,60.65107,-151.09076,US/Alaska (UTC-9 / UTC-8),"west fork beaver creek, upstream of marathon road",Beaver Creek,STREAM,MAIN,TRUE,TRUE,TBD,FALSE
2022-10-14T11:15:00Z,0.079,beaver_creek_usgs_temp_3,60.65107,-151.09076,US/Alaska (UTC-9 / UTC-8),"west fork beaver creek, upstream of marathon road",Beaver Creek,STREAM,MAIN,TRUE,TRUE,TBD,FALSE
2022-10-14T11:30:00Z,0.107,beaver_creek_usgs_temp_3,60.65107,-151.09076,US/Alaska (UTC-9 / UTC-8),"west fork beaver creek, upstream of marathon road",Beaver Creek,STREAM,MAIN,TRUE,TRUE,TBD,FALSE
2022-10-14T11:45:00Z,0.135,beaver_creek_usgs_temp_3,60.65107,-151.09076,US/Alaska (UTC-9 / UTC-8),"west fork beaver creek, upstream of marathon road",Beaver Creek,STREAM,MAIN,TRUE,TRUE,TBD,FALSE
2022-10-14T12:00:00Z,0.135,beaver_creek_usgs_temp_3,60.65107,-151.09076,US/Alaska (UTC-9 / UTC-8),"west fork beaver creek, upstream of marathon road",Beaver Creek,STREAM,MAIN,TRUE,TRUE,TBD,FALSE
2022-10-14T12:15:00Z,0.135,beaver_creek_usgs_temp_3,60.65107,-151.09076,US/Alaska (UTC-9 / UTC-8),"west fork beaver creek, upstream of marathon road",Beaver Creek,STREAM,MAIN,TRUE,TRUE,TBD,FALSE
2022-10-14T12:30:00Z,0.135,beaver_creek_usgs_temp_3,60.65107,-151.09076,US/Alaska (UTC-9 / UTC-8),"west fork beaver creek, upstream of marathon road",Beaver Creek,STREAM,MAIN,TRUE,TRUE,TBD,FALSE
2022-10-14T12:45:00Z,0.163,beaver_creek_usgs_temp_3,60.65107,-151.09076,US/Alaska (UTC-9 / UTC-8),"west fork beaver creek, upstream of marathon road",Beaver Creek,STREAM,MAIN,TRUE,TRUE,TBD,FALSE
2022-10-14T13:00:00Z,0.163,beaver_creek_usgs_temp_3,60.65107,-151.09076,US/Alaska (UTC-9 / UTC-8),"west fork beaver creek, upstream of marathon road",Beaver Creek,STREAM,MAIN,TRUE,TRUE,TBD,FALSE
2022-10-14T13:15:00Z,0.218,beaver_creek_usgs_temp_3,60.65107,-151.09076,US/Alaska (UTC-9 / UTC-8),"west fork beaver creek, upstream of marathon road",Beaver Creek,STREAM,MAIN,TRUE,TRUE,TBD,FALSE
2022-10-14T13:30:00Z,0.246,beaver_creek_usgs_temp_3,60.65107,-151.09076,US/Alaska (UTC-9 / UTC-8),"west fork beaver creek, upstream of marathon road",Beaver Creek,STREAM,MAIN,TRUE,TRUE,TBD,FALSE
2022-10-14T13:45:00Z,0.301,beaver_creek_usgs_temp_3,60.65107,-151.09076,US/Alaska (UTC-9 / UTC-8),"west fork beaver creek, upstream of marathon road",Beaver Creek,STREAM,MAIN,TRUE,TRUE,TBD,FALSE
2022-10-14T14:00:00Z,0.301,beaver_creek_usgs_temp_3,60.65107,-151.09076,US/Alaska (UTC-9 / UTC-8),"west fork beaver creek, upstream of marathon road",Beaver Creek,STREAM,MAIN,TRUE,TRUE,TBD,FALSE
2022-10-14T14:15:00Z,0.356,beaver_creek_usgs_temp_3,60.65107,-151.09076,US/Alaska (UTC-9 / UTC-8),"west fork beaver creek, upstream of marathon road",Beaver Creek,STREAM,MAIN,TRUE,TRUE,TBD,FALSE
2022-10-14T14:30:00Z,0.356,beaver_creek_usgs_temp_3,60.65107,-151.09076,US/Alaska (UTC-9 / UTC-8),"west fork beaver creek, upstream of marathon road",Beaver Creek,STREAM,MAIN,TRUE,TRUE,TBD,FALSE
2022-10-14T14:45:00Z,0.384,beaver_creek_usgs_temp_3,60.65107,-151.09076,US/Alaska (UTC-9 / UTC-8),"west fork beaver creek, upstream of marathon road",Beaver Creek,STREAM,MAIN,TRUE,TRUE,TBD,FALSE
2022-10-14T15:00:00Z,0.412,beaver_creek_usgs_temp_3,60.65107,-151.09076,US/Alaska (UTC-9 / UTC-8),"west fork beaver creek, upstream of marathon road",Beaver Creek,STREAM,MAIN,TRUE,TRUE,TBD,FALSE
2022-10-14T15:15:00Z,0.412,beaver_creek_usgs_temp_3,60.65107,-151.09076,US/Alaska (UTC-9 / UTC-8),"west fork beaver creek, upstream of marathon road",Beaver Creek,STREAM,MAIN,TRUE,TRUE,TBD,FALSE
2022-10-14T15:30:00Z,0.439,beaver_creek_usgs_temp_3,60.65107,-151.09076,US/Alaska (UTC-9 / UTC-8),"west fork beaver creek, upstream of marathon road",Beaver Creek,STREAM,MAIN,TRUE,TRUE,TBD,FALSE
2022-10-14T15:45:00Z,0.467,beaver_creek_usgs_temp_3,60.65107,-151.09076,US/Alaska (UTC-9 / UTC-8),"west fork beaver creek, upstream of marathon road",Beaver Creek,STREAM,MAIN,TRUE,TRUE,TBD,FALSE
2022-10-14T16:00:00Z,0.495,beaver_creek_usgs_temp_3,60.65107,-151.09076,US/Alaska (UTC-9 / UTC-8),"west fork beaver creek, upstream of marathon road",Beaver Creek,STREAM,MAIN,TRUE,TRUE,TBD,FALSE
2022-10-14T16:15:00Z,0.467,beaver_creek_usgs_temp_3,60.65107,-151.09076,US/Alaska (UTC-9 / UTC-8),"west fork beaver creek, upstream of marathon road",Beaver Creek,STREAM,MAIN,TRUE,TRUE,TBD,FALSE
2022-10-14T16:30:00Z,0.467,beaver_creek_usgs_temp_3,60.65107,-151.09076,US/Alaska (UTC-9 / UTC-8),"west fork beaver creek, upstream of marathon road",Beaver Creek,STREAM,MAIN,TRUE,TRUE,TBD,FALSE
2022-10-14T16:45:00Z,0.467,beaver_creek_usgs_temp_3,60.65107,-151.09076,US/Alaska (UTC-9 / UTC-8),"west fork beaver creek, upstream of marathon road",Beaver Creek,STREAM,MAIN,TRUE,TRUE,TBD,FALSE
2022-10-14T17:00:00Z,0.467,beaver_creek_usgs_temp_3,60.65107,-151.09076,US/Alaska (UTC-9 / UTC-8),"west fork beaver creek, upstream of marathon road",Beaver Creek,STREAM,MAIN,TRUE,TRUE,TBD,FALSE
2022-10-14T17:15:00Z,0.467,beaver_creek_usgs_temp_3,60.65107,-151.09076,US/Alaska (UTC-9 / UTC-8),"west fork beaver creek, upstream of marathon road",Beaver Creek,STREAM,MAIN,TRUE,TRUE,TBD,FALSE
2022-10-14T17:30:00Z,0.467,beaver_creek_usgs_temp_3,60.65107,-151.09076,US/Alaska (UTC-9 / UTC-8),"west fork beaver creek, upstream of marathon road",Beaver Creek,STREAM,MAIN,TRUE,TRUE,TBD,FALSE
2022-10-14T17:45:00Z,0.439,beaver_creek_usgs_temp_3,60.65107,-151.09076,US/Alaska (UTC-9 / UTC-8),"west fork beaver creek, upstream of marathon road",Beaver Creek,STREAM,MAIN,TRUE,TRUE,TBD,FALSE
2022-10-14T18:00:00Z,0.412,beaver_creek_usgs_temp_3,60.65107,-151.09076,US/Alaska (UTC-9 / UTC-8),"west fork beaver creek, upstream of marathon road",Beaver Creek,STREAM,MAIN,TRUE,TRUE,TBD,FALSE
2022-10-14T18:15:00Z,0.412,beaver_creek_usgs_temp_3,60.65107,-151.09076,US/Alaska (UTC-9 / UTC-8),"west fork beaver creek, upstream of marathon road",Beaver Creek,STREAM,MAIN,TRUE,TRUE,TBD,FALSE
2022-10-14T18:30:00Z,0.384,beaver_creek_usgs_temp_3,60.65107,-151.09076,US/Alaska (UTC-9 / UTC-8),"west fork beaver creek, upstream of marathon road",Beaver Creek,STREAM,MAIN,TRUE,TRUE,TBD,FALSE
2022-10-14T18:45:00Z,0.384,beaver_creek_usgs_temp_3,60.65107,-151.09076,US/Alaska (UTC-9 / UTC-8),"west fork beaver creek, upstream of marathon road",Beaver Creek,STREAM,MAIN,TRUE,TRUE,TBD,FALSE
2022-10-14T19:00:00Z,0.356,beaver_creek_usgs_temp_3,60.65107,-151.09076,US/Alaska (UTC-9 / UTC-8),"west fork beaver creek, upstream of marathon road",Beaver Creek,STREAM,MAIN,TRUE,TRUE,TBD,FALSE
2022-10-14T19:15:00Z,0.356,beaver_creek_usgs_temp_3,60.65107,-151.09076,US/Alaska (UTC-9 / UTC-8),"west fork beaver creek, upstream of marathon road",Beaver Creek,STREAM,MAIN,TRUE,TRUE,TBD,FALSE
2022-10-14T19:30:00Z,0.329,beaver_creek_usgs_temp_3,60.65107,-151.09076,US/Alaska (UTC-9 / UTC-8),"west fork beaver creek, upstream of marathon road",Beaver Creek,STREAM,MAIN,TRUE,TRUE,TBD,FALSE
2022-10-14T19:45:00Z,0.329,beaver_creek_usgs_temp_3,60.65107,-151.09076,US/Alaska (UTC-9 / UTC-8),"west fork beaver creek, upstream of marathon road",Beaver Creek,STREAM,MAIN,TRUE,TRUE,TBD,FALSE
2022-10-14T20:00:00Z,0.301,beaver_creek_usgs_temp_3,60.65107,-151.09076,US/Alaska (UTC-9 / UTC-8),"west fork beaver creek, upstream of marathon road",Beaver Creek,STREAM,MAIN,TRUE,TRUE,TBD,FALSE
2022-10-14T20:15:00Z,0.301,beaver_creek_usgs_temp_3,60.65107,-151.09076,US/Alaska (UTC-9 / UTC-8),"west fork beaver creek, upstream of marathon road",Beaver Creek,STREAM,MAIN,TRUE,TRUE,TBD,FALSE
2022-10-14T20:30:00Z,0.246,beaver_creek_usgs_temp_3,60.65107,-151.09076,US/Alaska (UTC-9 / UTC-8),"west fork beaver creek, upstream of marathon road",Beaver Creek,STREAM,MAIN,TRUE,TRUE,TBD,FALSE
2022-10-14T20:45:00Z,0.246,beaver_creek_usgs_temp_3,60.65107,-151.09076,US/Alaska (UTC-9 / UTC-8),"west fork beaver creek, upstream of marathon road",Beaver Creek,STREAM,MAIN,TRUE,TRUE,TBD,FALSE
2022-10-14T21:00:00Z,0.218,beaver_creek_usgs_temp_3,60.65107,-151.09076,US/Alaska (UTC-9 / UTC-8),"west fork beaver creek, upstream of marathon road",Beaver Creek,STREAM,MAIN,TRUE,TRUE,TBD,FALSE
2022-10-14T21:15:00Z,0.19,beaver_creek_usgs_temp_3,60.65107,-151.09076,US/Alaska (UTC-9 / UTC-8),"west fork beaver creek, upstream of marathon road",Beaver Creek,STREAM,MAIN,TRUE,TRUE,TBD,FALSE
2022-10-14T21:30:00Z,0.19,beaver_creek_usgs_temp_3,60.65107,-151.09076,US/Alaska (UTC-9 / UTC-8),"west fork beaver creek, upstream of marathon road",Beaver Creek,STREAM,MAIN,TRUE,TRUE,TBD,FALSE
2022-10-14T21:45:00Z,0.19,beaver_creek_usgs_temp_3,60.65107,-151.09076,US/Alaska (UTC-9 / UTC-8),"west fork beaver creek, upstream of marathon road",Beaver Creek,STREAM,MAIN,TRUE,TRUE,TBD,FALSE
2022-10-14T22:00:00Z,0.163,beaver_creek_usgs_temp_3,60.65107,-151.09076,US/Alaska (UTC-9 / UTC-8),"west fork beaver creek, upstream of marathon road",Beaver Creek,STREAM,MAIN,TRUE,TRUE,TBD,FALSE
2022-10-14T22:15:00Z,0.163,beaver_creek_usgs_temp_3,60.65107,-151.09076,US/Alaska (UTC-9 / UTC-8),"west fork beaver creek, upstream of marathon road",Beaver Creek,STREAM,MAIN,TRUE,TRUE,TBD,FALSE
2022-10-14T22:30:00Z,0.163,beaver_creek_usgs_temp_3,60.65107,-151.09076,US/Alaska (UTC-9 / UTC-8),"west fork beaver creek, upstream of marathon road",Beaver Creek,STREAM,MAIN,TRUE,TRUE,TBD,FALSE
2022-10-14T22:45:00Z,0.135,beaver_creek_usgs_temp_3,60.65107,-151.09076,US/Alaska (UTC-9 / UTC-8),"west fork beaver creek, upstream of marathon road",Beaver Creek,STREAM,MAIN,TRUE,TRUE,TBD,FALSE
2022-10-14T23:00:00Z,0.135,beaver_creek_usgs_temp_3,60.65107,-151.09076,US/Alaska (UTC-9 / UTC-8),"west fork beaver creek, upstream of marathon road",Beaver Creek,STREAM,MAIN,TRUE,TRUE,TBD,FALSE
2022-10-14T23:15:00Z,0.107,beaver_creek_usgs_temp_3,60.65107,-151.09076,US/Alaska (UTC-9 / UTC-8),"west fork beaver creek, upstream of marathon road",Beaver Creek,STREAM,MAIN,TRUE,TRUE,TBD,FALSE
2022-10-14T23:30:00Z,0.107,beaver_creek_usgs_temp_3,60.65107,-151.09076,US/Alaska (UTC-9 / UTC-8),"west fork beaver creek, upstream of marathon road",Beaver Creek,STREAM,MAIN,TRUE,TRUE,TBD,FALSE
2022-10-14T23:45:00Z,0.107,beaver_creek_usgs_temp_3,60.65107,-151.09076,US/Alaska (UTC-9 / UTC-8),"west fork beaver creek, upstream of marathon road",Beaver Creek,STREAM,MAIN,TRUE,TRUE,TBD,FALSE
2022-10-15T00:00:00Z,0.107,beaver_creek_usgs_temp_3,60.65107,-151.09076,US/Alaska (UTC-9 / UTC-8),"west fork beaver creek, upstream of marathon road",Beaver Creek,STREAM,MAIN,TRUE,TRUE,TBD,FALSE
2022-10-15T00:15:00Z,0.107,beaver_creek_usgs_temp_3,60.65107,-151.09076,US/Alaska (UTC-9 / UTC-8),"west fork beaver creek, upstream of marathon road",Beaver Creek,STREAM,MAIN,TRUE,TRUE,TBD,FALSE
2022-10-15T00:30:00Z,0.079,beaver_creek_usgs_temp_3,60.65107,-151.09076,US/Alaska (UTC-9 / UTC-8),"west fork beaver creek, upstream of marathon road",Beaver Creek,STREAM,MAIN,TRUE,TRUE,TBD,FALSE
2022-10-15T00:45:00Z,0.079,beaver_creek_usgs_temp_3,60.65107,-151.09076,US/Alaska (UTC-9 / UTC-8),"west fork beaver creek, upstream of marathon road",Beaver Creek,STREAM,MAIN,TRUE,TRUE,TBD,FALSE
2022-10-15T01:00:00Z,0.051,beaver_creek_usgs_temp_3,60.65107,-151.09076,US/Alaska (UTC-9 / UTC-8),"west fork beaver creek, upstream of marathon road",Beaver Creek,STREAM,MAIN,TRUE,TRUE,TBD,FALSE
2022-10-15T01:15:00Z,0.024,beaver_creek_usgs_temp_3,60.65107,-151.09076,US/Alaska (UTC-9 / UTC-8),"west fork beaver creek, upstream of marathon road",Beaver Creek,STREAM,MAIN,TRUE,TRUE,TBD,FALSE
2022-10-15T01:30:00Z,0.024,beaver_creek_usgs_temp_3,60.65107,-151.09076,US/Alaska (UTC-9 / UTC-8),"west fork beaver creek, upstream of marathon road",Beaver Creek,STREAM,MAIN,TRUE,TRUE,TBD,FALSE
2022-10-15T01:45:00Z,0.024,beaver_creek_usgs_temp_3,60.65107,-151.09076,US/Alaska (UTC-9 / UTC-8),"west fork beaver creek, upstream of marathon road",Beaver Creek,STREAM,MAIN,TRUE,TRUE,TBD,FALSE
2022-10-15T02:00:00Z,0.024,beaver_creek_usgs_temp_3,60.65107,-151.09076,US/Alaska (UTC-9 / UTC-8),"west fork beaver creek, upstream of marathon road",Beaver Creek,STREAM,MAIN,TRUE,TRUE,TBD,FALSE
2022-10-15T02:15:00Z,0.024,beaver_creek_usgs_temp_3,60.65107,-151.09076,US/Alaska (UTC-9 / UTC-8),"west fork beaver creek, upstream of marathon road",Beaver Creek,STREAM,MAIN,TRUE,TRUE,TBD,FALSE
2022-10-15T02:30:00Z,0.024,beaver_creek_usgs_temp_3,60.65107,-151.09076,US/Alaska (UTC-9 / UTC-8),"west fork beaver creek, upstream of marathon road",Beaver Creek,STREAM,MAIN,TRUE,TRUE,TBD,FALSE
2022-10-15T02:45:00Z,0.024,beaver_creek_usgs_temp_3,60.65107,-151.09076,US/Alaska (UTC-9 / UTC-8),"west fork beaver creek, upstream of marathon road",Beaver Creek,STREAM,MAIN,TRUE,TRUE,TBD,FALSE
2022-10-15T03:00:00Z,0.024,beaver_creek_usgs_temp_3,60.65107,-151.09076,US/Alaska (UTC-9 / UTC-8),"west fork beaver creek, upstream of marathon road",Beaver Creek,STREAM,MAIN,TRUE,TRUE,TBD,FALSE
2022-10-15T03:15:00Z,0.051,beaver_creek_usgs_temp_3,60.65107,-151.09076,US/Alaska (UTC-9 / UTC-8),"west fork beaver creek, upstream of marathon road",Beaver Creek,STREAM,MAIN,TRUE,TRUE,TBD,FALSE
2022-10-15T03:30:00Z,0.051,beaver_creek_usgs_temp_3,60.65107,-151.09076,US/Alaska (UTC-9 / UTC-8),"west fork beaver creek, upstream of marathon road",Beaver Creek,STREAM,MAIN,TRUE,TRUE,TBD,FALSE
2022-10-15T03:45:00Z,0.051,beaver_creek_usgs_temp_3,60.65107,-151.09076,US/Alaska (UTC-9 / UTC-8),"west fork beaver creek, upstream of marathon road",Beaver Creek,STREAM,MAIN,TRUE,TRUE,TBD,FALSE
2022-10-15T04:00:00Z,0.079,beaver_creek_usgs_temp_3,60.65107,-151.09076,US/Alaska (UTC-9 / UTC-8),"west fork beaver creek, upstream of marathon road",Beaver Creek,STREAM,MAIN,TRUE,TRUE,TBD,FALSE
2022-10-15T04:15:00Z,0.079,beaver_creek_usgs_temp_3,60.65107,-151.09076,US/Alaska (UTC-9 / UTC-8),"west fork beaver creek, upstream of marathon road",Beaver Creek,STREAM,MAIN,TRUE,TRUE,TBD,FALSE
2022-10-15T04:30:00Z,0.079,beaver_creek_usgs_temp_3,60.65107,-151.09076,US/Alaska (UTC-9 / UTC-8),"west fork beaver creek, upstream of marathon road",Beaver Creek,STREAM,MAIN,TRUE,TRUE,TBD,FALSE
2022-10-15T04:45:00Z,0.079,beaver_creek_usgs_temp_3,60.65107,-151.09076,US/Alaska (UTC-9 / UTC-8),"west fork beaver creek, upstream of marathon road",Beaver Creek,STREAM,MAIN,TRUE,TRUE,TBD,FALSE
2022-10-15T05:00:00Z,0.079,beaver_creek_usgs_temp_3,60.65107,-151.09076,US/Alaska (UTC-9 / UTC-8),"west fork beaver creek, upstream of marathon road",Beaver Creek,STREAM,MAIN,TRUE,TRUE,TBD,FALSE
2022-10-15T05:15:00Z,0.079,beaver_creek_usgs_temp_3,60.65107,-151.09076,US/Alaska (UTC-9 / UTC-8),"west fork beaver creek, upstream of marathon road",Beaver Creek,STREAM,MAIN,TRUE,TRUE,TBD,FALSE
2022-10-15T05:30:00Z,0.079,beaver_creek_usgs_temp_3,60.65107,-151.09076,US/Alaska (UTC-9 / UTC-8),"west fork beaver creek, upstream of marathon road",Beaver Creek,STREAM,MAIN,TRUE,TRUE,TBD,FALSE
2022-10-15T05:45:00Z,0.079,beaver_creek_usgs_temp_3,60.65107,-151.09076,US/Alaska (UTC-9 / UTC-8),"west fork beaver creek, upstream of marathon road",Beaver Creek,STREAM,MAIN,TRUE,TRUE,TBD,FALSE
2022-10-15T06:00:00Z,0.107,beaver_creek_usgs_temp_3,60.65107,-151.09076,US/Alaska (UTC-9 / UTC-8),"west fork beaver creek, upstream of marathon road",Beaver Creek,STREAM,MAIN,TRUE,TRUE,TBD,FALSE
2022-10-15T06:15:00Z,0.107,beaver_creek_usgs_temp_3,60.65107,-151.09076,US/Alaska (UTC-9 / UTC-8),"west fork beaver creek, upstream of marathon road",Beaver Creek,STREAM,MAIN,TRUE,TRUE,TBD,FALSE
2022-10-15T06:30:00Z,0.107,beaver_creek_usgs_temp_3,60.65107,-151.09076,US/Alaska (UTC-9 / UTC-8),"west fork beaver creek, upstream of marathon road",Beaver Creek,STREAM,MAIN,TRUE,TRUE,TBD,FALSE
2022-10-15T06:45:00Z,0.107,beaver_creek_usgs_temp_3,60.65107,-151.09076,US/Alaska (UTC-9 / UTC-8),"west fork beaver creek, upstream of marathon road",Beaver Creek,STREAM,MAIN,TRUE,TRUE,TBD,FALSE
2022-10-15T07:00:00Z,0.107,beaver_creek_usgs_temp_3,60.65107,-151.09076,US/Alaska (UTC-9 / UTC-8),"west fork beaver creek, upstream of marathon road",Beaver Creek,STREAM,MAIN,TRUE,TRUE,TBD,FALSE
2022-10-15T07:15:00Z,0.135,beaver_creek_usgs_temp_3,60.65107,-151.09076,US/Alaska (UTC-9 / UTC-8),"west fork beaver creek, upstream of marathon road",Beaver Creek,STREAM,MAIN,TRUE,TRUE,TBD,FALSE
2022-10-15T07:30:00Z,0.135,beaver_creek_usgs_temp_3,60.65107,-151.09076,US/Alaska (UTC-9 / UTC-8),"west fork beaver creek, upstream of marathon road",Beaver Creek,STREAM,MAIN,TRUE,TRUE,TBD,FALSE
2022-10-15T07:45:00Z,0.135,beaver_creek_usgs_temp_3,60.65107,-151.09076,US/Alaska (UTC-9 / UTC-8),"west fork beaver creek, upstream of marathon road",Beaver Creek,STREAM,MAIN,TRUE,TRUE,TBD,FALSE
2022-10-15T08:00:00Z,0.163,beaver_creek_usgs_temp_3,60.65107,-151.09076,US/Alaska (UTC-9 / UTC-8),"west fork beaver creek, upstream of marathon road",Beaver Creek,STREAM,MAIN,TRUE,TRUE,TBD,FALSE
2022-10-15T08:15:00Z,0.163,beaver_creek_usgs_temp_3,60.65107,-151.09076,US/Alaska (UTC-9 / UTC-8),"west fork beaver creek, upstream of marathon road",Beaver Creek,STREAM,MAIN,TRUE,TRUE,TBD,FALSE
2022-10-15T08:30:00Z,0.163,beaver_creek_usgs_temp_3,60.65107,-151.09076,US/Alaska (UTC-9 / UTC-8),"west fork beaver creek, upstream of marathon road",Beaver Creek,STREAM,MAIN,TRUE,TRUE,TBD,FALSE
2022-10-15T08:45:00Z,0.163,beaver_creek_usgs_temp_3,60.65107,-151.09076,US/Alaska (UTC-9 / UTC-8),"west fork beaver creek, upstream of marathon road",Beaver Creek,STREAM,MAIN,TRUE,TRUE,TBD,FALSE
2022-10-15T09:00:00Z,0.163,beaver_creek_usgs_temp_3,60.65107,-151.09076,US/Alaska (UTC-9 / UTC-8),"west fork beaver creek, upstream of marathon road",Beaver Creek,STREAM,MAIN,TRUE,TRUE,TBD,FALSE
2022-10-15T09:15:00Z,0.19,beaver_creek_usgs_temp_3,60.65107,-151.09076,US/Alaska (UTC-9 / UTC-8),"west fork beaver creek, upstream of marathon road",Beaver Creek,STREAM,MAIN,TRUE,TRUE,TBD,FALSE
2022-10-15T09:30:00Z,0.19,beaver_creek_usgs_temp_3,60.65107,-151.09076,US/Alaska (UTC-9 / UTC-8),"west fork beaver creek, upstream of marathon road",Beaver Creek,STREAM,MAIN,TRUE,TRUE,TBD,FALSE
2022-10-15T09:45:00Z,0.19,beaver_creek_usgs_temp_3,60.65107,-151.09076,US/Alaska (UTC-9 / UTC-8),"west fork beaver creek, upstream of marathon road",Beaver Creek,STREAM,MAIN,TRUE,TRUE,TBD,FALSE
2022-10-15T10:00:00Z,0.218,beaver_creek_usgs_temp_3,60.65107,-151.09076,US/Alaska (UTC-9 / UTC-8),"west fork beaver creek, upstream of marathon road",Beaver Creek,STREAM,MAIN,TRUE,TRUE,TBD,FALSE
2022-10-15T10:15:00Z,0.246,beaver_creek_usgs_temp_3,60.65107,-151.09076,US/Alaska (UTC-9 / UTC-8),"west fork beaver creek, upstream of marathon road",Beaver Creek,STREAM,MAIN,TRUE,TRUE,TBD,FALSE
2022-10-15T10:30:00Z,0.246,beaver_creek_usgs_temp_3,60.65107,-151.09076,US/Alaska (UTC-9 / UTC-8),"west fork beaver creek, upstream of marathon road",Beaver Creek,STREAM,MAIN,TRUE,TRUE,TBD,FALSE
2022-10-15T10:45:00Z,0.273,beaver_creek_usgs_temp_3,60.65107,-151.09076,US/Alaska (UTC-9 / UTC-8),"west fork beaver creek, upstream of marathon road",Beaver Creek,STREAM,MAIN,TRUE,TRUE,TBD,FALSE
2022-10-15T11:00:00Z,0.301,beaver_creek_usgs_temp_3,60.65107,-151.09076,US/Alaska (UTC-9 / UTC-8),"west fork beaver creek, upstream of marathon road",Beaver Creek,STREAM,MAIN,TRUE,TRUE,TBD,FALSE
2022-10-15T11:15:00Z,0.301,beaver_creek_usgs_temp_3,60.65107,-151.09076,US/Alaska (UTC-9 / UTC-8),"west fork beaver creek, upstream of marathon road",Beaver Creek,STREAM,MAIN,TRUE,TRUE,TBD,FALSE
2022-10-15T11:30:00Z,0.329,beaver_creek_usgs_temp_3,60.65107,-151.09076,US/Alaska (UTC-9 / UTC-8),"west fork beaver creek, upstream of marathon road",Beaver Creek,STREAM,MAIN,TRUE,TRUE,TBD,FALSE
2022-10-15T11:45:00Z,0.356,beaver_creek_usgs_temp_3,60.65107,-151.09076,US/Alaska (UTC-9 / UTC-8),"west fork beaver creek, upstream of marathon road",Beaver Creek,STREAM,MAIN,TRUE,TRUE,TBD,FALSE
2022-10-15T12:00:00Z,0.356,beaver_creek_usgs_temp_3,60.65107,-151.09076,US/Alaska (UTC-9 / UTC-8),"west fork beaver creek, upstream of marathon road",Beaver Creek,STREAM,MAIN,TRUE,TRUE,TBD,FALSE
2022-10-15T12:15:00Z,0.412,beaver_creek_usgs_temp_3,60.65107,-151.09076,US/Alaska (UTC-9 / UTC-8),"west fork beaver creek, upstream of marathon road",Beaver Creek,STREAM,MAIN,TRUE,TRUE,TBD,FALSE
2022-10-15T12:30:00Z,0.467,beaver_creek_usgs_temp_3,60.65107,-151.09076,US/Alaska (UTC-9 / UTC-8),"west fork beaver creek, upstream of marathon road",Beaver Creek,STREAM,MAIN,TRUE,TRUE,TBD,FALSE
2022-10-15T12:45:00Z,0.495,beaver_creek_usgs_temp_3,60.65107,-151.09076,US/Alaska (UTC-9 / UTC-8),"west fork beaver creek, upstream of marathon road",Beaver Creek,STREAM,MAIN,TRUE,TRUE,TBD,FALSE
2022-10-15T13:00:00Z,0.605,beaver_creek_usgs_temp_3,60.65107,-151.09076,US/Alaska (UTC-9 / UTC-8),"west fork beaver creek, upstream of marathon road",Beaver Creek,STREAM,MAIN,TRUE,TRUE,TBD,FALSE
2022-10-15T13:15:00Z,0.742,beaver_creek_usgs_temp_3,60.65107,-151.09076,US/Alaska (UTC-9 / UTC-8),"west fork beaver creek, upstream of marathon road",Beaver Creek,STREAM,MAIN,TRUE,TRUE,TBD,FALSE
2022-10-15T13:30:00Z,0.797,beaver_creek_usgs_temp_3,60.65107,-151.09076,US/Alaska (UTC-9 / UTC-8),"west fork beaver creek, upstream of marathon road",Beaver Creek,STREAM,MAIN,TRUE,TRUE,TBD,FALSE
2022-10-15T13:45:00Z,0.962,beaver_creek_usgs_temp_3,60.65107,-151.09076,US/Alaska (UTC-9 / UTC-8),"west fork beaver creek, upstream of marathon road",Beaver Creek,STREAM,MAIN,TRUE,TRUE,TBD,FALSE
2022-10-15T14:00:00Z,1.071,beaver_creek_usgs_temp_3,60.65107,-151.09076,US/Alaska (UTC-9 / UTC-8),"west fork beaver creek, upstream of marathon road",Beaver Creek,STREAM,MAIN,TRUE,TRUE,TBD,FALSE
2022-10-15T14:15:00Z,1.18,beaver_creek_usgs_temp_3,60.65107,-151.09076,US/Alaska (UTC-9 / UTC-8),"west fork beaver creek, upstream of marathon road",Beaver Creek,STREAM,MAIN,TRUE,TRUE,TBD,FALSE
2022-10-15T14:30:00Z,1.262,beaver_creek_usgs_temp_3,60.65107,-151.09076,US/Alaska (UTC-9 / UTC-8),"west fork beaver creek, upstream of marathon road",Beaver Creek,STREAM,MAIN,TRUE,TRUE,TBD,FALSE
2022-10-15T14:45:00Z,1.371,beaver_creek_usgs_temp_3,60.65107,-151.09076,US/Alaska (UTC-9 / UTC-8),"west fork beaver creek, upstream of marathon road",Beaver Creek,STREAM,MAIN,TRUE,TRUE,TBD,FALSE
2022-10-15T15:00:00Z,1.453,beaver_creek_usgs_temp_3,60.65107,-151.09076,US/Alaska (UTC-9 / UTC-8),"west fork beaver creek, upstream of marathon road",Beaver Creek,STREAM,MAIN,TRUE,TRUE,TBD,FALSE
2022-10-15T15:15:00Z,1.561,beaver_creek_usgs_temp_3,60.65107,-151.09076,US/Alaska (UTC-9 / UTC-8),"west fork beaver creek, upstream of marathon road",Beaver Creek,STREAM,MAIN,TRUE,TRUE,TBD,FALSE
2022-10-15T15:30:00Z,1.643,beaver_creek_usgs_temp_3,60.65107,-151.09076,US/Alaska (UTC-9 / UTC-8),"west fork beaver creek, upstream of marathon road",Beaver Creek,STREAM,MAIN,TRUE,TRUE,TBD,FALSE
2022-10-15T15:45:00Z,1.724,beaver_creek_usgs_temp_3,60.65107,-151.09076,US/Alaska (UTC-9 / UTC-8),"west fork beaver creek, upstream of marathon road",Beaver Creek,STREAM,MAIN,TRUE,TRUE,TBD,FALSE
2022-10-15T16:00:00Z,1.778,beaver_creek_usgs_temp_3,60.65107,-151.09076,US/Alaska (UTC-9 / UTC-8),"west fork beaver creek, upstream of marathon road",Beaver Creek,STREAM,MAIN,TRUE,TRUE,TBD,FALSE
2022-10-15T16:15:00Z,1.859,beaver_creek_usgs_temp_3,60.65107,-151.09076,US/Alaska (UTC-9 / UTC-8),"west fork beaver creek, upstream of marathon road",Beaver Creek,STREAM,MAIN,TRUE,TRUE,TBD,FALSE
2022-10-15T16:30:00Z,1.94,beaver_creek_usgs_temp_3,60.65107,-151.09076,US/Alaska (UTC-9 / UTC-8),"west fork beaver creek, upstream of marathon road",Beaver Creek,STREAM,MAIN,TRUE,TRUE,TBD,FALSE
2022-10-15T16:45:00Z,2.021,beaver_creek_usgs_temp_3,60.65107,-151.09076,US/Alaska (UTC-9 / UTC-8),"west fork beaver creek, upstream of marathon road",Beaver Creek,STREAM,MAIN,TRUE,TRUE,TBD,FALSE
2022-10-15T17:00:00Z,2.047,beaver_creek_usgs_temp_3,60.65107,-151.09076,US/Alaska (UTC-9 / UTC-8),"west fork beaver creek, upstream of marathon road",Beaver Creek,STREAM,MAIN,TRUE,TRUE,TBD,FALSE
2022-10-15T17:15:00Z,2.074,beaver_creek_usgs_temp_3,60.65107,-151.09076,US/Alaska (UTC-9 / UTC-8),"west fork beaver creek, upstream of marathon road",Beaver Creek,STREAM,MAIN,TRUE,TRUE,TBD,FALSE
2022-10-15T17:30:00Z,2.128,beaver_creek_usgs_temp_3,60.65107,-151.09076,US/Alaska (UTC-9 / UTC-8),"west fork beaver creek, upstream of marathon road",Beaver Creek,STREAM,MAIN,TRUE,TRUE,TBD,FALSE
2022-10-15T17:45:00Z,2.155,beaver_creek_usgs_temp_3,60.65107,-151.09076,US/Alaska (UTC-9 / UTC-8),"west fork beaver creek, upstream of marathon road",Beaver Creek,STREAM,MAIN,TRUE,TRUE,TBD,FALSE
2022-10-15T18:00:00Z,2.182,beaver_creek_usgs_temp_3,60.65107,-151.09076,US/Alaska (UTC-9 / UTC-8),"west fork beaver creek, upstream of marathon road",Beaver Creek,STREAM,MAIN,TRUE,TRUE,TBD,FALSE
2022-10-15T18:15:00Z,2.209,beaver_creek_usgs_temp_3,60.65107,-151.09076,US/Alaska (UTC-9 / UTC-8),"west fork beaver creek, upstream of marathon road",Beaver Creek,STREAM,MAIN,TRUE,TRUE,TBD,FALSE
2022-10-15T18:30:00Z,2.236,beaver_creek_usgs_temp_3,60.65107,-151.09076,US/Alaska (UTC-9 / UTC-8),"west fork beaver creek, upstream of marathon road",Beaver Creek,STREAM,MAIN,TRUE,TRUE,TBD,FALSE
2022-10-15T18:45:00Z,2.236,beaver_creek_usgs_temp_3,60.65107,-151.09076,US/Alaska (UTC-9 / UTC-8),"west fork beaver creek, upstream of marathon road",Beaver Creek,STREAM,MAIN,TRUE,TRUE,TBD,FALSE
2022-10-15T19:00:00Z,2.262,beaver_creek_usgs_temp_3,60.65107,-151.09076,US/Alaska (UTC-9 / UTC-8),"west fork beaver creek, upstream of marathon road",Beaver Creek,STREAM,MAIN,TRUE,TRUE,TBD,FALSE
2022-10-15T19:15:00Z,2.236,beaver_creek_usgs_temp_3,60.65107,-151.09076,US/Alaska (UTC-9 / UTC-8),"west fork beaver creek, upstream of marathon road",Beaver Creek,STREAM,MAIN,TRUE,TRUE,TBD,FALSE
2022-10-15T19:30:00Z,2.236,beaver_creek_usgs_temp_3,60.65107,-151.09076,US/Alaska (UTC-9 / UTC-8),"west fork beaver creek, upstream of marathon road",Beaver Creek,STREAM,MAIN,TRUE,TRUE,TBD,FALSE
2022-10-15T19:45:00Z,2.209,beaver_creek_usgs_temp_3,60.65107,-151.09076,US/Alaska (UTC-9 / UTC-8),"west fork beaver creek, upstream of marathon road",Beaver Creek,STREAM,MAIN,TRUE,TRUE,TBD,FALSE
2022-10-15T20:00:00Z,2.209,beaver_creek_usgs_temp_3,60.65107,-151.09076,US/Alaska (UTC-9 / UTC-8),"west fork beaver creek, upstream of marathon road",Beaver Creek,STREAM,MAIN,TRUE,TRUE,TBD,FALSE
2022-10-15T20:15:00Z,2.209,beaver_creek_usgs_temp_3,60.65107,-151.09076,US/Alaska (UTC-9 / UTC-8),"west fork beaver creek, upstream of marathon road",Beaver Creek,STREAM,MAIN,TRUE,TRUE,TBD,FALSE
2022-10-15T20:30:00Z,2.209,beaver_creek_usgs_temp_3,60.65107,-151.09076,US/Alaska (UTC-9 / UTC-8),"west fork beaver creek, upstream of marathon road",Beaver Creek,STREAM,MAIN,TRUE,TRUE,TBD,FALSE
2022-10-15T20:45:00Z,2.182,beaver_creek_usgs_temp_3,60.65107,-151.09076,US/Alaska (UTC-9 / UTC-8),"west fork beaver creek, upstream of marathon road",Beaver Creek,STREAM,MAIN,TRUE,TRUE,TBD,FALSE
2022-10-15T21:00:00Z,2.182,beaver_creek_usgs_temp_3,60.65107,-151.09076,US/Alaska (UTC-9 / UTC-8),"west fork beaver creek, upstream of marathon road",Beaver Creek,STREAM,MAIN,TRUE,TRUE,TBD,FALSE
2022-10-15T21:15:00Z,2.182,beaver_creek_usgs_temp_3,60.65107,-151.09076,US/Alaska (UTC-9 / UTC-8),"west fork beaver creek, upstream of marathon road",Beaver Creek,STREAM,MAIN,TRUE,TRUE,TBD,FALSE
2022-10-15T21:30:00Z,2.155,beaver_creek_usgs_temp_3,60.65107,-151.09076,US/Alaska (UTC-9 / UTC-8),"west fork beaver creek, upstream of marathon road",Beaver Creek,STREAM,MAIN,TRUE,TRUE,TBD,FALSE
2022-10-15T21:45:00Z,2.155,beaver_creek_usgs_temp_3,60.65107,-151.09076,US/Alaska (UTC-9 / UTC-8),"west fork beaver creek, upstream of marathon road",Beaver Creek,STREAM,MAIN,TRUE,TRUE,TBD,FALSE
2022-10-15T22:00:00Z,2.155,beaver_creek_usgs_temp_3,60.65107,-151.09076,US/Alaska (UTC-9 / UTC-8),"west fork beaver creek, upstream of marathon road",Beaver Creek,STREAM,MAIN,TRUE,TRUE,TBD,FALSE
2022-10-15T22:15:00Z,2.128,beaver_creek_usgs_temp_3,60.65107,-151.09076,US/Alaska (UTC-9 / UTC-8),"west fork beaver creek, upstream of marathon road",Beaver Creek,STREAM,MAIN,TRUE,TRUE,TBD,FALSE
2022-10-15T22:30:00Z,2.128,beaver_creek_usgs_temp_3,60.65107,-151.09076,US/Alaska (UTC-9 / UTC-8),"west fork beaver creek, upstream of marathon road",Beaver Creek,STREAM,MAIN,TRUE,TRUE,TBD,FALSE
2022-10-15T22:45:00Z,2.128,beaver_creek_usgs_temp_3,60.65107,-151.09076,US/Alaska (UTC-9 / UTC-8),"west fork beaver creek, upstream of marathon road",Beaver Creek,STREAM,MAIN,TRUE,TRUE,TBD,FALSE
2022-10-15T23:00:00Z,2.101,beaver_creek_usgs_temp_3,60.65107,-151.09076,US/Alaska (UTC-9 / UTC-8),"west fork beaver creek, upstream of marathon road",Beaver Creek,STREAM,MAIN,TRUE,TRUE,TBD,FALSE
2022-10-15T23:15:00Z,2.101,beaver_creek_usgs_temp_3,60.65107,-151.09076,US/Alaska (UTC-9 / UTC-8),"west fork beaver creek, upstream of marathon road",Beaver Creek,STREAM,MAIN,TRUE,TRUE,TBD,FALSE
2022-10-15T23:30:00Z,2.101,beaver_creek_usgs_temp_3,60.65107,-151.09076,US/Alaska (UTC-9 / UTC-8),"west fork beaver creek, upstream of marathon road",Beaver Creek,STREAM,MAIN,TRUE,TRUE,TBD,FALSE
2022-10-15T23:45:00Z,2.101,beaver_creek_usgs_temp_3,60.65107,-151.09076,US/Alaska (UTC-9 / UTC-8),"west fork beaver creek, upstream of marathon road",Beaver Creek,STREAM,MAIN,TRUE,TRUE,TBD,FALSE
2022-10-16T00:00:00Z,2.074,beaver_creek_usgs_temp_3,60.65107,-151.09076,US/Alaska (UTC-9 / UTC-8),"west fork beaver creek, upstream of marathon road",Beaver Creek,STREAM,MAIN,TRUE,TRUE,TBD,FALSE
2022-10-16T00:15:00Z,2.074,beaver_creek_usgs_temp_3,60.65107,-151.09076,US/Alaska (UTC-9 / UTC-8),"west fork beaver creek, upstream of marathon road",Beaver Creek,STREAM,MAIN,TRUE,TRUE,TBD,FALSE
2022-10-16T00:30:00Z,2.101,beaver_creek_usgs_temp_3,60.65107,-151.09076,US/Alaska (UTC-9 / UTC-8),"west fork beaver creek, upstream of marathon road",Beaver Creek,STREAM,MAIN,TRUE,TRUE,TBD,FALSE
2022-10-16T00:45:00Z,2.101,beaver_creek_usgs_temp_3,60.65107,-151.09076,US/Alaska (UTC-9 / UTC-8),"west fork beaver creek, upstream of marathon road",Beaver Creek,STREAM,MAIN,TRUE,TRUE,TBD,FALSE
2022-10-16T01:00:00Z,2.101,beaver_creek_usgs_temp_3,60.65107,-151.09076,US/Alaska (UTC-9 / UTC-8),"west fork beaver creek, upstream of marathon road",Beaver Creek,STREAM,MAIN,TRUE,TRUE,TBD,FALSE
2022-10-16T01:15:00Z,2.101,beaver_creek_usgs_temp_3,60.65107,-151.09076,US/Alaska (UTC-9 / UTC-8),"west fork beaver creek, upstream of marathon road",Beaver Creek,STREAM,MAIN,TRUE,TRUE,TBD,FALSE
2022-10-16T01:30:00Z,2.128,beaver_creek_usgs_temp_3,60.65107,-151.09076,US/Alaska (UTC-9 / UTC-8),"west fork beaver creek, upstream of marathon road",Beaver Creek,STREAM,MAIN,TRUE,TRUE,TBD,FALSE
2022-10-16T01:45:00Z,2.128,beaver_creek_usgs_temp_3,60.65107,-151.09076,US/Alaska (UTC-9 / UTC-8),"west fork beaver creek, upstream of marathon road",Beaver Creek,STREAM,MAIN,TRUE,TRUE,TBD,FALSE
2022-10-16T02:00:00Z,2.155,beaver_creek_usgs_temp_3,60.65107,-151.09076,US/Alaska (UTC-9 / UTC-8),"west fork beaver creek, upstream of marathon road",Beaver Creek,STREAM,MAIN,TRUE,TRUE,TBD,FALSE
2022-10-16T02:15:00Z,2.155,beaver_creek_usgs_temp_3,60.65107,-151.09076,US/Alaska (UTC-9 / UTC-8),"west fork beaver creek, upstream of marathon road",Beaver Creek,STREAM,MAIN,TRUE,TRUE,TBD,FALSE
2022-10-16T02:30:00Z,2.155,beaver_creek_usgs_temp_3,60.65107,-151.09076,US/Alaska (UTC-9 / UTC-8),"west fork beaver creek, upstream of marathon road",Beaver Creek,STREAM,MAIN,TRUE,TRUE,TBD,FALSE
2022-10-16T02:45:00Z,2.128,beaver_creek_usgs_temp_3,60.65107,-151.09076,US/Alaska (UTC-9 / UTC-8),"west fork beaver creek, upstream of marathon road",Beaver Creek,STREAM,MAIN,TRUE,TRUE,TBD,FALSE
2022-10-16T03:00:00Z,2.128,beaver_creek_usgs_temp_3,60.65107,-151.09076,US/Alaska (UTC-9 / UTC-8),"west fork beaver creek, upstream of marathon road",Beaver Creek,STREAM,MAIN,TRUE,TRUE,TBD,FALSE
2022-10-16T03:15:00Z,2.128,beaver_creek_usgs_temp_3,60.65107,-151.09076,US/Alaska (UTC-9 / UTC-8),"west fork beaver creek, upstream of marathon road",Beaver Creek,STREAM,MAIN,TRUE,TRUE,TBD,FALSE
2022-10-16T03:30:00Z,2.101,beaver_creek_usgs_temp_3,60.65107,-151.09076,US/Alaska (UTC-9 / UTC-8),"west fork beaver creek, upstream of marathon road",Beaver Creek,STREAM,MAIN,TRUE,TRUE,TBD,FALSE
2022-10-16T03:45:00Z,2.101,beaver_creek_usgs_temp_3,60.65107,-151.09076,US/Alaska (UTC-9 / UTC-8),"west fork beaver creek, upstream of marathon road",Beaver Creek,STREAM,MAIN,TRUE,TRUE,TBD,FALSE
2022-10-16T04:00:00Z,2.101,beaver_creek_usgs_temp_3,60.65107,-151.09076,US/Alaska (UTC-9 / UTC-8),"west fork beaver creek, upstream of marathon road",Beaver Creek,STREAM,MAIN,TRUE,TRUE,TBD,FALSE
2022-10-16T04:15:00Z,2.101,beaver_creek_usgs_temp_3,60.65107,-151.09076,US/Alaska (UTC-9 / UTC-8),"west fork beaver creek, upstream of marathon road",Beaver Creek,STREAM,MAIN,TRUE,TRUE,TBD,FALSE
2022-10-16T04:30:00Z,2.101,beaver_creek_usgs_temp_3,60.65107,-151.09076,US/Alaska (UTC-9 / UTC-8),"west fork beaver creek, upstream of marathon road",Beaver Creek,STREAM,MAIN,TRUE,TRUE,TBD,FALSE
2022-10-16T04:45:00Z,2.101,beaver_creek_usgs_temp_3,60.65107,-151.09076,US/Alaska (UTC-9 / UTC-8),"west fork beaver creek, upstream of marathon road",Beaver Creek,STREAM,MAIN,TRUE,TRUE,TBD,FALSE
2022-10-16T05:00:00Z,2.101,beaver_creek_usgs_temp_3,60.65107,-151.09076,US/Alaska (UTC-9 / UTC-8),"west fork beaver creek, upstream of marathon road",Beaver Creek,STREAM,MAIN,TRUE,TRUE,TBD,FALSE
2022-10-16T05:15:00Z,2.074,beaver_creek_usgs_temp_3,60.65107,-151.09076,US/Alaska (UTC-9 / UTC-8),"west fork beaver creek, upstream of marathon road",Beaver Creek,STREAM,MAIN,TRUE,TRUE,TBD,FALSE
2022-10-16T05:30:00Z,2.047,beaver_creek_usgs_temp_3,60.65107,-151.09076,US/Alaska (UTC-9 / UTC-8),"west fork beaver creek, upstream of marathon road",Beaver Creek,STREAM,MAIN,TRUE,TRUE,TBD,FALSE
2022-10-16T05:45:00Z,2.047,beaver_creek_usgs_temp_3,60.65107,-151.09076,US/Alaska (UTC-9 / UTC-8),"west fork beaver creek, upstream of marathon road",Beaver Creek,STREAM,MAIN,TRUE,TRUE,TBD,FALSE
2022-10-16T06:00:00Z,2.021,beaver_creek_usgs_temp_3,60.65107,-151.09076,US/Alaska (UTC-9 / UTC-8),"west fork beaver creek, upstream of marathon road",Beaver Creek,STREAM,MAIN,TRUE,TRUE,TBD,FALSE
2022-10-16T06:15:00Z,1.994,beaver_creek_usgs_temp_3,60.65107,-151.09076,US/Alaska (UTC-9 / UTC-8),"west fork beaver creek, upstream of marathon road",Beaver Creek,STREAM,MAIN,TRUE,TRUE,TBD,FALSE
2022-10-16T06:30:00Z,1.967,beaver_creek_usgs_temp_3,60.65107,-151.09076,US/Alaska (UTC-9 / UTC-8),"west fork beaver creek, upstream of marathon road",Beaver Creek,STREAM,MAIN,TRUE,TRUE,TBD,FALSE
2022-10-16T06:45:00Z,1.94,beaver_creek_usgs_temp_3,60.65107,-151.09076,US/Alaska (UTC-9 / UTC-8),"west fork beaver creek, upstream of marathon road",Beaver Creek,STREAM,MAIN,TRUE,TRUE,TBD,FALSE
2022-10-16T07:00:00Z,1.94,beaver_creek_usgs_temp_3,60.65107,-151.09076,US/Alaska (UTC-9 / UTC-8),"west fork beaver creek, upstream of marathon road",Beaver Creek,STREAM,MAIN,TRUE,TRUE,TBD,FALSE
2022-10-16T07:15:00Z,1.913,beaver_creek_usgs_temp_3,60.65107,-151.09076,US/Alaska (UTC-9 / UTC-8),"west fork beaver creek, upstream of marathon road",Beaver Creek,STREAM,MAIN,TRUE,TRUE,TBD,FALSE
2022-10-16T07:30:00Z,1.886,beaver_creek_usgs_temp_3,60.65107,-151.09076,US/Alaska (UTC-9 / UTC-8),"west fork beaver creek, upstream of marathon road",Beaver Creek,STREAM,MAIN,TRUE,TRUE,TBD,FALSE
2022-10-16T07:45:00Z,1.859,beaver_creek_usgs_temp_3,60.65107,-151.09076,US/Alaska (UTC-9 / UTC-8),"west fork beaver creek, upstream of marathon road",Beaver Creek,STREAM,MAIN,TRUE,TRUE,TBD,FALSE
2022-10-16T08:00:00Z,1.886,beaver_creek_usgs_temp_3,60.65107,-151.09076,US/Alaska (UTC-9 / UTC-8),"west fork beaver creek, upstream of marathon road",Beaver Creek,STREAM,MAIN,TRUE,TRUE,TBD,FALSE
2022-10-16T08:15:00Z,1.859,beaver_creek_usgs_temp_3,60.65107,-151.09076,US/Alaska (UTC-9 / UTC-8),"west fork beaver creek, upstream of marathon road",Beaver Creek,STREAM,MAIN,TRUE,TRUE,TBD,FALSE
2022-10-16T08:30:00Z,1.859,beaver_creek_usgs_temp_3,60.65107,-151.09076,US/Alaska (UTC-9 / UTC-8),"west fork beaver creek, upstream of marathon road",Beaver Creek,STREAM,MAIN,TRUE,TRUE,TBD,FALSE
2022-10-16T08:45:00Z,1.859,beaver_creek_usgs_temp_3,60.65107,-151.09076,US/Alaska (UTC-9 / UTC-8),"west fork beaver creek, upstream of marathon road",Beaver Creek,STREAM,MAIN,TRUE,TRUE,TBD,FALSE
2022-10-16T09:00:00Z,1.859,beaver_creek_usgs_temp_3,60.65107,-151.09076,US/Alaska (UTC-9 / UTC-8),"west fork beaver creek, upstream of marathon road",Beaver Creek,STREAM,MAIN,TRUE,TRUE,TBD,FALSE
2022-10-16T09:15:00Z,1.886,beaver_creek_usgs_temp_3,60.65107,-151.09076,US/Alaska (UTC-9 / UTC-8),"west fork beaver creek, upstream of marathon road",Beaver Creek,STREAM,MAIN,TRUE,TRUE,TBD,FALSE
2022-10-16T09:30:00Z,1.886,beaver_creek_usgs_temp_3,60.65107,-151.09076,US/Alaska (UTC-9 / UTC-8),"west fork beaver creek, upstream of marathon road",Beaver Creek,STREAM,MAIN,TRUE,TRUE,TBD,FALSE
2022-10-16T09:45:00Z,1.886,beaver_creek_usgs_temp_3,60.65107,-151.09076,US/Alaska (UTC-9 / UTC-8),"west fork beaver creek, upstream of marathon road",Beaver Creek,STREAM,MAIN,TRUE,TRUE,TBD,FALSE
2022-10-16T10:00:00Z,1.913,beaver_creek_usgs_temp_3,60.65107,-151.09076,US/Alaska (UTC-9 / UTC-8),"west fork beaver creek, upstream of marathon road",Beaver Creek,STREAM,MAIN,TRUE,TRUE,TBD,FALSE
2022-10-16T10:15:00Z,1.94,beaver_creek_usgs_temp_3,60.65107,-151.09076,US/Alaska (UTC-9 / UTC-8),"west fork beaver creek, upstream of marathon road",Beaver Creek,STREAM,MAIN,TRUE,TRUE,TBD,FALSE
2022-10-16T10:30:00Z,1.94,beaver_creek_usgs_temp_3,60.65107,-151.09076,US/Alaska (UTC-9 / UTC-8),"west fork beaver creek, upstream of marathon road",Beaver Creek,STREAM,MAIN,TRUE,TRUE,TBD,FALSE
2022-10-16T10:45:00Z,1.967,beaver_creek_usgs_temp_3,60.65107,-151.09076,US/Alaska (UTC-9 / UTC-8),"west fork beaver creek, upstream of marathon road",Beaver Creek,STREAM,MAIN,TRUE,TRUE,TBD,FALSE
2022-10-16T11:00:00Z,1.994,beaver_creek_usgs_temp_3,60.65107,-151.09076,US/Alaska (UTC-9 / UTC-8),"west fork beaver creek, upstream of marathon road",Beaver Creek,STREAM,MAIN,TRUE,TRUE,TBD,FALSE
2022-10-16T11:15:00Z,2.047,beaver_creek_usgs_temp_3,60.65107,-151.09076,US/Alaska (UTC-9 / UTC-8),"west fork beaver creek, upstream of marathon road",Beaver Creek,STREAM,MAIN,TRUE,TRUE,TBD,FALSE
2022-10-16T11:30:00Z,2.101,beaver_creek_usgs_temp_3,60.65107,-151.09076,US/Alaska (UTC-9 / UTC-8),"west fork beaver creek, upstream of marathon road",Beaver Creek,STREAM,MAIN,TRUE,TRUE,TBD,FALSE
2022-10-16T11:45:00Z,2.155,beaver_creek_usgs_temp_3,60.65107,-151.09076,US/Alaska (UTC-9 / UTC-8),"west fork beaver creek, upstream of marathon road",Beaver Creek,STREAM,MAIN,TRUE,TRUE,TBD,FALSE
2022-10-16T12:00:00Z,2.155,beaver_creek_usgs_temp_3,60.65107,-151.09076,US/Alaska (UTC-9 / UTC-8),"west fork beaver creek, upstream of marathon road",Beaver Creek,STREAM,MAIN,TRUE,TRUE,TBD,FALSE
2022-10-16T12:15:00Z,2.182,beaver_creek_usgs_temp_3,60.65107,-151.09076,US/Alaska (UTC-9 / UTC-8),"west fork beaver creek, upstream of marathon road",Beaver Creek,STREAM,MAIN,TRUE,TRUE,TBD,FALSE
2022-10-16T12:30:00Z,2.209,beaver_creek_usgs_temp_3,60.65107,-151.09076,US/Alaska (UTC-9 / UTC-8),"west fork beaver creek, upstream of marathon road",Beaver Creek,STREAM,MAIN,TRUE,TRUE,TBD,FALSE
2022-10-16T12:45:00Z,2.262,beaver_creek_usgs_temp_3,60.65107,-151.09076,US/Alaska (UTC-9 / UTC-8),"west fork beaver creek, upstream of marathon road",Beaver Creek,STREAM,MAIN,TRUE,TRUE,TBD,FALSE
2022-10-16T13:00:00Z,2.316,beaver_creek_usgs_temp_3,60.65107,-151.09076,US/Alaska (UTC-9 / UTC-8),"west fork beaver creek, upstream of marathon road",Beaver Creek,STREAM,MAIN,TRUE,TRUE,TBD,FALSE
2022-10-16T13:15:00Z,2.37,beaver_creek_usgs_temp_3,60.65107,-151.09076,US/Alaska (UTC-9 / UTC-8),"west fork beaver creek, upstream of marathon road",Beaver Creek,STREAM,MAIN,TRUE,TRUE,TBD,FALSE
2022-10-16T13:30:00Z,2.45,beaver_creek_usgs_temp_3,60.65107,-151.09076,US/Alaska (UTC-9 / UTC-8),"west fork beaver creek, upstream of marathon road",Beaver Creek,STREAM,MAIN,TRUE,TRUE,TBD,FALSE
2022-10-16T13:45:00Z,2.503,beaver_creek_usgs_temp_3,60.65107,-151.09076,US/Alaska (UTC-9 / UTC-8),"west fork beaver creek, upstream of marathon road",Beaver Creek,STREAM,MAIN,TRUE,TRUE,TBD,FALSE
2022-10-16T14:00:00Z,2.53,beaver_creek_usgs_temp_3,60.65107,-151.09076,US/Alaska (UTC-9 / UTC-8),"west fork beaver creek, upstream of marathon road",Beaver Creek,STREAM,MAIN,TRUE,TRUE,TBD,FALSE
2022-10-16T14:15:00Z,2.61,beaver_creek_usgs_temp_3,60.65107,-151.09076,US/Alaska (UTC-9 / UTC-8),"west fork beaver creek, upstream of marathon road",Beaver Creek,STREAM,MAIN,TRUE,TRUE,TBD,FALSE
2022-10-16T14:30:00Z,2.637,beaver_creek_usgs_temp_3,60.65107,-151.09076,US/Alaska (UTC-9 / UTC-8),"west fork beaver creek, upstream of marathon road",Beaver Creek,STREAM,MAIN,TRUE,TRUE,TBD,FALSE
2022-10-16T14:45:00Z,2.69,beaver_creek_usgs_temp_3,60.65107,-151.09076,US/Alaska (UTC-9 / UTC-8),"west fork beaver creek, upstream of marathon road",Beaver Creek,STREAM,MAIN,TRUE,TRUE,TBD,FALSE
2022-10-16T15:00:00Z,2.77,beaver_creek_usgs_temp_3,60.65107,-151.09076,US/Alaska (UTC-9 / UTC-8),"west fork beaver creek, upstream of marathon road",Beaver Creek,STREAM,MAIN,TRUE,TRUE,TBD,FALSE
2022-10-16T15:15:00Z,2.903,beaver_creek_usgs_temp_3,60.65107,-151.09076,US/Alaska (UTC-9 / UTC-8),"west fork beaver creek, upstream of marathon road",Beaver Creek,STREAM,MAIN,TRUE,TRUE,TBD,FALSE
2022-10-16T15:30:00Z,3.036,beaver_creek_usgs_temp_3,60.65107,-151.09076,US/Alaska (UTC-9 / UTC-8),"west fork beaver creek, upstream of marathon road",Beaver Creek,STREAM,MAIN,TRUE,TRUE,TBD,FALSE
2022-10-16T15:45:00Z,3.116,beaver_creek_usgs_temp_3,60.65107,-151.09076,US/Alaska (UTC-9 / UTC-8),"west fork beaver creek, upstream of marathon road",Beaver Creek,STREAM,MAIN,TRUE,TRUE,TBD,FALSE
2022-10-16T16:00:00Z,3.142,beaver_creek_usgs_temp_3,60.65107,-151.09076,US/Alaska (UTC-9 / UTC-8),"west fork beaver creek, upstream of marathon road",Beaver Creek,STREAM,MAIN,TRUE,TRUE,TBD,FALSE
2022-10-16T16:15:00Z,3.195,beaver_creek_usgs_temp_3,60.65107,-151.09076,US/Alaska (UTC-9 / UTC-8),"west fork beaver creek, upstream of marathon road",Beaver Creek,STREAM,MAIN,TRUE,TRUE,TBD,FALSE
2022-10-16T16:30:00Z,3.221,beaver_creek_usgs_temp_3,60.65107,-151.09076,US/Alaska (UTC-9 / UTC-8),"west fork beaver creek, upstream of marathon road",Beaver Creek,STREAM,MAIN,TRUE,TRUE,TBD,FALSE
2022-10-16T16:45:00Z,3.274,beaver_creek_usgs_temp_3,60.65107,-151.09076,US/Alaska (UTC-9 / UTC-8),"west fork beaver creek, upstream of marathon road",Beaver Creek,STREAM,MAIN,TRUE,TRUE,TBD,FALSE
2022-10-16T17:00:00Z,3.301,beaver_creek_usgs_temp_3,60.65107,-151.09076,US/Alaska (UTC-9 / UTC-8),"west fork beaver creek, upstream of marathon road",Beaver Creek,STREAM,MAIN,TRUE,TRUE,TBD,FALSE
2022-10-16T17:15:00Z,3.38,beaver_creek_usgs_temp_3,60.65107,-151.09076,US/Alaska (UTC-9 / UTC-8),"west fork beaver creek, upstream of marathon road",Beaver Creek,STREAM,MAIN,TRUE,TRUE,TBD,FALSE
2022-10-16T17:30:00Z,3.433,beaver_creek_usgs_temp_3,60.65107,-151.09076,US/Alaska (UTC-9 / UTC-8),"west fork beaver creek, upstream of marathon road",Beaver Creek,STREAM,MAIN,TRUE,TRUE,TBD,FALSE
2022-10-16T17:45:00Z,3.459,beaver_creek_usgs_temp_3,60.65107,-151.09076,US/Alaska (UTC-9 / UTC-8),"west fork beaver creek, upstream of marathon road",Beaver Creek,STREAM,MAIN,TRUE,TRUE,TBD,FALSE
2022-10-16T18:00:00Z,3.485,beaver_creek_usgs_temp_3,60.65107,-151.09076,US/Alaska (UTC-9 / UTC-8),"west fork beaver creek, upstream of marathon road",Beaver Creek,STREAM,MAIN,TRUE,TRUE,TBD,FALSE
2022-10-16T18:15:00Z,3.512,beaver_creek_usgs_temp_3,60.65107,-151.09076,US/Alaska (UTC-9 / UTC-8),"west fork beaver creek, upstream of marathon road",Beaver Creek,STREAM,MAIN,TRUE,TRUE,TBD,FALSE
2022-10-16T18:30:00Z,3.538,beaver_creek_usgs_temp_3,60.65107,-151.09076,US/Alaska (UTC-9 / UTC-8),"west fork beaver creek, upstream of marathon road",Beaver Creek,STREAM,MAIN,TRUE,TRUE,TBD,FALSE
2022-10-16T18:45:00Z,3.538,beaver_creek_usgs_temp_3,60.65107,-151.09076,US/Alaska (UTC-9 / UTC-8),"west fork beaver creek, upstream of marathon road",Beaver Creek,STREAM,MAIN,TRUE,TRUE,TBD,FALSE
2022-10-16T19:00:00Z,3.564,beaver_creek_usgs_temp_3,60.65107,-151.09076,US/Alaska (UTC-9 / UTC-8),"west fork beaver creek, upstream of marathon road",Beaver Creek,STREAM,MAIN,TRUE,TRUE,TBD,FALSE
2022-10-16T19:15:00Z,3.564,beaver_creek_usgs_temp_3,60.65107,-151.09076,US/Alaska (UTC-9 / UTC-8),"west fork beaver creek, upstream of marathon road",Beaver Creek,STREAM,MAIN,TRUE,TRUE,TBD,FALSE
2022-10-16T19:30:00Z,3.564,beaver_creek_usgs_temp_3,60.65107,-151.09076,US/Alaska (UTC-9 / UTC-8),"west fork beaver creek, upstream of marathon road",Beaver Creek,STREAM,MAIN,TRUE,TRUE,TBD,FALSE
2022-10-16T19:45:00Z,3.591,beaver_creek_usgs_temp_3,60.65107,-151.09076,US/Alaska (UTC-9 / UTC-8),"west fork beaver creek, upstream of marathon road",Beaver Creek,STREAM,MAIN,TRUE,TRUE,TBD,FALSE
2022-10-16T20:00:00Z,3.591,beaver_creek_usgs_temp_3,60.65107,-151.09076,US/Alaska (UTC-9 / UTC-8),"west fork beaver creek, upstream of marathon road",Beaver Creek,STREAM,MAIN,TRUE,TRUE,TBD,FALSE
2022-10-16T20:15:00Z,3.591,beaver_creek_usgs_temp_3,60.65107,-151.09076,US/Alaska (UTC-9 / UTC-8),"west fork beaver creek, upstream of marathon road",Beaver Creek,STREAM,MAIN,TRUE,TRUE,TBD,FALSE
2022-10-16T20:30:00Z,3.591,beaver_creek_usgs_temp_3,60.65107,-151.09076,US/Alaska (UTC-9 / UTC-8),"west fork beaver creek, upstream of marathon road",Beaver Creek,STREAM,MAIN,TRUE,TRUE,TBD,FALSE
2022-10-16T20:45:00Z,3.564,beaver_creek_usgs_temp_3,60.65107,-151.09076,US/Alaska (UTC-9 / UTC-8),"west fork beaver creek, upstream of marathon road",Beaver Creek,STREAM,MAIN,TRUE,TRUE,TBD,FALSE
2022-10-16T21:00:00Z,3.538,beaver_creek_usgs_temp_3,60.65107,-151.09076,US/Alaska (UTC-9 / UTC-8),"west fork beaver creek, upstream of marathon road",Beaver Creek,STREAM,MAIN,TRUE,TRUE,TBD,FALSE
2022-10-16T21:15:00Z,3.485,beaver_creek_usgs_temp_3,60.65107,-151.09076,US/Alaska (UTC-9 / UTC-8),"west fork beaver creek, upstream of marathon road",Beaver Creek,STREAM,MAIN,TRUE,TRUE,TBD,FALSE
2022-10-16T21:30:00Z,3.459,beaver_creek_usgs_temp_3,60.65107,-151.09076,US/Alaska (UTC-9 / UTC-8),"west fork beaver creek, upstream of marathon road",Beaver Creek,STREAM,MAIN,TRUE,TRUE,TBD,FALSE
2022-10-16T21:45:00Z,3.433,beaver_creek_usgs_temp_3,60.65107,-151.09076,US/Alaska (UTC-9 / UTC-8),"west fork beaver creek, upstream of marathon road",Beaver Creek,STREAM,MAIN,TRUE,TRUE,TBD,FALSE
2022-10-16T22:00:00Z,3.38,beaver_creek_usgs_temp_3,60.65107,-151.09076,US/Alaska (UTC-9 / UTC-8),"west fork beaver creek, upstream of marathon road",Beaver Creek,STREAM,MAIN,TRUE,TRUE,TBD,FALSE
2022-10-16T22:15:00Z,3.354,beaver_creek_usgs_temp_3,60.65107,-151.09076,US/Alaska (UTC-9 / UTC-8),"west fork beaver creek, upstream of marathon road",Beaver Creek,STREAM,MAIN,TRUE,TRUE,TBD,FALSE
2022-10-16T22:30:00Z,3.327,beaver_creek_usgs_temp_3,60.65107,-151.09076,US/Alaska (UTC-9 / UTC-8),"west fork beaver creek, upstream of marathon road",Beaver Creek,STREAM,MAIN,TRUE,TRUE,TBD,FALSE
2022-10-16T22:45:00Z,3.301,beaver_creek_usgs_temp_3,60.65107,-151.09076,US/Alaska (UTC-9 / UTC-8),"west fork beaver creek, upstream of marathon road",Beaver Creek,STREAM,MAIN,TRUE,TRUE,TBD,FALSE
2022-10-16T23:00:00Z,3.274,beaver_creek_usgs_temp_3,60.65107,-151.09076,US/Alaska (UTC-9 / UTC-8),"west fork beaver creek, upstream of marathon road",Beaver Creek,STREAM,MAIN,TRUE,TRUE,TBD,FALSE
2022-10-16T23:15:00Z,3.274,beaver_creek_usgs_temp_3,60.65107,-151.09076,US/Alaska (UTC-9 / UTC-8),"west fork beaver creek, upstream of marathon road",Beaver Creek,STREAM,MAIN,TRUE,TRUE,TBD,FALSE
2022-10-16T23:30:00Z,3.274,beaver_creek_usgs_temp_3,60.65107,-151.09076,US/Alaska (UTC-9 / UTC-8),"west fork beaver creek, upstream of marathon road",Beaver Creek,STREAM,MAIN,TRUE,TRUE,TBD,FALSE
2022-10-16T23:45:00Z,3.274,beaver_creek_usgs_temp_3,60.65107,-151.09076,US/Alaska (UTC-9 / UTC-8),"west fork beaver creek, upstream of marathon road",Beaver Creek,STREAM,MAIN,TRUE,TRUE,TBD,FALSE
2022-10-17T00:00:00Z,3.274,beaver_creek_usgs_temp_3,60.65107,-151.09076,US/Alaska (UTC-9 / UTC-8),"west fork beaver creek, upstream of marathon road",Beaver Creek,STREAM,MAIN,TRUE,TRUE,TBD,FALSE
2022-10-17T00:15:00Z,3.274,beaver_creek_usgs_temp_3,60.65107,-151.09076,US/Alaska (UTC-9 / UTC-8),"west fork beaver creek, upstream of marathon road",Beaver Creek,STREAM,MAIN,TRUE,TRUE,TBD,FALSE
2022-10-17T00:30:00Z,3.274,beaver_creek_usgs_temp_3,60.65107,-151.09076,US/Alaska (UTC-9 / UTC-8),"west fork beaver creek, upstream of marathon road",Beaver Creek,STREAM,MAIN,TRUE,TRUE,TBD,FALSE
2022-10-17T00:45:00Z,3.274,beaver_creek_usgs_temp_3,60.65107,-151.09076,US/Alaska (UTC-9 / UTC-8),"west fork beaver creek, upstream of marathon road",Beaver Creek,STREAM,MAIN,TRUE,TRUE,TBD,FALSE
2022-10-17T01:00:00Z,3.274,beaver_creek_usgs_temp_3,60.65107,-151.09076,US/Alaska (UTC-9 / UTC-8),"west fork beaver creek, upstream of marathon road",Beaver Creek,STREAM,MAIN,TRUE,TRUE,TBD,FALSE
2022-10-17T01:15:00Z,3.274,beaver_creek_usgs_temp_3,60.65107,-151.09076,US/Alaska (UTC-9 / UTC-8),"west fork beaver creek, upstream of marathon road",Beaver Creek,STREAM,MAIN,TRUE,TRUE,TBD,FALSE
2022-10-17T01:30:00Z,3.274,beaver_creek_usgs_temp_3,60.65107,-151.09076,US/Alaska (UTC-9 / UTC-8),"west fork beaver creek, upstream of marathon road",Beaver Creek,STREAM,MAIN,TRUE,TRUE,TBD,FALSE
2022-10-17T01:45:00Z,3.301,beaver_creek_usgs_temp_3,60.65107,-151.09076,US/Alaska (UTC-9 / UTC-8),"west fork beaver creek, upstream of marathon road",Beaver Creek,STREAM,MAIN,TRUE,TRUE,TBD,FALSE
2022-10-17T02:00:00Z,3.274,beaver_creek_usgs_temp_3,60.65107,-151.09076,US/Alaska (UTC-9 / UTC-8),"west fork beaver creek, upstream of marathon road",Beaver Creek,STREAM,MAIN,TRUE,TRUE,TBD,FALSE
2022-10-17T02:15:00Z,3.274,beaver_creek_usgs_temp_3,60.65107,-151.09076,US/Alaska (UTC-9 / UTC-8),"west fork beaver creek, upstream of marathon road",Beaver Creek,STREAM,MAIN,TRUE,TRUE,TBD,FALSE
2022-10-17T02:30:00Z,3.274,beaver_creek_usgs_temp_3,60.65107,-151.09076,US/Alaska (UTC-9 / UTC-8),"west fork beaver creek, upstream of marathon road",Beaver Creek,STREAM,MAIN,TRUE,TRUE,TBD,FALSE
2022-10-17T02:45:00Z,3.274,beaver_creek_usgs_temp_3,60.65107,-151.09076,US/Alaska (UTC-9 / UTC-8),"west fork beaver creek, upstream of marathon road",Beaver Creek,STREAM,MAIN,TRUE,TRUE,TBD,FALSE
2022-10-17T03:00:00Z,3.248,beaver_creek_usgs_temp_3,60.65107,-151.09076,US/Alaska (UTC-9 / UTC-8),"west fork beaver creek, upstream of marathon road",Beaver Creek,STREAM,MAIN,TRUE,TRUE,TBD,FALSE
2022-10-17T03:15:00Z,3.248,beaver_creek_usgs_temp_3,60.65107,-151.09076,US/Alaska (UTC-9 / UTC-8),"west fork beaver creek, upstream of marathon road",Beaver Creek,STREAM,MAIN,TRUE,TRUE,TBD,FALSE
2022-10-17T03:30:00Z,3.221,beaver_creek_usgs_temp_3,60.65107,-151.09076,US/Alaska (UTC-9 / UTC-8),"west fork beaver creek, upstream of marathon road",Beaver Creek,STREAM,MAIN,TRUE,TRUE,TBD,FALSE
2022-10-17T03:45:00Z,3.195,beaver_creek_usgs_temp_3,60.65107,-151.09076,US/Alaska (UTC-9 / UTC-8),"west fork beaver creek, upstream of marathon road",Beaver Creek,STREAM,MAIN,TRUE,TRUE,TBD,FALSE
2022-10-17T04:00:00Z,3.168,beaver_creek_usgs_temp_3,60.65107,-151.09076,US/Alaska (UTC-9 / UTC-8),"west fork beaver creek, upstream of marathon road",Beaver Creek,STREAM,MAIN,TRUE,TRUE,TBD,FALSE
2022-10-17T04:15:00Z,3.168,beaver_creek_usgs_temp_3,60.65107,-151.09076,US/Alaska (UTC-9 / UTC-8),"west fork beaver creek, upstream of marathon road",Beaver Creek,STREAM,MAIN,TRUE,TRUE,TBD,FALSE
2022-10-17T04:30:00Z,3.142,beaver_creek_usgs_temp_3,60.65107,-151.09076,US/Alaska (UTC-9 / UTC-8),"west fork beaver creek, upstream of marathon road",Beaver Creek,STREAM,MAIN,TRUE,TRUE,TBD,FALSE
2022-10-17T04:45:00Z,3.116,beaver_creek_usgs_temp_3,60.65107,-151.09076,US/Alaska (UTC-9 / UTC-8),"west fork beaver creek, upstream of marathon road",Beaver Creek,STREAM,MAIN,TRUE,TRUE,TBD,FALSE
2022-10-17T05:00:00Z,3.063,beaver_creek_usgs_temp_3,60.65107,-151.09076,US/Alaska (UTC-9 / UTC-8),"west fork beaver creek, upstream of marathon road",Beaver Creek,STREAM,MAIN,TRUE,TRUE,TBD,FALSE
2022-10-17T05:15:00Z,3.036,beaver_creek_usgs_temp_3,60.65107,-151.09076,US/Alaska (UTC-9 / UTC-8),"west fork beaver creek, upstream of marathon road",Beaver Creek,STREAM,MAIN,TRUE,TRUE,TBD,FALSE
2022-10-17T05:30:00Z,3.009,beaver_creek_usgs_temp_3,60.65107,-151.09076,US/Alaska (UTC-9 / UTC-8),"west fork beaver creek, upstream of marathon road",Beaver Creek,STREAM,MAIN,TRUE,TRUE,TBD,FALSE
2022-10-17T05:45:00Z,2.983,beaver_creek_usgs_temp_3,60.65107,-151.09076,US/Alaska (UTC-9 / UTC-8),"west fork beaver creek, upstream of marathon road",Beaver Creek,STREAM,MAIN,TRUE,TRUE,TBD,FALSE
2022-10-17T06:00:00Z,2.983,beaver_creek_usgs_temp_3,60.65107,-151.09076,US/Alaska (UTC-9 / UTC-8),"west fork beaver creek, upstream of marathon road",Beaver Creek,STREAM,MAIN,TRUE,TRUE,TBD,FALSE
2022-10-17T06:15:00Z,2.956,beaver_creek_usgs_temp_3,60.65107,-151.09076,US/Alaska (UTC-9 / UTC-8),"west fork beaver creek, upstream of marathon road",Beaver Creek,STREAM,MAIN,TRUE,TRUE,TBD,FALSE
2022-10-17T06:30:00Z,2.93,beaver_creek_usgs_temp_3,60.65107,-151.09076,US/Alaska (UTC-9 / UTC-8),"west fork beaver creek, upstream of marathon road",Beaver Creek,STREAM,MAIN,TRUE,TRUE,TBD,FALSE
2022-10-17T06:45:00Z,2.903,beaver_creek_usgs_temp_3,60.65107,-151.09076,US/Alaska (UTC-9 / UTC-8),"west fork beaver creek, upstream of marathon road",Beaver Creek,STREAM,MAIN,TRUE,TRUE,TBD,FALSE
2022-10-17T07:00:00Z,2.903,beaver_creek_usgs_temp_3,60.65107,-151.09076,US/Alaska (UTC-9 / UTC-8),"west fork beaver creek, upstream of marathon road",Beaver Creek,STREAM,MAIN,TRUE,TRUE,TBD,FALSE
2022-10-17T07:15:00Z,2.903,beaver_creek_usgs_temp_3,60.65107,-151.09076,US/Alaska (UTC-9 / UTC-8),"west fork beaver creek, upstream of marathon road",Beaver Creek,STREAM,MAIN,TRUE,TRUE,TBD,FALSE
2022-10-17T07:30:00Z,2.877,beaver_creek_usgs_temp_3,60.65107,-151.09076,US/Alaska (UTC-9 / UTC-8),"west fork beaver creek, upstream of marathon road",Beaver Creek,STREAM,MAIN,TRUE,TRUE,TBD,FALSE
2022-10-17T07:45:00Z,2.877,beaver_creek_usgs_temp_3,60.65107,-151.09076,US/Alaska (UTC-9 / UTC-8),"west fork beaver creek, upstream of marathon road",Beaver Creek,STREAM,MAIN,TRUE,TRUE,TBD,FALSE
2022-10-17T08:00:00Z,2.85,beaver_creek_usgs_temp_3,60.65107,-151.09076,US/Alaska (UTC-9 / UTC-8),"west fork beaver creek, upstream of marathon road",Beaver Creek,STREAM,MAIN,TRUE,TRUE,TBD,FALSE
2022-10-17T08:15:00Z,2.85,beaver_creek_usgs_temp_3,60.65107,-151.09076,US/Alaska (UTC-9 / UTC-8),"west fork beaver creek, upstream of marathon road",Beaver Creek,STREAM,MAIN,TRUE,TRUE,TBD,FALSE
2022-10-17T08:30:00Z,2.85,beaver_creek_usgs_temp_3,60.65107,-151.09076,US/Alaska (UTC-9 / UTC-8),"west fork beaver creek, upstream of marathon road",Beaver Creek,STREAM,MAIN,TRUE,TRUE,TBD,FALSE
2022-10-17T08:45:00Z,2.823,beaver_creek_usgs_temp_3,60.65107,-151.09076,US/Alaska (UTC-9 / UTC-8),"west fork beaver creek, upstream of marathon road",Beaver Creek,STREAM,MAIN,TRUE,TRUE,TBD,FALSE
2022-10-17T09:00:00Z,2.823,beaver_creek_usgs_temp_3,60.65107,-151.09076,US/Alaska (UTC-9 / UTC-8),"west fork beaver creek, upstream of marathon road",Beaver Creek,STREAM,MAIN,TRUE,TRUE,TBD,FALSE
2022-10-17T09:15:00Z,2.823,beaver_creek_usgs_temp_3,60.65107,-151.09076,US/Alaska (UTC-9 / UTC-8),"west fork beaver creek, upstream of marathon road",Beaver Creek,STREAM,MAIN,TRUE,TRUE,TBD,FALSE
2022-10-17T09:30:00Z,2.823,beaver_creek_usgs_temp_3,60.65107,-151.09076,US/Alaska (UTC-9 / UTC-8),"west fork beaver creek, upstream of marathon road",Beaver Creek,STREAM,MAIN,TRUE,TRUE,TBD,FALSE
2022-10-17T09:45:00Z,2.823,beaver_creek_usgs_temp_3,60.65107,-151.09076,US/Alaska (UTC-9 / UTC-8),"west fork beaver creek, upstream of marathon road",Beaver Creek,STREAM,MAIN,TRUE,TRUE,TBD,FALSE
2022-10-17T10:00:00Z,2.823,beaver_creek_usgs_temp_3,60.65107,-151.09076,US/Alaska (UTC-9 / UTC-8),"west fork beaver creek, upstream of marathon road",Beaver Creek,STREAM,MAIN,TRUE,TRUE,TBD,FALSE
2022-10-17T10:15:00Z,2.85,beaver_creek_usgs_temp_3,60.65107,-151.09076,US/Alaska (UTC-9 / UTC-8),"west fork beaver creek, upstream of marathon road",Beaver Creek,STREAM,MAIN,TRUE,TRUE,TBD,FALSE
2022-10-17T10:30:00Z,2.877,beaver_creek_usgs_temp_3,60.65107,-151.09076,US/Alaska (UTC-9 / UTC-8),"west fork beaver creek, upstream of marathon road",Beaver Creek,STREAM,MAIN,TRUE,TRUE,TBD,FALSE
2022-10-17T10:45:00Z,2.93,beaver_creek_usgs_temp_3,60.65107,-151.09076,US/Alaska (UTC-9 / UTC-8),"west fork beaver creek, upstream of marathon road",Beaver Creek,STREAM,MAIN,TRUE,TRUE,TBD,FALSE
2022-10-17T11:00:00Z,2.956,beaver_creek_usgs_temp_3,60.65107,-151.09076,US/Alaska (UTC-9 / UTC-8),"west fork beaver creek, upstream of marathon road",Beaver Creek,STREAM,MAIN,TRUE,TRUE,TBD,FALSE
2022-10-17T11:15:00Z,2.983,beaver_creek_usgs_temp_3,60.65107,-151.09076,US/Alaska (UTC-9 / UTC-8),"west fork beaver creek, upstream of marathon road",Beaver Creek,STREAM,MAIN,TRUE,TRUE,TBD,FALSE
2022-10-17T11:30:00Z,3.036,beaver_creek_usgs_temp_3,60.65107,-151.09076,US/Alaska (UTC-9 / UTC-8),"west fork beaver creek, upstream of marathon road",Beaver Creek,STREAM,MAIN,TRUE,TRUE,TBD,FALSE
2022-10-17T11:45:00Z,3.089,beaver_creek_usgs_temp_3,60.65107,-151.09076,US/Alaska (UTC-9 / UTC-8),"west fork beaver creek, upstream of marathon road",Beaver Creek,STREAM,MAIN,TRUE,TRUE,TBD,FALSE
2022-10-17T12:00:00Z,3.142,beaver_creek_usgs_temp_3,60.65107,-151.09076,US/Alaska (UTC-9 / UTC-8),"west fork beaver creek, upstream of marathon road",Beaver Creek,STREAM,MAIN,TRUE,TRUE,TBD,FALSE
2022-10-17T12:15:00Z,3.168,beaver_creek_usgs_temp_3,60.65107,-151.09076,US/Alaska (UTC-9 / UTC-8),"west fork beaver creek, upstream of marathon road",Beaver Creek,STREAM,MAIN,TRUE,TRUE,TBD,FALSE
2022-10-17T12:30:00Z,3.221,beaver_creek_usgs_temp_3,60.65107,-151.09076,US/Alaska (UTC-9 / UTC-8),"west fork beaver creek, upstream of marathon road",Beaver Creek,STREAM,MAIN,TRUE,TRUE,TBD,FALSE
2022-10-17T12:45:00Z,3.274,beaver_creek_usgs_temp_3,60.65107,-151.09076,US/Alaska (UTC-9 / UTC-8),"west fork beaver creek, upstream of marathon road",Beaver Creek,STREAM,MAIN,TRUE,TRUE,TBD,FALSE
2022-10-17T13:00:00Z,3.354,beaver_creek_usgs_temp_3,60.65107,-151.09076,US/Alaska (UTC-9 / UTC-8),"west fork beaver creek, upstream of marathon road",Beaver Creek,STREAM,MAIN,TRUE,TRUE,TBD,FALSE
2022-10-17T13:15:00Z,3.459,beaver_creek_usgs_temp_3,60.65107,-151.09076,US/Alaska (UTC-9 / UTC-8),"west fork beaver creek, upstream of marathon road",Beaver Creek,STREAM,MAIN,TRUE,TRUE,TBD,FALSE
2022-10-17T13:30:00Z,3.512,beaver_creek_usgs_temp_3,60.65107,-151.09076,US/Alaska (UTC-9 / UTC-8),"west fork beaver creek, upstream of marathon road",Beaver Creek,STREAM,MAIN,TRUE,TRUE,TBD,FALSE
2022-10-17T13:45:00Z,3.591,beaver_creek_usgs_temp_3,60.65107,-151.09076,US/Alaska (UTC-9 / UTC-8),"west fork beaver creek, upstream of marathon road",Beaver Creek,STREAM,MAIN,TRUE,TRUE,TBD,FALSE
2022-10-17T14:00:00Z,3.696,beaver_creek_usgs_temp_3,60.65107,-151.09076,US/Alaska (UTC-9 / UTC-8),"west fork beaver creek, upstream of marathon road",Beaver Creek,STREAM,MAIN,TRUE,TRUE,TBD,FALSE
2022-10-17T14:15:00Z,3.854,beaver_creek_usgs_temp_3,60.65107,-151.09076,US/Alaska (UTC-9 / UTC-8),"west fork beaver creek, upstream of marathon road",Beaver Creek,STREAM,MAIN,TRUE,TRUE,TBD,FALSE
2022-10-17T14:30:00Z,3.932,beaver_creek_usgs_temp_3,60.65107,-151.09076,US/Alaska (UTC-9 / UTC-8),"west fork beaver creek, upstream of marathon road",Beaver Creek,STREAM,MAIN,TRUE,TRUE,TBD,FALSE
2022-10-17T14:45:00Z,4.063,beaver_creek_usgs_temp_3,60.65107,-151.09076,US/Alaska (UTC-9 / UTC-8),"west fork beaver creek, upstream of marathon road",Beaver Creek,STREAM,MAIN,TRUE,TRUE,TBD,FALSE
2022-10-17T15:00:00Z,4.141,beaver_creek_usgs_temp_3,60.65107,-151.09076,US/Alaska (UTC-9 / UTC-8),"west fork beaver creek, upstream of marathon road",Beaver Creek,STREAM,MAIN,TRUE,TRUE,TBD,FALSE
2022-10-17T15:15:00Z,4.272,beaver_creek_usgs_temp_3,60.65107,-151.09076,US/Alaska (UTC-9 / UTC-8),"west fork beaver creek, upstream of marathon road",Beaver Creek,STREAM,MAIN,TRUE,TRUE,TBD,FALSE
2022-10-17T15:30:00Z,4.402,beaver_creek_usgs_temp_3,60.65107,-151.09076,US/Alaska (UTC-9 / UTC-8),"west fork beaver creek, upstream of marathon road",Beaver Creek,STREAM,MAIN,TRUE,TRUE,TBD,FALSE
2022-10-17T15:45:00Z,4.454,beaver_creek_usgs_temp_3,60.65107,-151.09076,US/Alaska (UTC-9 / UTC-8),"west fork beaver creek, upstream of marathon road",Beaver Creek,STREAM,MAIN,TRUE,TRUE,TBD,FALSE
2022-10-17T16:00:00Z,4.506,beaver_creek_usgs_temp_3,60.65107,-151.09076,US/Alaska (UTC-9 / UTC-8),"west fork beaver creek, upstream of marathon road",Beaver Creek,STREAM,MAIN,TRUE,TRUE,TBD,FALSE
2022-10-17T16:15:00Z,4.558,beaver_creek_usgs_temp_3,60.65107,-151.09076,US/Alaska (UTC-9 / UTC-8),"west fork beaver creek, upstream of marathon road",Beaver Creek,STREAM,MAIN,TRUE,TRUE,TBD,FALSE
2022-10-17T16:30:00Z,4.61,beaver_creek_usgs_temp_3,60.65107,-151.09076,US/Alaska (UTC-9 / UTC-8),"west fork beaver creek, upstream of marathon road",Beaver Creek,STREAM,MAIN,TRUE,TRUE,TBD,FALSE
2022-10-17T16:45:00Z,4.688,beaver_creek_usgs_temp_3,60.65107,-151.09076,US/Alaska (UTC-9 / UTC-8),"west fork beaver creek, upstream of marathon road",Beaver Creek,STREAM,MAIN,TRUE,TRUE,TBD,FALSE
2022-10-17T17:00:00Z,4.74,beaver_creek_usgs_temp_3,60.65107,-151.09076,US/Alaska (UTC-9 / UTC-8),"west fork beaver creek, upstream of marathon road",Beaver Creek,STREAM,MAIN,TRUE,TRUE,TBD,FALSE
2022-10-17T17:15:00Z,4.792,beaver_creek_usgs_temp_3,60.65107,-151.09076,US/Alaska (UTC-9 / UTC-8),"west fork beaver creek, upstream of marathon road",Beaver Creek,STREAM,MAIN,TRUE,TRUE,TBD,FALSE
2022-10-17T17:30:00Z,4.792,beaver_creek_usgs_temp_3,60.65107,-151.09076,US/Alaska (UTC-9 / UTC-8),"west fork beaver creek, upstream of marathon road",Beaver Creek,STREAM,MAIN,TRUE,TRUE,TBD,FALSE
2022-10-17T17:45:00Z,4.844,beaver_creek_usgs_temp_3,60.65107,-151.09076,US/Alaska (UTC-9 / UTC-8),"west fork beaver creek, upstream of marathon road",Beaver Creek,STREAM,MAIN,TRUE,TRUE,TBD,FALSE
2022-10-17T18:00:00Z,4.844,beaver_creek_usgs_temp_3,60.65107,-151.09076,US/Alaska (UTC-9 / UTC-8),"west fork beaver creek, upstream of marathon road",Beaver Creek,STREAM,MAIN,TRUE,TRUE,TBD,FALSE
2022-10-17T18:15:00Z,4.869,beaver_creek_usgs_temp_3,60.65107,-151.09076,US/Alaska (UTC-9 / UTC-8),"west fork beaver creek, upstream of marathon road",Beaver Creek,STREAM,MAIN,TRUE,TRUE,TBD,FALSE
2022-10-17T18:30:00Z,4.895,beaver_creek_usgs_temp_3,60.65107,-151.09076,US/Alaska (UTC-9 / UTC-8),"west fork beaver creek, upstream of marathon road",Beaver Creek,STREAM,MAIN,TRUE,TRUE,TBD,FALSE
2022-10-17T18:45:00Z,4.895,beaver_creek_usgs_temp_3,60.65107,-151.09076,US/Alaska (UTC-9 / UTC-8),"west fork beaver creek, upstream of marathon road",Beaver Creek,STREAM,MAIN,TRUE,TRUE,TBD,FALSE
2022-10-17T19:00:00Z,4.921,beaver_creek_usgs_temp_3,60.65107,-151.09076,US/Alaska (UTC-9 / UTC-8),"west fork beaver creek, upstream of marathon road",Beaver Creek,STREAM,MAIN,TRUE,TRUE,TBD,FALSE
2022-10-17T19:15:00Z,4.921,beaver_creek_usgs_temp_3,60.65107,-151.09076,US/Alaska (UTC-9 / UTC-8),"west fork beaver creek, upstream of marathon road",Beaver Creek,STREAM,MAIN,TRUE,TRUE,TBD,FALSE
2022-10-17T19:30:00Z,4.921,beaver_creek_usgs_temp_3,60.65107,-151.09076,US/Alaska (UTC-9 / UTC-8),"west fork beaver creek, upstream of marathon road",Beaver Creek,STREAM,MAIN,TRUE,TRUE,TBD,FALSE
2022-10-17T19:45:00Z,4.921,beaver_creek_usgs_temp_3,60.65107,-151.09076,US/Alaska (UTC-9 / UTC-8),"west fork beaver creek, upstream of marathon road",Beaver Creek,STREAM,MAIN,TRUE,TRUE,TBD,FALSE
2022-10-17T20:00:00Z,4.921,beaver_creek_usgs_temp_3,60.65107,-151.09076,US/Alaska (UTC-9 / UTC-8),"west fork beaver creek, upstream of marathon road",Beaver Creek,STREAM,MAIN,TRUE,TRUE,TBD,FALSE
2022-10-17T20:15:00Z,4.895,beaver_creek_usgs_temp_3,60.65107,-151.09076,US/Alaska (UTC-9 / UTC-8),"west fork beaver creek, upstream of marathon road",Beaver Creek,STREAM,MAIN,TRUE,TRUE,TBD,FALSE
2022-10-17T20:30:00Z,4.844,beaver_creek_usgs_temp_3,60.65107,-151.09076,US/Alaska (UTC-9 / UTC-8),"west fork beaver creek, upstream of marathon road",Beaver Creek,STREAM,MAIN,TRUE,TRUE,TBD,FALSE
2022-10-17T20:45:00Z,4.818,beaver_creek_usgs_temp_3,60.65107,-151.09076,US/Alaska (UTC-9 / UTC-8),"west fork beaver creek, upstream of marathon road",Beaver Creek,STREAM,MAIN,TRUE,TRUE,TBD,FALSE
2022-10-17T21:00:00Z,4.766,beaver_creek_usgs_temp_3,60.65107,-151.09076,US/Alaska (UTC-9 / UTC-8),"west fork beaver creek, upstream of marathon road",Beaver Creek,STREAM,MAIN,TRUE,TRUE,TBD,FALSE
2022-10-17T21:15:00Z,4.714,beaver_creek_usgs_temp_3,60.65107,-151.09076,US/Alaska (UTC-9 / UTC-8),"west fork beaver creek, upstream of marathon road",Beaver Creek,STREAM,MAIN,TRUE,TRUE,TBD,FALSE
2022-10-17T21:30:00Z,4.662,beaver_creek_usgs_temp_3,60.65107,-151.09076,US/Alaska (UTC-9 / UTC-8),"west fork beaver creek, upstream of marathon road",Beaver Creek,STREAM,MAIN,TRUE,TRUE,TBD,FALSE
2022-10-17T21:45:00Z,4.61,beaver_creek_usgs_temp_3,60.65107,-151.09076,US/Alaska (UTC-9 / UTC-8),"west fork beaver creek, upstream of marathon road",Beaver Creek,STREAM,MAIN,TRUE,TRUE,TBD,FALSE
2022-10-17T22:00:00Z,4.584,beaver_creek_usgs_temp_3,60.65107,-151.09076,US/Alaska (UTC-9 / UTC-8),"west fork beaver creek, upstream of marathon road",Beaver Creek,STREAM,MAIN,TRUE,TRUE,TBD,FALSE
2022-10-17T22:15:00Z,4.584,beaver_creek_usgs_temp_3,60.65107,-151.09076,US/Alaska (UTC-9 / UTC-8),"west fork beaver creek, upstream of marathon road",Beaver Creek,STREAM,MAIN,TRUE,TRUE,TBD,FALSE
2022-10-17T22:30:00Z,4.558,beaver_creek_usgs_temp_3,60.65107,-151.09076,US/Alaska (UTC-9 / UTC-8),"west fork beaver creek, upstream of marathon road",Beaver Creek,STREAM,MAIN,TRUE,TRUE,TBD,FALSE
2022-10-17T22:45:00Z,4.532,beaver_creek_usgs_temp_3,60.65107,-151.09076,US/Alaska (UTC-9 / UTC-8),"west fork beaver creek, upstream of marathon road",Beaver Creek,STREAM,MAIN,TRUE,TRUE,TBD,FALSE
2022-10-17T23:00:00Z,4.532,beaver_creek_usgs_temp_3,60.65107,-151.09076,US/Alaska (UTC-9 / UTC-8),"west fork beaver creek, upstream of marathon road",Beaver Creek,STREAM,MAIN,TRUE,TRUE,TBD,FALSE
2022-10-17T23:15:00Z,4.48,beaver_creek_usgs_temp_3,60.65107,-151.09076,US/Alaska (UTC-9 / UTC-8),"west fork beaver creek, upstream of marathon road",Beaver Creek,STREAM,MAIN,TRUE,TRUE,TBD,FALSE
2022-10-17T23:30:00Z,4.48,beaver_creek_usgs_temp_3,60.65107,-151.09076,US/Alaska (UTC-9 / UTC-8),"west fork beaver creek, upstream of marathon road",Beaver Creek,STREAM,MAIN,TRUE,TRUE,TBD,FALSE
2022-10-17T23:45:00Z,4.454,beaver_creek_usgs_temp_3,60.65107,-151.09076,US/Alaska (UTC-9 / UTC-8),"west fork beaver creek, upstream of marathon road",Beaver Creek,STREAM,MAIN,TRUE,TRUE,TBD,FALSE
2022-10-18T00:00:00Z,4.428,beaver_creek_usgs_temp_3,60.65107,-151.09076,US/Alaska (UTC-9 / UTC-8),"west fork beaver creek, upstream of marathon road",Beaver Creek,STREAM,MAIN,TRUE,TRUE,TBD,FALSE
2022-10-18T00:15:00Z,4.376,beaver_creek_usgs_temp_3,60.65107,-151.09076,US/Alaska (UTC-9 / UTC-8),"west fork beaver creek, upstream of marathon road",Beaver Creek,STREAM,MAIN,TRUE,TRUE,TBD,FALSE
2022-10-18T00:30:00Z,4.324,beaver_creek_usgs_temp_3,60.65107,-151.09076,US/Alaska (UTC-9 / UTC-8),"west fork beaver creek, upstream of marathon road",Beaver Creek,STREAM,MAIN,TRUE,TRUE,TBD,FALSE
2022-10-18T00:45:00Z,4.298,beaver_creek_usgs_temp_3,60.65107,-151.09076,US/Alaska (UTC-9 / UTC-8),"west fork beaver creek, upstream of marathon road",Beaver Creek,STREAM,MAIN,TRUE,TRUE,TBD,FALSE
2022-10-18T01:00:00Z,4.246,beaver_creek_usgs_temp_3,60.65107,-151.09076,US/Alaska (UTC-9 / UTC-8),"west fork beaver creek, upstream of marathon road",Beaver Creek,STREAM,MAIN,TRUE,TRUE,TBD,FALSE
2022-10-18T01:15:00Z,4.22,beaver_creek_usgs_temp_3,60.65107,-151.09076,US/Alaska (UTC-9 / UTC-8),"west fork beaver creek, upstream of marathon road",Beaver Creek,STREAM,MAIN,TRUE,TRUE,TBD,FALSE
2022-10-18T01:30:00Z,4.168,beaver_creek_usgs_temp_3,60.65107,-151.09076,US/Alaska (UTC-9 / UTC-8),"west fork beaver creek, upstream of marathon road",Beaver Creek,STREAM,MAIN,TRUE,TRUE,TBD,FALSE
2022-10-18T01:45:00Z,4.115,beaver_creek_usgs_temp_3,60.65107,-151.09076,US/Alaska (UTC-9 / UTC-8),"west fork beaver creek, upstream of marathon road",Beaver Creek,STREAM,MAIN,TRUE,TRUE,TBD,FALSE
2022-10-18T02:00:00Z,4.089,beaver_creek_usgs_temp_3,60.65107,-151.09076,US/Alaska (UTC-9 / UTC-8),"west fork beaver creek, upstream of marathon road",Beaver Creek,STREAM,MAIN,TRUE,TRUE,TBD,FALSE
2022-10-18T02:15:00Z,4.063,beaver_creek_usgs_temp_3,60.65107,-151.09076,US/Alaska (UTC-9 / UTC-8),"west fork beaver creek, upstream of marathon road",Beaver Creek,STREAM,MAIN,TRUE,TRUE,TBD,FALSE
2022-10-18T02:30:00Z,4.011,beaver_creek_usgs_temp_3,60.65107,-151.09076,US/Alaska (UTC-9 / UTC-8),"west fork beaver creek, upstream of marathon road",Beaver Creek,STREAM,MAIN,TRUE,TRUE,TBD,FALSE
2022-10-18T02:45:00Z,4.011,beaver_creek_usgs_temp_3,60.65107,-151.09076,US/Alaska (UTC-9 / UTC-8),"west fork beaver creek, upstream of marathon road",Beaver Creek,STREAM,MAIN,TRUE,TRUE,TBD,FALSE
2022-10-18T03:00:00Z,3.958,beaver_creek_usgs_temp_3,60.65107,-151.09076,US/Alaska (UTC-9 / UTC-8),"west fork beaver creek, upstream of marathon road",Beaver Creek,STREAM,MAIN,TRUE,TRUE,TBD,FALSE
2022-10-18T03:15:00Z,3.958,beaver_creek_usgs_temp_3,60.65107,-151.09076,US/Alaska (UTC-9 / UTC-8),"west fork beaver creek, upstream of marathon road",Beaver Creek,STREAM,MAIN,TRUE,TRUE,TBD,FALSE
2022-10-18T03:30:00Z,3.932,beaver_creek_usgs_temp_3,60.65107,-151.09076,US/Alaska (UTC-9 / UTC-8),"west fork beaver creek, upstream of marathon road",Beaver Creek,STREAM,MAIN,TRUE,TRUE,TBD,FALSE
2022-10-18T03:45:00Z,3.88,beaver_creek_usgs_temp_3,60.65107,-151.09076,US/Alaska (UTC-9 / UTC-8),"west fork beaver creek, upstream of marathon road",Beaver Creek,STREAM,MAIN,TRUE,TRUE,TBD,FALSE
2022-10-18T04:00:00Z,3.88,beaver_creek_usgs_temp_3,60.65107,-151.09076,US/Alaska (UTC-9 / UTC-8),"west fork beaver creek, upstream of marathon road",Beaver Creek,STREAM,MAIN,TRUE,TRUE,TBD,FALSE
2022-10-18T04:15:00Z,3.854,beaver_creek_usgs_temp_3,60.65107,-151.09076,US/Alaska (UTC-9 / UTC-8),"west fork beaver creek, upstream of marathon road",Beaver Creek,STREAM,MAIN,TRUE,TRUE,TBD,FALSE
2022-10-18T04:30:00Z,3.827,beaver_creek_usgs_temp_3,60.65107,-151.09076,US/Alaska (UTC-9 / UTC-8),"west fork beaver creek, upstream of marathon road",Beaver Creek,STREAM,MAIN,TRUE,TRUE,TBD,FALSE
2022-10-18T04:45:00Z,3.801,beaver_creek_usgs_temp_3,60.65107,-151.09076,US/Alaska (UTC-9 / UTC-8),"west fork beaver creek, upstream of marathon road",Beaver Creek,STREAM,MAIN,TRUE,TRUE,TBD,FALSE
2022-10-18T05:00:00Z,3.775,beaver_creek_usgs_temp_3,60.65107,-151.09076,US/Alaska (UTC-9 / UTC-8),"west fork beaver creek, upstream of marathon road",Beaver Creek,STREAM,MAIN,TRUE,TRUE,TBD,FALSE
2022-10-18T05:15:00Z,3.722,beaver_creek_usgs_temp_3,60.65107,-151.09076,US/Alaska (UTC-9 / UTC-8),"west fork beaver creek, upstream of marathon road",Beaver Creek,STREAM,MAIN,TRUE,TRUE,TBD,FALSE
2022-10-18T05:30:00Z,3.67,beaver_creek_usgs_temp_3,60.65107,-151.09076,US/Alaska (UTC-9 / UTC-8),"west fork beaver creek, upstream of marathon road",Beaver Creek,STREAM,MAIN,TRUE,TRUE,TBD,FALSE
2022-10-18T05:45:00Z,3.643,beaver_creek_usgs_temp_3,60.65107,-151.09076,US/Alaska (UTC-9 / UTC-8),"west fork beaver creek, upstream of marathon road",Beaver Creek,STREAM,MAIN,TRUE,TRUE,TBD,FALSE
2022-10-18T06:00:00Z,3.591,beaver_creek_usgs_temp_3,60.65107,-151.09076,US/Alaska (UTC-9 / UTC-8),"west fork beaver creek, upstream of marathon road",Beaver Creek,STREAM,MAIN,TRUE,TRUE,TBD,FALSE
2022-10-18T06:15:00Z,3.564,beaver_creek_usgs_temp_3,60.65107,-151.09076,US/Alaska (UTC-9 / UTC-8),"west fork beaver creek, upstream of marathon road",Beaver Creek,STREAM,MAIN,TRUE,TRUE,TBD,FALSE
2022-10-18T06:30:00Z,3.538,beaver_creek_usgs_temp_3,60.65107,-151.09076,US/Alaska (UTC-9 / UTC-8),"west fork beaver creek, upstream of marathon road",Beaver Creek,STREAM,MAIN,TRUE,TRUE,TBD,FALSE
2022-10-18T06:45:00Z,3.512,beaver_creek_usgs_temp_3,60.65107,-151.09076,US/Alaska (UTC-9 / UTC-8),"west fork beaver creek, upstream of marathon road",Beaver Creek,STREAM,MAIN,TRUE,TRUE,TBD,FALSE
2022-10-18T07:00:00Z,3.485,beaver_creek_usgs_temp_3,60.65107,-151.09076,US/Alaska (UTC-9 / UTC-8),"west fork beaver creek, upstream of marathon road",Beaver Creek,STREAM,MAIN,TRUE,TRUE,TBD,FALSE
2022-10-18T07:15:00Z,3.459,beaver_creek_usgs_temp_3,60.65107,-151.09076,US/Alaska (UTC-9 / UTC-8),"west fork beaver creek, upstream of marathon road",Beaver Creek,STREAM,MAIN,TRUE,TRUE,TBD,FALSE
2022-10-18T07:30:00Z,3.433,beaver_creek_usgs_temp_3,60.65107,-151.09076,US/Alaska (UTC-9 / UTC-8),"west fork beaver creek, upstream of marathon road",Beaver Creek,STREAM,MAIN,TRUE,TRUE,TBD,FALSE
2022-10-18T07:45:00Z,3.38,beaver_creek_usgs_temp_3,60.65107,-151.09076,US/Alaska (UTC-9 / UTC-8),"west fork beaver creek, upstream of marathon road",Beaver Creek,STREAM,MAIN,TRUE,TRUE,TBD,FALSE
2022-10-18T08:00:00Z,3.38,beaver_creek_usgs_temp_3,60.65107,-151.09076,US/Alaska (UTC-9 / UTC-8),"west fork beaver creek, upstream of marathon road",Beaver Creek,STREAM,MAIN,TRUE,TRUE,TBD,FALSE
2022-10-18T08:15:00Z,3.38,beaver_creek_usgs_temp_3,60.65107,-151.09076,US/Alaska (UTC-9 / UTC-8),"west fork beaver creek, upstream of marathon road",Beaver Creek,STREAM,MAIN,TRUE,TRUE,TBD,FALSE
2022-10-18T08:30:00Z,3.354,beaver_creek_usgs_temp_3,60.65107,-151.09076,US/Alaska (UTC-9 / UTC-8),"west fork beaver creek, upstream of marathon road",Beaver Creek,STREAM,MAIN,TRUE,TRUE,TBD,FALSE
2022-10-18T08:45:00Z,3.327,beaver_creek_usgs_temp_3,60.65107,-151.09076,US/Alaska (UTC-9 / UTC-8),"west fork beaver creek, upstream of marathon road",Beaver Creek,STREAM,MAIN,TRUE,TRUE,TBD,FALSE
2022-10-18T09:00:00Z,3.327,beaver_creek_usgs_temp_3,60.65107,-151.09076,US/Alaska (UTC-9 / UTC-8),"west fork beaver creek, upstream of marathon road",Beaver Creek,STREAM,MAIN,TRUE,TRUE,TBD,FALSE
2022-10-18T09:15:00Z,3.301,beaver_creek_usgs_temp_3,60.65107,-151.09076,US/Alaska (UTC-9 / UTC-8),"west fork beaver creek, upstream of marathon road",Beaver Creek,STREAM,MAIN,TRUE,TRUE,TBD,FALSE
2022-10-18T09:30:00Z,3.301,beaver_creek_usgs_temp_3,60.65107,-151.09076,US/Alaska (UTC-9 / UTC-8),"west fork beaver creek, upstream of marathon road",Beaver Creek,STREAM,MAIN,TRUE,TRUE,TBD,FALSE
2022-10-18T09:45:00Z,3.301,beaver_creek_usgs_temp_3,60.65107,-151.09076,US/Alaska (UTC-9 / UTC-8),"west fork beaver creek, upstream of marathon road",Beaver Creek,STREAM,MAIN,TRUE,TRUE,TBD,FALSE
2022-10-18T10:00:00Z,3.301,beaver_creek_usgs_temp_3,60.65107,-151.09076,US/Alaska (UTC-9 / UTC-8),"west fork beaver creek, upstream of marathon road",Beaver Creek,STREAM,MAIN,TRUE,TRUE,TBD,FALSE
2022-10-18T10:15:00Z,3.301,beaver_creek_usgs_temp_3,60.65107,-151.09076,US/Alaska (UTC-9 / UTC-8),"west fork beaver creek, upstream of marathon road",Beaver Creek,STREAM,MAIN,TRUE,TRUE,TBD,FALSE
2022-10-18T10:30:00Z,3.301,beaver_creek_usgs_temp_3,60.65107,-151.09076,US/Alaska (UTC-9 / UTC-8),"west fork beaver creek, upstream of marathon road",Beaver Creek,STREAM,MAIN,TRUE,TRUE,TBD,FALSE
2022-10-18T10:45:00Z,3.327,beaver_creek_usgs_temp_3,60.65107,-151.09076,US/Alaska (UTC-9 / UTC-8),"west fork beaver creek, upstream of marathon road",Beaver Creek,STREAM,MAIN,TRUE,TRUE,TBD,FALSE
2022-10-18T11:00:00Z,3.327,beaver_creek_usgs_temp_3,60.65107,-151.09076,US/Alaska (UTC-9 / UTC-8),"west fork beaver creek, upstream of marathon road",Beaver Creek,STREAM,MAIN,TRUE,TRUE,TBD,FALSE
2022-10-18T11:15:00Z,3.354,beaver_creek_usgs_temp_3,60.65107,-151.09076,US/Alaska (UTC-9 / UTC-8),"west fork beaver creek, upstream of marathon road",Beaver Creek,STREAM,MAIN,TRUE,TRUE,TBD,FALSE
2022-10-18T11:30:00Z,3.38,beaver_creek_usgs_temp_3,60.65107,-151.09076,US/Alaska (UTC-9 / UTC-8),"west fork beaver creek, upstream of marathon road",Beaver Creek,STREAM,MAIN,TRUE,TRUE,TBD,FALSE
2022-10-18T11:45:00Z,3.433,beaver_creek_usgs_temp_3,60.65107,-151.09076,US/Alaska (UTC-9 / UTC-8),"west fork beaver creek, upstream of marathon road",Beaver Creek,STREAM,MAIN,TRUE,TRUE,TBD,FALSE
2022-10-18T12:00:00Z,3.433,beaver_creek_usgs_temp_3,60.65107,-151.09076,US/Alaska (UTC-9 / UTC-8),"west fork beaver creek, upstream of marathon road",Beaver Creek,STREAM,MAIN,TRUE,TRUE,TBD,FALSE
2022-10-18T12:15:00Z,3.485,beaver_creek_usgs_temp_3,60.65107,-151.09076,US/Alaska (UTC-9 / UTC-8),"west fork beaver creek, upstream of marathon road",Beaver Creek,STREAM,MAIN,TRUE,TRUE,TBD,FALSE
2022-10-18T12:30:00Z,3.538,beaver_creek_usgs_temp_3,60.65107,-151.09076,US/Alaska (UTC-9 / UTC-8),"west fork beaver creek, upstream of marathon road",Beaver Creek,STREAM,MAIN,TRUE,TRUE,TBD,FALSE
2022-10-18T12:45:00Z,3.564,beaver_creek_usgs_temp_3,60.65107,-151.09076,US/Alaska (UTC-9 / UTC-8),"west fork beaver creek, upstream of marathon road",Beaver Creek,STREAM,MAIN,TRUE,TRUE,TBD,FALSE
2022-10-18T13:00:00Z,3.617,beaver_creek_usgs_temp_3,60.65107,-151.09076,US/Alaska (UTC-9 / UTC-8),"west fork beaver creek, upstream of marathon road",Beaver Creek,STREAM,MAIN,TRUE,TRUE,TBD,FALSE
2022-10-18T13:15:00Z,3.643,beaver_creek_usgs_temp_3,60.65107,-151.09076,US/Alaska (UTC-9 / UTC-8),"west fork beaver creek, upstream of marathon road",Beaver Creek,STREAM,MAIN,TRUE,TRUE,TBD,FALSE
2022-10-18T13:30:00Z,3.696,beaver_creek_usgs_temp_3,60.65107,-151.09076,US/Alaska (UTC-9 / UTC-8),"west fork beaver creek, upstream of marathon road",Beaver Creek,STREAM,MAIN,TRUE,TRUE,TBD,FALSE
2022-10-18T13:45:00Z,3.722,beaver_creek_usgs_temp_3,60.65107,-151.09076,US/Alaska (UTC-9 / UTC-8),"west fork beaver creek, upstream of marathon road",Beaver Creek,STREAM,MAIN,TRUE,TRUE,TBD,FALSE
2022-10-18T14:00:00Z,3.775,beaver_creek_usgs_temp_3,60.65107,-151.09076,US/Alaska (UTC-9 / UTC-8),"west fork beaver creek, upstream of marathon road",Beaver Creek,STREAM,MAIN,TRUE,TRUE,TBD,FALSE
2022-10-18T14:15:00Z,3.801,beaver_creek_usgs_temp_3,60.65107,-151.09076,US/Alaska (UTC-9 / UTC-8),"west fork beaver creek, upstream of marathon road",Beaver Creek,STREAM,MAIN,TRUE,TRUE,TBD,FALSE
2022-10-18T14:30:00Z,3.854,beaver_creek_usgs_temp_3,60.65107,-151.09076,US/Alaska (UTC-9 / UTC-8),"west fork beaver creek, upstream of marathon road",Beaver Creek,STREAM,MAIN,TRUE,TRUE,TBD,FALSE
2022-10-18T14:45:00Z,3.88,beaver_creek_usgs_temp_3,60.65107,-151.09076,US/Alaska (UTC-9 / UTC-8),"west fork beaver creek, upstream of marathon road",Beaver Creek,STREAM,MAIN,TRUE,TRUE,TBD,FALSE
2022-10-18T15:00:00Z,3.932,beaver_creek_usgs_temp_3,60.65107,-151.09076,US/Alaska (UTC-9 / UTC-8),"west fork beaver creek, upstream of marathon road",Beaver Creek,STREAM,MAIN,TRUE,TRUE,TBD,FALSE
2022-10-18T15:15:00Z,3.958,beaver_creek_usgs_temp_3,60.65107,-151.09076,US/Alaska (UTC-9 / UTC-8),"west fork beaver creek, upstream of marathon road",Beaver Creek,STREAM,MAIN,TRUE,TRUE,TBD,FALSE
2022-10-18T15:30:00Z,4.011,beaver_creek_usgs_temp_3,60.65107,-151.09076,US/Alaska (UTC-9 / UTC-8),"west fork beaver creek, upstream of marathon road",Beaver Creek,STREAM,MAIN,TRUE,TRUE,TBD,FALSE
2022-10-18T15:45:00Z,4.037,beaver_creek_usgs_temp_3,60.65107,-151.09076,US/Alaska (UTC-9 / UTC-8),"west fork beaver creek, upstream of marathon road",Beaver Creek,STREAM,MAIN,TRUE,TRUE,TBD,FALSE
2022-10-18T16:00:00Z,4.063,beaver_creek_usgs_temp_3,60.65107,-151.09076,US/Alaska (UTC-9 / UTC-8),"west fork beaver creek, upstream of marathon road",Beaver Creek,STREAM,MAIN,TRUE,TRUE,TBD,FALSE
2022-10-18T16:15:00Z,4.115,beaver_creek_usgs_temp_3,60.65107,-151.09076,US/Alaska (UTC-9 / UTC-8),"west fork beaver creek, upstream of marathon road",Beaver Creek,STREAM,MAIN,TRUE,TRUE,TBD,FALSE
2022-10-18T16:30:00Z,4.141,beaver_creek_usgs_temp_3,60.65107,-151.09076,US/Alaska (UTC-9 / UTC-8),"west fork beaver creek, upstream of marathon road",Beaver Creek,STREAM,MAIN,TRUE,TRUE,TBD,FALSE
2022-10-18T16:45:00Z,4.168,beaver_creek_usgs_temp_3,60.65107,-151.09076,US/Alaska (UTC-9 / UTC-8),"west fork beaver creek, upstream of marathon road",Beaver Creek,STREAM,MAIN,TRUE,TRUE,TBD,FALSE
2022-10-18T17:00:00Z,4.194,beaver_creek_usgs_temp_3,60.65107,-151.09076,US/Alaska (UTC-9 / UTC-8),"west fork beaver creek, upstream of marathon road",Beaver Creek,STREAM,MAIN,TRUE,TRUE,TBD,FALSE
2022-10-18T17:15:00Z,4.22,beaver_creek_usgs_temp_3,60.65107,-151.09076,US/Alaska (UTC-9 / UTC-8),"west fork beaver creek, upstream of marathon road",Beaver Creek,STREAM,MAIN,TRUE,TRUE,TBD,FALSE
2022-10-18T17:30:00Z,4.22,beaver_creek_usgs_temp_3,60.65107,-151.09076,US/Alaska (UTC-9 / UTC-8),"west fork beaver creek, upstream of marathon road",Beaver Creek,STREAM,MAIN,TRUE,TRUE,TBD,FALSE
2022-10-18T17:45:00Z,4.272,beaver_creek_usgs_temp_3,60.65107,-151.09076,US/Alaska (UTC-9 / UTC-8),"west fork beaver creek, upstream of marathon road",Beaver Creek,STREAM,MAIN,TRUE,TRUE,TBD,FALSE
2022-10-18T18:00:00Z,4.272,beaver_creek_usgs_temp_3,60.65107,-151.09076,US/Alaska (UTC-9 / UTC-8),"west fork beaver creek, upstream of marathon road",Beaver Creek,STREAM,MAIN,TRUE,TRUE,TBD,FALSE
2022-10-18T18:15:00Z,4.272,beaver_creek_usgs_temp_3,60.65107,-151.09076,US/Alaska (UTC-9 / UTC-8),"west fork beaver creek, upstream of marathon road",Beaver Creek,STREAM,MAIN,TRUE,TRUE,TBD,FALSE
2022-10-18T18:30:00Z,4.272,beaver_creek_usgs_temp_3,60.65107,-151.09076,US/Alaska (UTC-9 / UTC-8),"west fork beaver creek, upstream of marathon road",Beaver Creek,STREAM,MAIN,TRUE,TRUE,TBD,FALSE
2022-10-18T18:45:00Z,4.272,beaver_creek_usgs_temp_3,60.65107,-151.09076,US/Alaska (UTC-9 / UTC-8),"west fork beaver creek, upstream of marathon road",Beaver Creek,STREAM,MAIN,TRUE,TRUE,TBD,FALSE
2022-10-18T19:00:00Z,4.298,beaver_creek_usgs_temp_3,60.65107,-151.09076,US/Alaska (UTC-9 / UTC-8),"west fork beaver creek, upstream of marathon road",Beaver Creek,STREAM,MAIN,TRUE,TRUE,TBD,FALSE
2022-10-18T19:15:00Z,4.298,beaver_creek_usgs_temp_3,60.65107,-151.09076,US/Alaska (UTC-9 / UTC-8),"west fork beaver creek, upstream of marathon road",Beaver Creek,STREAM,MAIN,TRUE,TRUE,TBD,FALSE
2022-10-18T19:30:00Z,4.298,beaver_creek_usgs_temp_3,60.65107,-151.09076,US/Alaska (UTC-9 / UTC-8),"west fork beaver creek, upstream of marathon road",Beaver Creek,STREAM,MAIN,TRUE,TRUE,TBD,FALSE
2022-10-18T19:45:00Z,4.298,beaver_creek_usgs_temp_3,60.65107,-151.09076,US/Alaska (UTC-9 / UTC-8),"west fork beaver creek, upstream of marathon road",Beaver Creek,STREAM,MAIN,TRUE,TRUE,TBD,FALSE
2022-10-18T20:00:00Z,4.298,beaver_creek_usgs_temp_3,60.65107,-151.09076,US/Alaska (UTC-9 / UTC-8),"west fork beaver creek, upstream of marathon road",Beaver Creek,STREAM,MAIN,TRUE,TRUE,TBD,FALSE
2022-10-18T20:15:00Z,4.298,beaver_creek_usgs_temp_3,60.65107,-151.09076,US/Alaska (UTC-9 / UTC-8),"west fork beaver creek, upstream of marathon road",Beaver Creek,STREAM,MAIN,TRUE,TRUE,TBD,FALSE
2022-10-18T20:30:00Z,4.324,beaver_creek_usgs_temp_3,60.65107,-151.09076,US/Alaska (UTC-9 / UTC-8),"west fork beaver creek, upstream of marathon road",Beaver Creek,STREAM,MAIN,TRUE,TRUE,TBD,FALSE
2022-10-18T20:45:00Z,4.324,beaver_creek_usgs_temp_3,60.65107,-151.09076,US/Alaska (UTC-9 / UTC-8),"west fork beaver creek, upstream of marathon road",Beaver Creek,STREAM,MAIN,TRUE,TRUE,TBD,FALSE
2022-10-18T21:00:00Z,4.324,beaver_creek_usgs_temp_3,60.65107,-151.09076,US/Alaska (UTC-9 / UTC-8),"west fork beaver creek, upstream of marathon road",Beaver Creek,STREAM,MAIN,TRUE,TRUE,TBD,FALSE
2022-10-18T21:15:00Z,4.324,beaver_creek_usgs_temp_3,60.65107,-151.09076,US/Alaska (UTC-9 / UTC-8),"west fork beaver creek, upstream of marathon road",Beaver Creek,STREAM,MAIN,TRUE,TRUE,TBD,FALSE
2022-10-18T21:30:00Z,4.324,beaver_creek_usgs_temp_3,60.65107,-151.09076,US/Alaska (UTC-9 / UTC-8),"west fork beaver creek, upstream of marathon road",Beaver Creek,STREAM,MAIN,TRUE,TRUE,TBD,FALSE
2022-10-18T21:45:00Z,4.324,beaver_creek_usgs_temp_3,60.65107,-151.09076,US/Alaska (UTC-9 / UTC-8),"west fork beaver creek, upstream of marathon road",Beaver Creek,STREAM,MAIN,TRUE,TRUE,TBD,FALSE
2022-10-18T22:00:00Z,4.324,beaver_creek_usgs_temp_3,60.65107,-151.09076,US/Alaska (UTC-9 / UTC-8),"west fork beaver creek, upstream of marathon road",Beaver Creek,STREAM,MAIN,TRUE,TRUE,TBD,FALSE
2022-10-18T22:15:00Z,4.298,beaver_creek_usgs_temp_3,60.65107,-151.09076,US/Alaska (UTC-9 / UTC-8),"west fork beaver creek, upstream of marathon road",Beaver Creek,STREAM,MAIN,TRUE,TRUE,TBD,FALSE
2022-10-18T22:30:00Z,4.298,beaver_creek_usgs_temp_3,60.65107,-151.09076,US/Alaska (UTC-9 / UTC-8),"west fork beaver creek, upstream of marathon road",Beaver Creek,STREAM,MAIN,TRUE,TRUE,TBD,FALSE
2022-10-18T22:45:00Z,4.298,beaver_creek_usgs_temp_3,60.65107,-151.09076,US/Alaska (UTC-9 / UTC-8),"west fork beaver creek, upstream of marathon road",Beaver Creek,STREAM,MAIN,TRUE,TRUE,TBD,FALSE
2022-10-18T23:00:00Z,4.298,beaver_creek_usgs_temp_3,60.65107,-151.09076,US/Alaska (UTC-9 / UTC-8),"west fork beaver creek, upstream of marathon road",Beaver Creek,STREAM,MAIN,TRUE,TRUE,TBD,FALSE
2022-10-18T23:15:00Z,4.298,beaver_creek_usgs_temp_3,60.65107,-151.09076,US/Alaska (UTC-9 / UTC-8),"west fork beaver creek, upstream of marathon road",Beaver Creek,STREAM,MAIN,TRUE,TRUE,TBD,FALSE
2022-10-18T23:30:00Z,4.298,beaver_creek_usgs_temp_3,60.65107,-151.09076,US/Alaska (UTC-9 / UTC-8),"west fork beaver creek, upstream of marathon road",Beaver Creek,STREAM,MAIN,TRUE,TRUE,TBD,FALSE
2022-10-18T23:45:00Z,4.272,beaver_creek_usgs_temp_3,60.65107,-151.09076,US/Alaska (UTC-9 / UTC-8),"west fork beaver creek, upstream of marathon road",Beaver Creek,STREAM,MAIN,TRUE,TRUE,TBD,FALSE
2022-10-19T00:00:00Z,4.298,beaver_creek_usgs_temp_3,60.65107,-151.09076,US/Alaska (UTC-9 / UTC-8),"west fork beaver creek, upstream of marathon road",Beaver Creek,STREAM,MAIN,TRUE,TRUE,TBD,FALSE
2022-10-19T00:15:00Z,4.272,beaver_creek_usgs_temp_3,60.65107,-151.09076,US/Alaska (UTC-9 / UTC-8),"west fork beaver creek, upstream of marathon road",Beaver Creek,STREAM,MAIN,TRUE,TRUE,TBD,FALSE
2022-10-19T00:30:00Z,4.272,beaver_creek_usgs_temp_3,60.65107,-151.09076,US/Alaska (UTC-9 / UTC-8),"west fork beaver creek, upstream of marathon road",Beaver Creek,STREAM,MAIN,TRUE,TRUE,TBD,FALSE
2022-10-19T00:45:00Z,4.298,beaver_creek_usgs_temp_3,60.65107,-151.09076,US/Alaska (UTC-9 / UTC-8),"west fork beaver creek, upstream of marathon road",Beaver Creek,STREAM,MAIN,TRUE,TRUE,TBD,FALSE
2022-10-19T01:00:00Z,4.298,beaver_creek_usgs_temp_3,60.65107,-151.09076,US/Alaska (UTC-9 / UTC-8),"west fork beaver creek, upstream of marathon road",Beaver Creek,STREAM,MAIN,TRUE,TRUE,TBD,FALSE
2022-10-19T01:15:00Z,4.298,beaver_creek_usgs_temp_3,60.65107,-151.09076,US/Alaska (UTC-9 / UTC-8),"west fork beaver creek, upstream of marathon road",Beaver Creek,STREAM,MAIN,TRUE,TRUE,TBD,FALSE
2022-10-19T01:30:00Z,4.298,beaver_creek_usgs_temp_3,60.65107,-151.09076,US/Alaska (UTC-9 / UTC-8),"west fork beaver creek, upstream of marathon road",Beaver Creek,STREAM,MAIN,TRUE,TRUE,TBD,FALSE
2022-10-19T01:45:00Z,4.298,beaver_creek_usgs_temp_3,60.65107,-151.09076,US/Alaska (UTC-9 / UTC-8),"west fork beaver creek, upstream of marathon road",Beaver Creek,STREAM,MAIN,TRUE,TRUE,TBD,FALSE
2022-10-19T02:00:00Z,4.298,beaver_creek_usgs_temp_3,60.65107,-151.09076,US/Alaska (UTC-9 / UTC-8),"west fork beaver creek, upstream of marathon road",Beaver Creek,STREAM,MAIN,TRUE,TRUE,TBD,FALSE
2022-10-19T02:15:00Z,4.298,beaver_creek_usgs_temp_3,60.65107,-151.09076,US/Alaska (UTC-9 / UTC-8),"west fork beaver creek, upstream of marathon road",Beaver Creek,STREAM,MAIN,TRUE,TRUE,TBD,FALSE
2022-10-19T02:30:00Z,4.298,beaver_creek_usgs_temp_3,60.65107,-151.09076,US/Alaska (UTC-9 / UTC-8),"west fork beaver creek, upstream of marathon road",Beaver Creek,STREAM,MAIN,TRUE,TRUE,TBD,FALSE
2022-10-19T02:45:00Z,4.324,beaver_creek_usgs_temp_3,60.65107,-151.09076,US/Alaska (UTC-9 / UTC-8),"west fork beaver creek, upstream of marathon road",Beaver Creek,STREAM,MAIN,TRUE,TRUE,TBD,FALSE
2022-10-19T03:00:00Z,4.324,beaver_creek_usgs_temp_3,60.65107,-151.09076,US/Alaska (UTC-9 / UTC-8),"west fork beaver creek, upstream of marathon road",Beaver Creek,STREAM,MAIN,TRUE,TRUE,TBD,FALSE
2022-10-19T03:15:00Z,4.324,beaver_creek_usgs_temp_3,60.65107,-151.09076,US/Alaska (UTC-9 / UTC-8),"west fork beaver creek, upstream of marathon road",Beaver Creek,STREAM,MAIN,TRUE,TRUE,TBD,FALSE
2022-10-19T03:30:00Z,4.324,beaver_creek_usgs_temp_3,60.65107,-151.09076,US/Alaska (UTC-9 / UTC-8),"west fork beaver creek, upstream of marathon road",Beaver Creek,STREAM,MAIN,TRUE,TRUE,TBD,FALSE
2022-10-19T03:45:00Z,4.324,beaver_creek_usgs_temp_3,60.65107,-151.09076,US/Alaska (UTC-9 / UTC-8),"west fork beaver creek, upstream of marathon road",Beaver Creek,STREAM,MAIN,TRUE,TRUE,TBD,FALSE
2022-10-19T04:00:00Z,4.324,beaver_creek_usgs_temp_3,60.65107,-151.09076,US/Alaska (UTC-9 / UTC-8),"west fork beaver creek, upstream of marathon road",Beaver Creek,STREAM,MAIN,TRUE,TRUE,TBD,FALSE
2022-10-19T04:15:00Z,4.324,beaver_creek_usgs_temp_3,60.65107,-151.09076,US/Alaska (UTC-9 / UTC-8),"west fork beaver creek, upstream of marathon road",Beaver Creek,STREAM,MAIN,TRUE,TRUE,TBD,FALSE
2022-10-19T04:30:00Z,4.324,beaver_creek_usgs_temp_3,60.65107,-151.09076,US/Alaska (UTC-9 / UTC-8),"west fork beaver creek, upstream of marathon road",Beaver Creek,STREAM,MAIN,TRUE,TRUE,TBD,FALSE
2022-10-19T04:45:00Z,4.324,beaver_creek_usgs_temp_3,60.65107,-151.09076,US/Alaska (UTC-9 / UTC-8),"west fork beaver creek, upstream of marathon road",Beaver Creek,STREAM,MAIN,TRUE,TRUE,TBD,FALSE
2022-10-19T05:00:00Z,4.298,beaver_creek_usgs_temp_3,60.65107,-151.09076,US/Alaska (UTC-9 / UTC-8),"west fork beaver creek, upstream of marathon road",Beaver Creek,STREAM,MAIN,TRUE,TRUE,TBD,FALSE
2022-10-19T05:15:00Z,4.298,beaver_creek_usgs_temp_3,60.65107,-151.09076,US/Alaska (UTC-9 / UTC-8),"west fork beaver creek, upstream of marathon road",Beaver Creek,STREAM,MAIN,TRUE,TRUE,TBD,FALSE
2022-10-19T05:30:00Z,4.298,beaver_creek_usgs_temp_3,60.65107,-151.09076,US/Alaska (UTC-9 / UTC-8),"west fork beaver creek, upstream of marathon road",Beaver Creek,STREAM,MAIN,TRUE,TRUE,TBD,FALSE
2022-10-19T05:45:00Z,4.298,beaver_creek_usgs_temp_3,60.65107,-151.09076,US/Alaska (UTC-9 / UTC-8),"west fork beaver creek, upstream of marathon road",Beaver Creek,STREAM,MAIN,TRUE,TRUE,TBD,FALSE
2022-10-19T06:00:00Z,4.272,beaver_creek_usgs_temp_3,60.65107,-151.09076,US/Alaska (UTC-9 / UTC-8),"west fork beaver creek, upstream of marathon road",Beaver Creek,STREAM,MAIN,TRUE,TRUE,TBD,FALSE
2022-10-19T06:15:00Z,4.272,beaver_creek_usgs_temp_3,60.65107,-151.09076,US/Alaska (UTC-9 / UTC-8),"west fork beaver creek, upstream of marathon road",Beaver Creek,STREAM,MAIN,TRUE,TRUE,TBD,FALSE
2022-10-19T06:30:00Z,4.272,beaver_creek_usgs_temp_3,60.65107,-151.09076,US/Alaska (UTC-9 / UTC-8),"west fork beaver creek, upstream of marathon road",Beaver Creek,STREAM,MAIN,TRUE,TRUE,TBD,FALSE
2022-10-19T06:45:00Z,4.272,beaver_creek_usgs_temp_3,60.65107,-151.09076,US/Alaska (UTC-9 / UTC-8),"west fork beaver creek, upstream of marathon road",Beaver Creek,STREAM,MAIN,TRUE,TRUE,TBD,FALSE
2022-10-19T07:00:00Z,4.246,beaver_creek_usgs_temp_3,60.65107,-151.09076,US/Alaska (UTC-9 / UTC-8),"west fork beaver creek, upstream of marathon road",Beaver Creek,STREAM,MAIN,TRUE,TRUE,TBD,FALSE
2022-10-19T07:15:00Z,4.246,beaver_creek_usgs_temp_3,60.65107,-151.09076,US/Alaska (UTC-9 / UTC-8),"west fork beaver creek, upstream of marathon road",Beaver Creek,STREAM,MAIN,TRUE,TRUE,TBD,FALSE
2022-10-19T07:30:00Z,4.22,beaver_creek_usgs_temp_3,60.65107,-151.09076,US/Alaska (UTC-9 / UTC-8),"west fork beaver creek, upstream of marathon road",Beaver Creek,STREAM,MAIN,TRUE,TRUE,TBD,FALSE
2022-10-19T07:45:00Z,4.22,beaver_creek_usgs_temp_3,60.65107,-151.09076,US/Alaska (UTC-9 / UTC-8),"west fork beaver creek, upstream of marathon road",Beaver Creek,STREAM,MAIN,TRUE,TRUE,TBD,FALSE
2022-10-19T08:00:00Z,4.22,beaver_creek_usgs_temp_3,60.65107,-151.09076,US/Alaska (UTC-9 / UTC-8),"west fork beaver creek, upstream of marathon road",Beaver Creek,STREAM,MAIN,TRUE,TRUE,TBD,FALSE
2022-10-19T08:15:00Z,4.168,beaver_creek_usgs_temp_3,60.65107,-151.09076,US/Alaska (UTC-9 / UTC-8),"west fork beaver creek, upstream of marathon road",Beaver Creek,STREAM,MAIN,TRUE,TRUE,TBD,FALSE
2022-10-19T08:30:00Z,4.141,beaver_creek_usgs_temp_3,60.65107,-151.09076,US/Alaska (UTC-9 / UTC-8),"west fork beaver creek, upstream of marathon road",Beaver Creek,STREAM,MAIN,TRUE,TRUE,TBD,FALSE
2022-10-19T08:45:00Z,4.115,beaver_creek_usgs_temp_3,60.65107,-151.09076,US/Alaska (UTC-9 / UTC-8),"west fork beaver creek, upstream of marathon road",Beaver Creek,STREAM,MAIN,TRUE,TRUE,TBD,FALSE
2022-10-19T09:00:00Z,4.115,beaver_creek_usgs_temp_3,60.65107,-151.09076,US/Alaska (UTC-9 / UTC-8),"west fork beaver creek, upstream of marathon road",Beaver Creek,STREAM,MAIN,TRUE,TRUE,TBD,FALSE
2022-10-19T09:15:00Z,4.115,beaver_creek_usgs_temp_3,60.65107,-151.09076,US/Alaska (UTC-9 / UTC-8),"west fork beaver creek, upstream of marathon road",Beaver Creek,STREAM,MAIN,TRUE,TRUE,TBD,FALSE
2022-10-19T09:30:00Z,4.115,beaver_creek_usgs_temp_3,60.65107,-151.09076,US/Alaska (UTC-9 / UTC-8),"west fork beaver creek, upstream of marathon road",Beaver Creek,STREAM,MAIN,TRUE,TRUE,TBD,FALSE
2022-10-19T09:45:00Z,4.115,beaver_creek_usgs_temp_3,60.65107,-151.09076,US/Alaska (UTC-9 / UTC-8),"west fork beaver creek, upstream of marathon road",Beaver Creek,STREAM,MAIN,TRUE,TRUE,TBD,FALSE
2022-10-19T10:00:00Z,4.115,beaver_creek_usgs_temp_3,60.65107,-151.09076,US/Alaska (UTC-9 / UTC-8),"west fork beaver creek, upstream of marathon road",Beaver Creek,STREAM,MAIN,TRUE,TRUE,TBD,FALSE
2022-10-19T10:15:00Z,4.115,beaver_creek_usgs_temp_3,60.65107,-151.09076,US/Alaska (UTC-9 / UTC-8),"west fork beaver creek, upstream of marathon road",Beaver Creek,STREAM,MAIN,TRUE,TRUE,TBD,FALSE
2022-10-19T10:30:00Z,4.115,beaver_creek_usgs_temp_3,60.65107,-151.09076,US/Alaska (UTC-9 / UTC-8),"west fork beaver creek, upstream of marathon road",Beaver Creek,STREAM,MAIN,TRUE,TRUE,TBD,FALSE
2022-10-19T10:45:00Z,4.115,beaver_creek_usgs_temp_3,60.65107,-151.09076,US/Alaska (UTC-9 / UTC-8),"west fork beaver creek, upstream of marathon road",Beaver Creek,STREAM,MAIN,TRUE,TRUE,TBD,FALSE
2022-10-19T11:00:00Z,4.168,beaver_creek_usgs_temp_3,60.65107,-151.09076,US/Alaska (UTC-9 / UTC-8),"west fork beaver creek, upstream of marathon road",Beaver Creek,STREAM,MAIN,TRUE,TRUE,TBD,FALSE
2022-10-19T11:15:00Z,4.168,beaver_creek_usgs_temp_3,60.65107,-151.09076,US/Alaska (UTC-9 / UTC-8),"west fork beaver creek, upstream of marathon road",Beaver Creek,STREAM,MAIN,TRUE,TRUE,TBD,FALSE
2022-10-19T11:30:00Z,4.194,beaver_creek_usgs_temp_3,60.65107,-151.09076,US/Alaska (UTC-9 / UTC-8),"west fork beaver creek, upstream of marathon road",Beaver Creek,STREAM,MAIN,TRUE,TRUE,TBD,FALSE
2022-10-19T11:45:00Z,4.246,beaver_creek_usgs_temp_3,60.65107,-151.09076,US/Alaska (UTC-9 / UTC-8),"west fork beaver creek, upstream of marathon road",Beaver Creek,STREAM,MAIN,TRUE,TRUE,TBD,FALSE
2022-10-19T12:00:00Z,4.324,beaver_creek_usgs_temp_3,60.65107,-151.09076,US/Alaska (UTC-9 / UTC-8),"west fork beaver creek, upstream of marathon road",Beaver Creek,STREAM,MAIN,TRUE,TRUE,TBD,FALSE
2022-10-19T12:15:00Z,4.376,beaver_creek_usgs_temp_3,60.65107,-151.09076,US/Alaska (UTC-9 / UTC-8),"west fork beaver creek, upstream of marathon road",Beaver Creek,STREAM,MAIN,TRUE,TRUE,TBD,FALSE
2022-10-19T12:30:00Z,4.428,beaver_creek_usgs_temp_3,60.65107,-151.09076,US/Alaska (UTC-9 / UTC-8),"west fork beaver creek, upstream of marathon road",Beaver Creek,STREAM,MAIN,TRUE,TRUE,TBD,FALSE
2022-10-19T12:45:00Z,4.48,beaver_creek_usgs_temp_3,60.65107,-151.09076,US/Alaska (UTC-9 / UTC-8),"west fork beaver creek, upstream of marathon road",Beaver Creek,STREAM,MAIN,TRUE,TRUE,TBD,FALSE
2022-10-19T13:00:00Z,4.584,beaver_creek_usgs_temp_3,60.65107,-151.09076,US/Alaska (UTC-9 / UTC-8),"west fork beaver creek, upstream of marathon road",Beaver Creek,STREAM,MAIN,TRUE,TRUE,TBD,FALSE
2022-10-19T13:15:00Z,4.636,beaver_creek_usgs_temp_3,60.65107,-151.09076,US/Alaska (UTC-9 / UTC-8),"west fork beaver creek, upstream of marathon road",Beaver Creek,STREAM,MAIN,TRUE,TRUE,TBD,FALSE
2022-10-19T13:30:00Z,4.714,beaver_creek_usgs_temp_3,60.65107,-151.09076,US/Alaska (UTC-9 / UTC-8),"west fork beaver creek, upstream of marathon road",Beaver Creek,STREAM,MAIN,TRUE,TRUE,TBD,FALSE
2022-10-19T13:45:00Z,4.792,beaver_creek_usgs_temp_3,60.65107,-151.09076,US/Alaska (UTC-9 / UTC-8),"west fork beaver creek, upstream of marathon road",Beaver Creek,STREAM,MAIN,TRUE,TRUE,TBD,FALSE
2022-10-19T14:00:00Z,4.895,beaver_creek_usgs_temp_3,60.65107,-151.09076,US/Alaska (UTC-9 / UTC-8),"west fork beaver creek, upstream of marathon road",Beaver Creek,STREAM,MAIN,TRUE,TRUE,TBD,FALSE
2022-10-19T14:15:00Z,4.973,beaver_creek_usgs_temp_3,60.65107,-151.09076,US/Alaska (UTC-9 / UTC-8),"west fork beaver creek, upstream of marathon road",Beaver Creek,STREAM,MAIN,TRUE,TRUE,TBD,FALSE
2022-10-19T14:30:00Z,5.102,beaver_creek_usgs_temp_3,60.65107,-151.09076,US/Alaska (UTC-9 / UTC-8),"west fork beaver creek, upstream of marathon road",Beaver Creek,STREAM,MAIN,TRUE,TRUE,TBD,FALSE
2022-10-19T14:45:00Z,5.179,beaver_creek_usgs_temp_3,60.65107,-151.09076,US/Alaska (UTC-9 / UTC-8),"west fork beaver creek, upstream of marathon road",Beaver Creek,STREAM,MAIN,TRUE,TRUE,TBD,FALSE
2022-10-19T15:00:00Z,5.231,beaver_creek_usgs_temp_3,60.65107,-151.09076,US/Alaska (UTC-9 / UTC-8),"west fork beaver creek, upstream of marathon road",Beaver Creek,STREAM,MAIN,TRUE,TRUE,TBD,FALSE
2022-10-19T15:15:00Z,5.308,beaver_creek_usgs_temp_3,60.65107,-151.09076,US/Alaska (UTC-9 / UTC-8),"west fork beaver creek, upstream of marathon road",Beaver Creek,STREAM,MAIN,TRUE,TRUE,TBD,FALSE
2022-10-19T15:30:00Z,5.385,beaver_creek_usgs_temp_3,60.65107,-151.09076,US/Alaska (UTC-9 / UTC-8),"west fork beaver creek, upstream of marathon road",Beaver Creek,STREAM,MAIN,TRUE,TRUE,TBD,FALSE
2022-10-19T15:45:00Z,5.411,beaver_creek_usgs_temp_3,60.65107,-151.09076,US/Alaska (UTC-9 / UTC-8),"west fork beaver creek, upstream of marathon road",Beaver Creek,STREAM,MAIN,TRUE,TRUE,TBD,FALSE
2022-10-19T16:00:00Z,5.437,beaver_creek_usgs_temp_3,60.65107,-151.09076,US/Alaska (UTC-9 / UTC-8),"west fork beaver creek, upstream of marathon road",Beaver Creek,STREAM,MAIN,TRUE,TRUE,TBD,FALSE
2022-10-19T16:15:00Z,5.462,beaver_creek_usgs_temp_3,60.65107,-151.09076,US/Alaska (UTC-9 / UTC-8),"west fork beaver creek, upstream of marathon road",Beaver Creek,STREAM,MAIN,TRUE,TRUE,TBD,FALSE
2022-10-19T16:30:00Z,5.514,beaver_creek_usgs_temp_3,60.65107,-151.09076,US/Alaska (UTC-9 / UTC-8),"west fork beaver creek, upstream of marathon road",Beaver Creek,STREAM,MAIN,TRUE,TRUE,TBD,FALSE
2022-10-19T16:45:00Z,5.565,beaver_creek_usgs_temp_3,60.65107,-151.09076,US/Alaska (UTC-9 / UTC-8),"west fork beaver creek, upstream of marathon road",Beaver Creek,STREAM,MAIN,TRUE,TRUE,TBD,FALSE
2022-10-19T17:00:00Z,5.616,beaver_creek_usgs_temp_3,60.65107,-151.09076,US/Alaska (UTC-9 / UTC-8),"west fork beaver creek, upstream of marathon road",Beaver Creek,STREAM,MAIN,TRUE,TRUE,TBD,FALSE
2022-10-19T17:15:00Z,5.642,beaver_creek_usgs_temp_3,60.65107,-151.09076,US/Alaska (UTC-9 / UTC-8),"west fork beaver creek, upstream of marathon road",Beaver Creek,STREAM,MAIN,TRUE,TRUE,TBD,FALSE
2022-10-19T17:30:00Z,5.616,beaver_creek_usgs_temp_3,60.65107,-151.09076,US/Alaska (UTC-9 / UTC-8),"west fork beaver creek, upstream of marathon road",Beaver Creek,STREAM,MAIN,TRUE,TRUE,TBD,FALSE
2022-10-19T17:45:00Z,5.616,beaver_creek_usgs_temp_3,60.65107,-151.09076,US/Alaska (UTC-9 / UTC-8),"west fork beaver creek, upstream of marathon road",Beaver Creek,STREAM,MAIN,TRUE,TRUE,TBD,FALSE
2022-10-19T18:00:00Z,5.565,beaver_creek_usgs_temp_3,60.65107,-151.09076,US/Alaska (UTC-9 / UTC-8),"west fork beaver creek, upstream of marathon road",Beaver Creek,STREAM,MAIN,TRUE,TRUE,TBD,FALSE
2022-10-19T18:15:00Z,5.539,beaver_creek_usgs_temp_3,60.65107,-151.09076,US/Alaska (UTC-9 / UTC-8),"west fork beaver creek, upstream of marathon road",Beaver Creek,STREAM,MAIN,TRUE,TRUE,TBD,FALSE
2022-10-19T18:30:00Z,5.514,beaver_creek_usgs_temp_3,60.65107,-151.09076,US/Alaska (UTC-9 / UTC-8),"west fork beaver creek, upstream of marathon road",Beaver Creek,STREAM,MAIN,TRUE,TRUE,TBD,FALSE
2022-10-19T18:45:00Z,5.462,beaver_creek_usgs_temp_3,60.65107,-151.09076,US/Alaska (UTC-9 / UTC-8),"west fork beaver creek, upstream of marathon road",Beaver Creek,STREAM,MAIN,TRUE,TRUE,TBD,FALSE
2022-10-19T19:00:00Z,5.411,beaver_creek_usgs_temp_3,60.65107,-151.09076,US/Alaska (UTC-9 / UTC-8),"west fork beaver creek, upstream of marathon road",Beaver Creek,STREAM,MAIN,TRUE,TRUE,TBD,FALSE
2022-10-19T19:15:00Z,5.411,beaver_creek_usgs_temp_3,60.65107,-151.09076,US/Alaska (UTC-9 / UTC-8),"west fork beaver creek, upstream of marathon road",Beaver Creek,STREAM,MAIN,TRUE,TRUE,TBD,FALSE
2022-10-19T19:30:00Z,5.411,beaver_creek_usgs_temp_3,60.65107,-151.09076,US/Alaska (UTC-9 / UTC-8),"west fork beaver creek, upstream of marathon road",Beaver Creek,STREAM,MAIN,TRUE,TRUE,TBD,FALSE
2022-10-19T19:45:00Z,5.36,beaver_creek_usgs_temp_3,60.65107,-151.09076,US/Alaska (UTC-9 / UTC-8),"west fork beaver creek, upstream of marathon road",Beaver Creek,STREAM,MAIN,TRUE,TRUE,TBD,FALSE
2022-10-19T20:00:00Z,5.334,beaver_creek_usgs_temp_3,60.65107,-151.09076,US/Alaska (UTC-9 / UTC-8),"west fork beaver creek, upstream of marathon road",Beaver Creek,STREAM,MAIN,TRUE,TRUE,TBD,FALSE
2022-10-19T20:15:00Z,5.308,beaver_creek_usgs_temp_3,60.65107,-151.09076,US/Alaska (UTC-9 / UTC-8),"west fork beaver creek, upstream of marathon road",Beaver Creek,STREAM,MAIN,TRUE,TRUE,TBD,FALSE
2022-10-19T20:30:00Z,5.257,beaver_creek_usgs_temp_3,60.65107,-151.09076,US/Alaska (UTC-9 / UTC-8),"west fork beaver creek, upstream of marathon road",Beaver Creek,STREAM,MAIN,TRUE,TRUE,TBD,FALSE
2022-10-19T20:45:00Z,5.231,beaver_creek_usgs_temp_3,60.65107,-151.09076,US/Alaska (UTC-9 / UTC-8),"west fork beaver creek, upstream of marathon road",Beaver Creek,STREAM,MAIN,TRUE,TRUE,TBD,FALSE
2022-10-19T21:00:00Z,5.205,beaver_creek_usgs_temp_3,60.65107,-151.09076,US/Alaska (UTC-9 / UTC-8),"west fork beaver creek, upstream of marathon road",Beaver Creek,STREAM,MAIN,TRUE,TRUE,TBD,FALSE
2022-10-19T21:15:00Z,5.205,beaver_creek_usgs_temp_3,60.65107,-151.09076,US/Alaska (UTC-9 / UTC-8),"west fork beaver creek, upstream of marathon road",Beaver Creek,STREAM,MAIN,TRUE,TRUE,TBD,FALSE
2022-10-19T21:30:00Z,5.154,beaver_creek_usgs_temp_3,60.65107,-151.09076,US/Alaska (UTC-9 / UTC-8),"west fork beaver creek, upstream of marathon road",Beaver Creek,STREAM,MAIN,TRUE,TRUE,TBD,FALSE
2022-10-19T21:45:00Z,5.128,beaver_creek_usgs_temp_3,60.65107,-151.09076,US/Alaska (UTC-9 / UTC-8),"west fork beaver creek, upstream of marathon road",Beaver Creek,STREAM,MAIN,TRUE,TRUE,TBD,FALSE
2022-10-19T22:00:00Z,5.102,beaver_creek_usgs_temp_3,60.65107,-151.09076,US/Alaska (UTC-9 / UTC-8),"west fork beaver creek, upstream of marathon road",Beaver Creek,STREAM,MAIN,TRUE,TRUE,TBD,FALSE
2022-10-19T22:15:00Z,5.05,beaver_creek_usgs_temp_3,60.65107,-151.09076,US/Alaska (UTC-9 / UTC-8),"west fork beaver creek, upstream of marathon road",Beaver Creek,STREAM,MAIN,TRUE,TRUE,TBD,FALSE
2022-10-19T22:30:00Z,5.05,beaver_creek_usgs_temp_3,60.65107,-151.09076,US/Alaska (UTC-9 / UTC-8),"west fork beaver creek, upstream of marathon road",Beaver Creek,STREAM,MAIN,TRUE,TRUE,TBD,FALSE
2022-10-19T22:45:00Z,5.05,beaver_creek_usgs_temp_3,60.65107,-151.09076,US/Alaska (UTC-9 / UTC-8),"west fork beaver creek, upstream of marathon road",Beaver Creek,STREAM,MAIN,TRUE,TRUE,TBD,FALSE
2022-10-19T23:00:00Z,5.024,beaver_creek_usgs_temp_3,60.65107,-151.09076,US/Alaska (UTC-9 / UTC-8),"west fork beaver creek, upstream of marathon road",Beaver Creek,STREAM,MAIN,TRUE,TRUE,TBD,FALSE
2022-10-19T23:15:00Z,5.024,beaver_creek_usgs_temp_3,60.65107,-151.09076,US/Alaska (UTC-9 / UTC-8),"west fork beaver creek, upstream of marathon road",Beaver Creek,STREAM,MAIN,TRUE,TRUE,TBD,FALSE
2022-10-19T23:30:00Z,4.999,beaver_creek_usgs_temp_3,60.65107,-151.09076,US/Alaska (UTC-9 / UTC-8),"west fork beaver creek, upstream of marathon road",Beaver Creek,STREAM,MAIN,TRUE,TRUE,TBD,FALSE
2022-10-19T23:45:00Z,4.999,beaver_creek_usgs_temp_3,60.65107,-151.09076,US/Alaska (UTC-9 / UTC-8),"west fork beaver creek, upstream of marathon road",Beaver Creek,STREAM,MAIN,TRUE,TRUE,TBD,FALSE
2022-10-20T00:00:00Z,4.999,beaver_creek_usgs_temp_3,60.65107,-151.09076,US/Alaska (UTC-9 / UTC-8),"west fork beaver creek, upstream of marathon road",Beaver Creek,STREAM,MAIN,TRUE,TRUE,TBD,FALSE
2022-10-20T00:15:00Z,4.999,beaver_creek_usgs_temp_3,60.65107,-151.09076,US/Alaska (UTC-9 / UTC-8),"west fork beaver creek, upstream of marathon road",Beaver Creek,STREAM,MAIN,TRUE,TRUE,TBD,FALSE
2022-10-20T00:30:00Z,4.999,beaver_creek_usgs_temp_3,60.65107,-151.09076,US/Alaska (UTC-9 / UTC-8),"west fork beaver creek, upstream of marathon road",Beaver Creek,STREAM,MAIN,TRUE,TRUE,TBD,FALSE
2022-10-20T00:45:00Z,4.973,beaver_creek_usgs_temp_3,60.65107,-151.09076,US/Alaska (UTC-9 / UTC-8),"west fork beaver creek, upstream of marathon road",Beaver Creek,STREAM,MAIN,TRUE,TRUE,TBD,FALSE
2022-10-20T01:00:00Z,4.973,beaver_creek_usgs_temp_3,60.65107,-151.09076,US/Alaska (UTC-9 / UTC-8),"west fork beaver creek, upstream of marathon road",Beaver Creek,STREAM,MAIN,TRUE,TRUE,TBD,FALSE
2022-10-20T01:15:00Z,4.973,beaver_creek_usgs_temp_3,60.65107,-151.09076,US/Alaska (UTC-9 / UTC-8),"west fork beaver creek, upstream of marathon road",Beaver Creek,STREAM,MAIN,TRUE,TRUE,TBD,FALSE
2022-10-20T01:30:00Z,4.973,beaver_creek_usgs_temp_3,60.65107,-151.09076,US/Alaska (UTC-9 / UTC-8),"west fork beaver creek, upstream of marathon road",Beaver Creek,STREAM,MAIN,TRUE,TRUE,TBD,FALSE
2022-10-20T01:45:00Z,4.947,beaver_creek_usgs_temp_3,60.65107,-151.09076,US/Alaska (UTC-9 / UTC-8),"west fork beaver creek, upstream of marathon road",Beaver Creek,STREAM,MAIN,TRUE,TRUE,TBD,FALSE
2022-10-20T02:00:00Z,4.947,beaver_creek_usgs_temp_3,60.65107,-151.09076,US/Alaska (UTC-9 / UTC-8),"west fork beaver creek, upstream of marathon road",Beaver Creek,STREAM,MAIN,TRUE,TRUE,TBD,FALSE
2022-10-20T02:15:00Z,4.947,beaver_creek_usgs_temp_3,60.65107,-151.09076,US/Alaska (UTC-9 / UTC-8),"west fork beaver creek, upstream of marathon road",Beaver Creek,STREAM,MAIN,TRUE,TRUE,TBD,FALSE
2022-10-20T02:30:00Z,4.947,beaver_creek_usgs_temp_3,60.65107,-151.09076,US/Alaska (UTC-9 / UTC-8),"west fork beaver creek, upstream of marathon road",Beaver Creek,STREAM,MAIN,TRUE,TRUE,TBD,FALSE
2022-10-20T02:45:00Z,4.947,beaver_creek_usgs_temp_3,60.65107,-151.09076,US/Alaska (UTC-9 / UTC-8),"west fork beaver creek, upstream of marathon road",Beaver Creek,STREAM,MAIN,TRUE,TRUE,TBD,FALSE
2022-10-20T03:00:00Z,4.947,beaver_creek_usgs_temp_3,60.65107,-151.09076,US/Alaska (UTC-9 / UTC-8),"west fork beaver creek, upstream of marathon road",Beaver Creek,STREAM,MAIN,TRUE,TRUE,TBD,FALSE
2022-10-20T03:15:00Z,4.947,beaver_creek_usgs_temp_3,60.65107,-151.09076,US/Alaska (UTC-9 / UTC-8),"west fork beaver creek, upstream of marathon road",Beaver Creek,STREAM,MAIN,TRUE,TRUE,TBD,FALSE
2022-10-20T03:30:00Z,4.947,beaver_creek_usgs_temp_3,60.65107,-151.09076,US/Alaska (UTC-9 / UTC-8),"west fork beaver creek, upstream of marathon road",Beaver Creek,STREAM,MAIN,TRUE,TRUE,TBD,FALSE
2022-10-20T03:45:00Z,4.921,beaver_creek_usgs_temp_3,60.65107,-151.09076,US/Alaska (UTC-9 / UTC-8),"west fork beaver creek, upstream of marathon road",Beaver Creek,STREAM,MAIN,TRUE,TRUE,TBD,FALSE
2022-10-20T04:00:00Z,4.921,beaver_creek_usgs_temp_3,60.65107,-151.09076,US/Alaska (UTC-9 / UTC-8),"west fork beaver creek, upstream of marathon road",Beaver Creek,STREAM,MAIN,TRUE,TRUE,TBD,FALSE
2022-10-20T04:15:00Z,4.895,beaver_creek_usgs_temp_3,60.65107,-151.09076,US/Alaska (UTC-9 / UTC-8),"west fork beaver creek, upstream of marathon road",Beaver Creek,STREAM,MAIN,TRUE,TRUE,TBD,FALSE
2022-10-20T04:30:00Z,4.895,beaver_creek_usgs_temp_3,60.65107,-151.09076,US/Alaska (UTC-9 / UTC-8),"west fork beaver creek, upstream of marathon road",Beaver Creek,STREAM,MAIN,TRUE,TRUE,TBD,FALSE
2022-10-20T04:45:00Z,4.869,beaver_creek_usgs_temp_3,60.65107,-151.09076,US/Alaska (UTC-9 / UTC-8),"west fork beaver creek, upstream of marathon road",Beaver Creek,STREAM,MAIN,TRUE,TRUE,TBD,FALSE
2022-10-20T05:00:00Z,4.869,beaver_creek_usgs_temp_3,60.65107,-151.09076,US/Alaska (UTC-9 / UTC-8),"west fork beaver creek, upstream of marathon road",Beaver Creek,STREAM,MAIN,TRUE,TRUE,TBD,FALSE
2022-10-20T05:15:00Z,4.844,beaver_creek_usgs_temp_3,60.65107,-151.09076,US/Alaska (UTC-9 / UTC-8),"west fork beaver creek, upstream of marathon road",Beaver Creek,STREAM,MAIN,TRUE,TRUE,TBD,FALSE
2022-10-20T05:30:00Z,4.844,beaver_creek_usgs_temp_3,60.65107,-151.09076,US/Alaska (UTC-9 / UTC-8),"west fork beaver creek, upstream of marathon road",Beaver Creek,STREAM,MAIN,TRUE,TRUE,TBD,FALSE
2022-10-20T05:45:00Z,4.818,beaver_creek_usgs_temp_3,60.65107,-151.09076,US/Alaska (UTC-9 / UTC-8),"west fork beaver creek, upstream of marathon road",Beaver Creek,STREAM,MAIN,TRUE,TRUE,TBD,FALSE
2022-10-20T06:00:00Z,4.818,beaver_creek_usgs_temp_3,60.65107,-151.09076,US/Alaska (UTC-9 / UTC-8),"west fork beaver creek, upstream of marathon road",Beaver Creek,STREAM,MAIN,TRUE,TRUE,TBD,FALSE
2022-10-20T06:15:00Z,4.792,beaver_creek_usgs_temp_3,60.65107,-151.09076,US/Alaska (UTC-9 / UTC-8),"west fork beaver creek, upstream of marathon road",Beaver Creek,STREAM,MAIN,TRUE,TRUE,TBD,FALSE
2022-10-20T06:30:00Z,4.792,beaver_creek_usgs_temp_3,60.65107,-151.09076,US/Alaska (UTC-9 / UTC-8),"west fork beaver creek, upstream of marathon road",Beaver Creek,STREAM,MAIN,TRUE,TRUE,TBD,FALSE
2022-10-20T06:45:00Z,4.792,beaver_creek_usgs_temp_3,60.65107,-151.09076,US/Alaska (UTC-9 / UTC-8),"west fork beaver creek, upstream of marathon road",Beaver Creek,STREAM,MAIN,TRUE,TRUE,TBD,FALSE
2022-10-20T07:00:00Z,4.766,beaver_creek_usgs_temp_3,60.65107,-151.09076,US/Alaska (UTC-9 / UTC-8),"west fork beaver creek, upstream of marathon road",Beaver Creek,STREAM,MAIN,TRUE,TRUE,TBD,FALSE
2022-10-20T07:15:00Z,4.74,beaver_creek_usgs_temp_3,60.65107,-151.09076,US/Alaska (UTC-9 / UTC-8),"west fork beaver creek, upstream of marathon road",Beaver Creek,STREAM,MAIN,TRUE,TRUE,TBD,FALSE
2022-10-20T07:30:00Z,4.74,beaver_creek_usgs_temp_3,60.65107,-151.09076,US/Alaska (UTC-9 / UTC-8),"west fork beaver creek, upstream of marathon road",Beaver Creek,STREAM,MAIN,TRUE,TRUE,TBD,FALSE
2022-10-20T07:45:00Z,4.714,beaver_creek_usgs_temp_3,60.65107,-151.09076,US/Alaska (UTC-9 / UTC-8),"west fork beaver creek, upstream of marathon road",Beaver Creek,STREAM,MAIN,TRUE,TRUE,TBD,FALSE
2022-10-20T08:00:00Z,4.714,beaver_creek_usgs_temp_3,60.65107,-151.09076,US/Alaska (UTC-9 / UTC-8),"west fork beaver creek, upstream of marathon road",Beaver Creek,STREAM,MAIN,TRUE,TRUE,TBD,FALSE
2022-10-20T08:15:00Z,4.688,beaver_creek_usgs_temp_3,60.65107,-151.09076,US/Alaska (UTC-9 / UTC-8),"west fork beaver creek, upstream of marathon road",Beaver Creek,STREAM,MAIN,TRUE,TRUE,TBD,FALSE
2022-10-20T08:30:00Z,4.688,beaver_creek_usgs_temp_3,60.65107,-151.09076,US/Alaska (UTC-9 / UTC-8),"west fork beaver creek, upstream of marathon road",Beaver Creek,STREAM,MAIN,TRUE,TRUE,TBD,FALSE
2022-10-20T08:45:00Z,4.688,beaver_creek_usgs_temp_3,60.65107,-151.09076,US/Alaska (UTC-9 / UTC-8),"west fork beaver creek, upstream of marathon road",Beaver Creek,STREAM,MAIN,TRUE,TRUE,TBD,FALSE
2022-10-20T09:00:00Z,4.662,beaver_creek_usgs_temp_3,60.65107,-151.09076,US/Alaska (UTC-9 / UTC-8),"west fork beaver creek, upstream of marathon road",Beaver Creek,STREAM,MAIN,TRUE,TRUE,TBD,FALSE
2022-10-20T09:15:00Z,4.662,beaver_creek_usgs_temp_3,60.65107,-151.09076,US/Alaska (UTC-9 / UTC-8),"west fork beaver creek, upstream of marathon road",Beaver Creek,STREAM,MAIN,TRUE,TRUE,TBD,FALSE
2022-10-20T09:30:00Z,4.636,beaver_creek_usgs_temp_3,60.65107,-151.09076,US/Alaska (UTC-9 / UTC-8),"west fork beaver creek, upstream of marathon road",Beaver Creek,STREAM,MAIN,TRUE,TRUE,TBD,FALSE
2022-10-20T09:45:00Z,4.636,beaver_creek_usgs_temp_3,60.65107,-151.09076,US/Alaska (UTC-9 / UTC-8),"west fork beaver creek, upstream of marathon road",Beaver Creek,STREAM,MAIN,TRUE,TRUE,TBD,FALSE
2022-10-20T10:00:00Z,4.636,beaver_creek_usgs_temp_3,60.65107,-151.09076,US/Alaska (UTC-9 / UTC-8),"west fork beaver creek, upstream of marathon road",Beaver Creek,STREAM,MAIN,TRUE,TRUE,TBD,FALSE
2022-10-20T10:15:00Z,4.636,beaver_creek_usgs_temp_3,60.65107,-151.09076,US/Alaska (UTC-9 / UTC-8),"west fork beaver creek, upstream of marathon road",Beaver Creek,STREAM,MAIN,TRUE,TRUE,TBD,FALSE
2022-10-20T10:30:00Z,4.61,beaver_creek_usgs_temp_3,60.65107,-151.09076,US/Alaska (UTC-9 / UTC-8),"west fork beaver creek, upstream of marathon road",Beaver Creek,STREAM,MAIN,TRUE,TRUE,TBD,FALSE
2022-10-20T10:45:00Z,4.61,beaver_creek_usgs_temp_3,60.65107,-151.09076,US/Alaska (UTC-9 / UTC-8),"west fork beaver creek, upstream of marathon road",Beaver Creek,STREAM,MAIN,TRUE,TRUE,TBD,FALSE
2022-10-20T11:00:00Z,4.61,beaver_creek_usgs_temp_3,60.65107,-151.09076,US/Alaska (UTC-9 / UTC-8),"west fork beaver creek, upstream of marathon road",Beaver Creek,STREAM,MAIN,TRUE,TRUE,TBD,FALSE
2022-10-20T11:15:00Z,4.61,beaver_creek_usgs_temp_3,60.65107,-151.09076,US/Alaska (UTC-9 / UTC-8),"west fork beaver creek, upstream of marathon road",Beaver Creek,STREAM,MAIN,TRUE,TRUE,TBD,FALSE
2022-10-20T11:30:00Z,4.636,beaver_creek_usgs_temp_3,60.65107,-151.09076,US/Alaska (UTC-9 / UTC-8),"west fork beaver creek, upstream of marathon road",Beaver Creek,STREAM,MAIN,TRUE,TRUE,TBD,FALSE
2022-10-20T11:45:00Z,4.662,beaver_creek_usgs_temp_3,60.65107,-151.09076,US/Alaska (UTC-9 / UTC-8),"west fork beaver creek, upstream of marathon road",Beaver Creek,STREAM,MAIN,TRUE,TRUE,TBD,FALSE
2022-10-20T12:00:00Z,4.688,beaver_creek_usgs_temp_3,60.65107,-151.09076,US/Alaska (UTC-9 / UTC-8),"west fork beaver creek, upstream of marathon road",Beaver Creek,STREAM,MAIN,TRUE,TRUE,TBD,FALSE
2022-10-20T12:15:00Z,4.714,beaver_creek_usgs_temp_3,60.65107,-151.09076,US/Alaska (UTC-9 / UTC-8),"west fork beaver creek, upstream of marathon road",Beaver Creek,STREAM,MAIN,TRUE,TRUE,TBD,FALSE
2022-10-20T12:30:00Z,4.74,beaver_creek_usgs_temp_3,60.65107,-151.09076,US/Alaska (UTC-9 / UTC-8),"west fork beaver creek, upstream of marathon road",Beaver Creek,STREAM,MAIN,TRUE,TRUE,TBD,FALSE
2022-10-20T12:45:00Z,4.766,beaver_creek_usgs_temp_3,60.65107,-151.09076,US/Alaska (UTC-9 / UTC-8),"west fork beaver creek, upstream of marathon road",Beaver Creek,STREAM,MAIN,TRUE,TRUE,TBD,FALSE
2022-10-20T13:00:00Z,4.792,beaver_creek_usgs_temp_3,60.65107,-151.09076,US/Alaska (UTC-9 / UTC-8),"west fork beaver creek, upstream of marathon road",Beaver Creek,STREAM,MAIN,TRUE,TRUE,TBD,FALSE
2022-10-20T13:15:00Z,4.844,beaver_creek_usgs_temp_3,60.65107,-151.09076,US/Alaska (UTC-9 / UTC-8),"west fork beaver creek, upstream of marathon road",Beaver Creek,STREAM,MAIN,TRUE,TRUE,TBD,FALSE
2022-10-20T13:30:00Z,4.869,beaver_creek_usgs_temp_3,60.65107,-151.09076,US/Alaska (UTC-9 / UTC-8),"west fork beaver creek, upstream of marathon road",Beaver Creek,STREAM,MAIN,TRUE,TRUE,TBD,FALSE
2022-10-20T13:45:00Z,4.921,beaver_creek_usgs_temp_3,60.65107,-151.09076,US/Alaska (UTC-9 / UTC-8),"west fork beaver creek, upstream of marathon road",Beaver Creek,STREAM,MAIN,TRUE,TRUE,TBD,FALSE
2022-10-20T14:00:00Z,4.973,beaver_creek_usgs_temp_3,60.65107,-151.09076,US/Alaska (UTC-9 / UTC-8),"west fork beaver creek, upstream of marathon road",Beaver Creek,STREAM,MAIN,TRUE,TRUE,TBD,FALSE
2022-10-20T14:15:00Z,5.024,beaver_creek_usgs_temp_3,60.65107,-151.09076,US/Alaska (UTC-9 / UTC-8),"west fork beaver creek, upstream of marathon road",Beaver Creek,STREAM,MAIN,TRUE,TRUE,TBD,FALSE
2022-10-20T14:30:00Z,5.076,beaver_creek_usgs_temp_3,60.65107,-151.09076,US/Alaska (UTC-9 / UTC-8),"west fork beaver creek, upstream of marathon road",Beaver Creek,STREAM,MAIN,TRUE,TRUE,TBD,FALSE
2022-10-20T14:45:00Z,5.128,beaver_creek_usgs_temp_3,60.65107,-151.09076,US/Alaska (UTC-9 / UTC-8),"west fork beaver creek, upstream of marathon road",Beaver Creek,STREAM,MAIN,TRUE,TRUE,TBD,FALSE
2022-10-20T15:00:00Z,5.205,beaver_creek_usgs_temp_3,60.65107,-151.09076,US/Alaska (UTC-9 / UTC-8),"west fork beaver creek, upstream of marathon road",Beaver Creek,STREAM,MAIN,TRUE,TRUE,TBD,FALSE
2022-10-20T15:15:00Z,5.257,beaver_creek_usgs_temp_3,60.65107,-151.09076,US/Alaska (UTC-9 / UTC-8),"west fork beaver creek, upstream of marathon road",Beaver Creek,STREAM,MAIN,TRUE,TRUE,TBD,FALSE
2022-10-20T15:30:00Z,5.308,beaver_creek_usgs_temp_3,60.65107,-151.09076,US/Alaska (UTC-9 / UTC-8),"west fork beaver creek, upstream of marathon road",Beaver Creek,STREAM,MAIN,TRUE,TRUE,TBD,FALSE
2022-10-20T15:45:00Z,5.385,beaver_creek_usgs_temp_3,60.65107,-151.09076,US/Alaska (UTC-9 / UTC-8),"west fork beaver creek, upstream of marathon road",Beaver Creek,STREAM,MAIN,TRUE,TRUE,TBD,FALSE
2022-10-20T15:50:23Z,NA,beaver_creek_usgs_temp_3,60.65107,-151.09076,US/Alaska (UTC-9 / UTC-8),"west fork beaver creek, upstream of marathon road",Beaver Creek,STREAM,MAIN,TRUE,TRUE,TBD,FALSE
2022-10-20T15:50:28Z,NA,beaver_creek_usgs_temp_3,60.65107,-151.09076,US/Alaska (UTC-9 / UTC-8),"west fork beaver creek, upstream of marathon road",Beaver Creek,STREAM,MAIN,TRUE,TRUE,TBD,FALSE
